/*--------------------------------*- C++ -*----------------------------------*\
  =========                 |
  \\      /  F ield         | OpenFOAM: The Open Source CFD Toolbox
   \\    /   O peration     | Website:  https://openfoam.org
    \\  /    A nd           | Version:  13
     \\/     M anipulation  |
\*---------------------------------------------------------------------------*/
FoamFile
{
    format      ascii;
    class       vectorField;
    location    "47.7";
    object      U_all;
}
// * * * * * * * * * * * * * * * * * * * * * * * * * * * * * * * * * * * * * //


400
(
(1.100833122e-05 -3.783013857e-05 0)
(-0.0006660926172 0.0004130431624 -1.551435034e-23)
(-0.002185373609 0.0009203942762 0)
(-0.004047832104 0.001312781656 0)
(-0.005971867481 0.001535065678 6.845879482e-25)
(-0.007762782675 0.001569846607 4.150954293e-24)
(-0.009284545599 0.001423562128 -7.374334419e-24)
(-0.01043594289 0.001119723013 7.529778937e-24)
(-0.01113681618 0.0006960841608 -2.095323804e-25)
(-0.01132711261 0.0002030802878 -3.994554932e-24)
(-0.01097177263 -0.0003002314235 5.803521403e-24)
(-0.0100723271 -0.0007475158101 -5.92949734e-23)
(-0.008679879243 -0.001075563663 -6.552624901e-23)
(-0.006902852808 -0.001233045871 -7.784220982e-23)
(-0.004910738587 -0.001192639427 4.573532987e-24)
(-0.002927232633 -0.0009619203449 -4.137878243e-24)
(-0.001205299687 -0.000591210946 -1.998720723e-22)
(-1.906882556e-05 -0.0001698820994 0)
(0.0005181536499 0.0001720864136 1.509441548e-25)
(0.0002227513325 0.0003059789381 -2.550809877e-24)
(-0.0002633615671 0.0008289722824 1.382867914e-25)
(-0.002703303269 0.003383842862 1.561234453e-23)
(-0.006907275449 0.005604502331 1.555564964e-25)
(-0.01195232001 0.007008209054 -8.496087521e-25)
(-0.0171350457 0.007553777395 1.162235964e-24)
(-0.02197535521 0.007294200027 1.306985588e-23)
(-0.02611076044 0.006321893451 1.387489385e-24)
(-0.02926564641 0.004754192274 -7.281526282e-24)
(-0.03122673009 0.002737151971 1.015227002e-23)
(-0.03184201158 0.0004524072202 4.509884615e-24)
(-0.03102761729 -0.001884142888 -6.31878553e-24)
(-0.02879316886 -0.004023028301 2.96172191e-24)
(-0.02527138501 -0.005708354457 3.895499001e-23)
(-0.02073194892 -0.006707410271 -1.954745926e-24)
(-0.01558962589 -0.006854140833 3.754432113e-24)
(-0.01038513382 -0.006097464427 -9.740805532e-23)
(-0.005730272671 -0.004546186208 9.63748854e-23)
(-0.00223336781 -0.002507418618 -3.96091034e-25)
(-0.0001817767344 -0.0005023719469 4.060805221e-25)
(8.343437994e-05 0.0006099257604 0)
(-0.0004188233104 0.002935081102 -2.910302455e-25)
(-0.004647873953 0.008804016337 1.701919789e-23)
(-0.01137195921 0.01324042456 -8.284930344e-24)
(-0.0193272908 0.01579204211 -2.075675462e-25)
(-0.02747411833 0.01653000255 2.039134426e-25)
(-0.03511779041 0.01564441949 6.792970479e-27)
(-0.04171344998 0.01335997786 -1.219999984e-24)
(-0.04683571794 0.009919771056 -4.550986878e-25)
(-0.05014988933 0.005602431689 -1.063044757e-23)
(-0.05141231942 0.0007444184099 0)
(-0.05047793383 -0.004241781784 0)
(-0.04733706486 -0.008887187292 2.670973306e-23)
(-0.04215928123 -0.01268176901 2.812988032e-23)
(-0.03531437546 -0.01513605125 -1.646142298e-24)
(-0.02738996266 -0.0158618953 4.845793667e-23)
(-0.01917005856 -0.01467334152 9.41911376e-23)
(-0.0115609076 -0.01169360365 3.975534012e-23)
(-0.005465413036 -0.007450742945 4.141345963e-25)
(-0.00145110109 -0.002936043595 1.074034564e-25)
(-9.072818718e-05 0.0002258771825 0)
(-0.0005024634991 0.00604535168 -4.248741852e-23)
(-0.00640274043 0.01637075843 -1.692143699e-23)
(-0.0155350246 0.02355933778 8.211773605e-24)
(-0.02627912053 0.02744162716 0)
(-0.03728746807 0.02832102268 0)
(-0.04769037633 0.026587727 0)
(-0.05679663268 0.02263120568 -4.464893261e-26)
(-0.06405384294 0.01683609496 -2.137083319e-24)
(-0.06901081746 0.009622184684 0)
(-0.07130828065 0.001491049613 1.635343408e-24)
(-0.07070853683 -0.00693650526 2.802707734e-25)
(-0.06713039607 -0.01493019023 -2.810555251e-25)
(-0.06069905807 -0.02166728322 0)
(-0.05180750683 -0.02631605881 4.1332051e-23)
(-0.04114991739 -0.02816070969 -4.6815085e-23)
(-0.02971970241 -0.02677372313 -2.761864691e-23)
(-0.0187371673 -0.02221530587 -3.960677312e-23)
(-0.009488029524 -0.01521922242 7.795897469e-25)
(-0.00297688127 -0.007298194889 9.79049088e-23)
(-0.0002318803925 -0.000866167766 0)
(-0.0005316132469 0.01009501661 4.269402049e-23)
(-0.007983593379 0.02595219862 4.785527391e-25)
(-0.01939687621 0.03642883228 -4.676227509e-25)
(-0.03282382597 0.04185521045 0)
(-0.04664689137 0.04289485447 7.783060003e-25)
(-0.05985229819 0.04020074174 -7.675145047e-25)
(-0.07163291585 0.03434741802 3.672327897e-23)
(-0.08132751517 0.0258566424 1.848256132e-23)
(-0.08836601381 0.01527298491 6.238985652e-24)
(-0.09225469847 0.003246147967 -1.637248605e-24)
(-0.09260380074 -0.009407832705 0)
(-0.08917555755 -0.02167478166 4.370513545e-25)
(-0.08195979436 -0.03236745279 1.008977034e-23)
(-0.07126885554 -0.0402125039 -4.349232845e-23)
(-0.05782018873 -0.04402046587 1.932856972e-24)
(-0.04278583003 -0.04294829595 4.217130384e-23)
(-0.02775450397 -0.03683347126 -3.841545964e-25)
(-0.01455062403 -0.02652721108 0)
(-0.004859463039 -0.01408454542 5.436534245e-23)
(-0.0003641485785 -0.002846953261 -2.565089544e-22)
(-0.0005272206165 0.01499927727 9.841625794e-23)
(-0.009377925126 0.03739022462 -4.907850479e-25)
(-0.02288182891 0.05170223376 0)
(-0.03883043733 0.05894183574 0)
(-0.0553865702 0.06025575019 -8.732162645e-23)
(-0.07142876912 0.05661901327 -8.499126153e-23)
(-0.08606654377 0.04880168917 -4.067586807e-23)
(-0.09855086245 0.03743980596 -1.504389937e-23)
(-0.1081945342 0.02315984025 -5.369011022e-24)
(-0.1143444766 0.00670967971 -8.175048622e-24)
(-0.116404625 -0.01093292155 6.601183542e-24)
(-0.1138937439 -0.02848945122 8.826808755e-24)
(-0.1065487009 -0.04437046421 -1.892318518e-23)
(-0.09446804217 -0.05675333999 4.608110284e-24)
(-0.0782685698 -0.06378298935 0)
(-0.05922895482 -0.06393495687 -1.572812746e-23)
(-0.03933981958 -0.05653816499 -2.430783419e-26)
(-0.02114188865 -0.04235809257 0)
(-0.007318702975 -0.02398229466 -1.520659077e-22)
(-0.0005216165071 -0.00592554497 6.056293434e-22)
(-0.0004990817918 0.02064574657 -9.774576732e-23)
(-0.01052950962 0.050454383 2.831993577e-22)
(-0.02582957498 0.06912511969 1.526866141e-22)
(-0.04402138481 0.07849258296 3.619298169e-24)
(-0.06310739446 0.08029476837 -7.319360355e-23)
(-0.08190405379 0.07588043275 9.043584704e-23)
(-0.09947763933 0.06621690927 -3.590229391e-24)
(-0.1150227398 0.05201695165 -1.729178267e-24)
(-0.1277519202 0.03392358504 2.524173047e-24)
(-0.1368472629 0.01270233164 7.382679536e-24)
(-0.1414710557 -0.01058782369 -6.500927442e-24)
(-0.1408248219 -0.03446024438 -9.78824255e-24)
(-0.1342746001 -0.05692771824 -3.26173125e-23)
(-0.1215450263 -0.07553316393 -3.661564527e-23)
(-0.1029672671 -0.08754260783 5.646104379e-25)
(-0.07976369985 -0.09039209891 0)
(-0.05426682547 -0.08244513927 0)
(-0.02987160983 -0.06397736966 -2.906082991e-24)
(-0.01066285159 -0.03798794764 2.970532627e-24)
(-0.0007350936716 -0.01050089492 1.02787321e-22)
(-0.0004479166876 0.02687251302 0)
(-0.0113492327 0.06480757781 2.001982939e-22)
(-0.02801599717 0.08829617531 8.962051377e-23)
(-0.04799857459 0.1001234979 0)
(-0.06920602213 0.1027076588 1.569889941e-22)
(-0.09044373485 0.09781578968 0)
(-0.1107831711 0.0866110332 -1.428392381e-22)
(-0.1294093793 0.06983950544 6.515581341e-24)
(-0.1454771665 0.04808232275 0)
(-0.1580351846 0.02201755564 0)
(-0.1660133494 -0.00733444036 -1.374416556e-24)
(-0.16826716 -0.03838839817 -9.316826668e-25)
(-0.1637064738 -0.0688397596 1.491986884e-22)
(-0.1515208795 -0.09558275889 -4.704631597e-23)
(-0.131513458 -0.1148298675 -2.56099243e-24)
(-0.1045596093 -0.122570343 1.534749989e-24)
(-0.07309350004 -0.1155517984 -1.558959567e-24)
(-0.04135021554 -0.09283115695 0)
(-0.01525230304 -0.05740767702 3.20382385e-24)
(-0.001044309155 -0.01714714482 -1.012917161e-21)
(-0.0003744668128 0.03346304612 0)
(-0.01175006113 0.07998919041 -1.128297153e-22)
(-0.02920707983 0.1086390981 -6.191164647e-22)
(-0.05031745126 0.1232234029 -3.755314339e-22)
(-0.07296317621 0.1269097069 0)
(-0.09598960437 0.1219255671 4.119464513e-22)
(-0.1185273511 0.1096348669 1.260928559e-22)
(-0.1398146449 0.0907824605 -5.581847659e-24)
(-0.1590221582 0.06581393253 5.554220512e-24)
(-0.1751461039 0.03520881099 0)
(-0.1869560025 -0.0001967478075 2.912135896e-23)
(-0.1930172692 -0.03889754444 4.695851788e-24)
(-0.1917809957 -0.07843888661 -1.076812709e-22)
(-0.1817874475 -0.1151865394 8.004247639e-23)
(-0.1620570467 -0.1442599484 -2.419754356e-22)
(-0.1327062025 -0.1598548651 0)
(-0.09577888327 -0.1563112908 0)
(-0.05601633155 -0.1302981101 0)
(-0.02147859181 -0.08381135204 0)
(-0.001500384728 -0.02665516307 5.572132144e-22)
(-0.0002873899069 0.04016077778 0)
(-0.01169359616 0.09543611783 -3.493024224e-22)
(-0.02924438321 0.1294073668 8.932816014e-22)
(-0.05060947359 0.1469299212 3.617186406e-22)
(-0.07370082769 0.1519748713 0)
(-0.09745151278 0.1472757995 -3.862561856e-22)
(-0.1211069852 0.1344191975 -3.174435082e-23)
(-0.1440324801 0.1141393336 3.33310921e-22)
(-0.1655143252 0.08670006696 1.769476941e-22)
(-0.1846248541 0.05229123488 -4.060156841e-23)
(-0.2001325835 0.01141716107 1.656821808e-23)
(-0.210462247 -0.03471424294 -8.265262159e-24)
(-0.2137208556 -0.083765638 3.371863045e-22)
(-0.2078215525 -0.1318756371 0)
(-0.1908238558 -0.1732756163 2.420923386e-22)
(-0.1616335756 -0.2002593422 5.774802936e-24)
(-0.1211662704 -0.2040121735 -5.86092233e-24)
(-0.07384989891 -0.1772119978 1.548456704e-22)
(-0.02971786873 -0.118864234 -5.435486854e-24)
(-0.002179545256 -0.04005398766 0)
(-0.0002117195957 0.04671640071 0)
(-0.01125001023 0.1105498148 0)
(-0.02815624413 0.149735504 -5.022765177e-22)
(-0.0487447931 0.1701517648 -1.881000541e-23)
(-0.07100086694 0.1766257191 2.038381092e-23)
(-0.09399451563 0.172452655 -2.014313561e-23)
(-0.1171434304 0.1594871017 -2.316886071e-23)
(-0.1400179504 0.1384805101 -3.029827385e-22)
(-0.1621328888 0.1095160723 6.698613848e-23)
(-0.1827959034 0.07245186938 4.513183353e-23)
(-0.2009835556 0.0273492873 -4.577726242e-23)
(-0.2152270265 -0.0250869794 0)
(-0.2235562217 -0.08298351587 -7.839705519e-23)
(-0.2234632203 -0.1427257358 0)
(-0.2120679441 -0.1981820911 -3.739567304e-22)
(-0.1867434559 -0.2400773729 5.244963835e-22)
(-0.1464438314 -0.2560773445 0)
(-0.09394567804 -0.2331209533 -1.494002529e-22)
(-0.04022001034 -0.1639613679 1.937559384e-22)
(-0.003201100343 -0.05861063198 -3.41153887e-22)
(-0.0002015406964 0.05297585202 0)
(-0.01067261801 0.124817241 9.182879637e-22)
(-0.02628446569 0.1687424615 -2.440688332e-23)
(-0.04501107745 0.1916455182 9.193349046e-22)
(-0.06494597495 0.1992921097 -2.512089333e-23)
(-0.08536628552 0.1956104357 2.838847115e-23)
(-0.1059305648 0.1827886874 -2.812933148e-23)
(-0.1264924182 0.1616583529 -1.660919436e-23)
(-0.1468996837 0.1321762308 -5.260233576e-22)
(-0.1668458144 0.09389646599 -8.906635809e-24)
(-0.1857303011 0.04640576167 9.660203565e-24)
(-0.2024781673 -0.0102378495 3.313080045e-22)
(-0.2154154602 -0.0749982059 -5.82074492e-22)
(-0.2220209708 -0.1450311868 0)
(-0.21880321 -0.2146760651 8.887333496e-22)
(-0.2016257525 -0.2740016458 -4.940895886e-22)
(-0.1668639196 -0.3075811993 -1.572226112e-23)
(-0.1140220098 -0.2953811944 0)
(-0.05288482044 -0.2195802601 -1.890192933e-22)
(-0.004749188192 -0.08377278037 3.360596491e-22)
(-0.0003641984791 0.05902317859 1.551011912e-23)
(-0.01049573877 0.1379881523 -8.764206803e-22)
(-0.02441389399 0.1856804131 -1.157060232e-21)
(-0.04026724302 0.2101384787 -8.628997347e-22)
(-0.05630729528 0.218234895 0)
(-0.07214856484 0.2146190306 3.513808636e-23)
(-0.08779221525 0.2018791986 -7.294873132e-23)
(-0.1034562778 0.1810005632 5.867889498e-23)
(-0.1193983856 0.1518997254 3.021369233e-22)
(-0.1357931528 0.1139150571 -1.128196561e-23)
(-0.1526082301 0.06621424878 0)
(-0.1694521355 0.008177202 -3.603932345e-22)
(-0.185276058 -0.06015987888 7.515673267e-22)
(-0.1980448502 -0.1372747034 8.831709679e-22)
(-0.2043546253 -0.2189261913 -5.29663239e-22)
(-0.1990977606 -0.295971294 5.162694653e-22)
(-0.1760605328 -0.3514072618 1.078235774e-23)
(-0.1300890632 -0.3584150812 -1.09555086e-23)
(-0.06688803317 -0.2843276534 -8.215242096e-23)
(-0.007083319943 -0.1169964427 0)
(-0.0009095775394 0.065400416 -1.911488481e-23)
(-0.01167591652 0.1502816428 -1.326966617e-21)
(-0.02388881927 0.2000659583 1.094238554e-21)
(-0.03601340247 0.2244216993 6.734935773e-22)
(-0.04657308574 0.2316588273 6.014636855e-22)
(-0.05577038335 0.2272393726 6.643962362e-22)
(-0.06411245553 0.2141774903 -4.458680925e-23)
(-0.07227561409 0.1936494402 -3.461339495e-22)
(-0.08096972683 0.165602833 2.152163764e-22)
(-0.09087192036 0.129270736 0)
(-0.1025547423 0.08353082443 0)
(-0.1163622127 0.02720010638 2.655398191e-22)
(-0.1321589531 -0.04062006134 8.194326031e-23)
(-0.1489252292 -0.1200128322 -2.821625742e-22)
(-0.164128426 -0.2089300704 -5.411274793e-23)
(-0.1727877604 -0.3006992522 1.301952111e-22)
(-0.1670311295 -0.3793329119 -3.400509397e-22)
(-0.1365292435 -0.4136451988 -1.593806676e-23)
(-0.08018250132 -0.353832622 8.204014877e-23)
(-0.01050762292 -0.1594130577 -6.032153544e-22)
(-0.002260498196 0.07348883536 0)
(-0.01580355589 0.1626521784 2.145876158e-21)
(-0.02665042477 0.2117904754 0)
(-0.03422339456 0.2333947289 -1.351808961e-21)
(-0.03759398305 0.2377766844 6.184052942e-23)
(-0.03799685042 0.2312553541 -6.193099656e-22)
(-0.03668265683 0.2171899029 -4.756287498e-22)
(-0.03489036112 0.1968934508 8.301260184e-22)
(-0.0337883768 0.1703342395 -1.885699196e-22)
(-0.03449876209 0.1367221083 0)
(-0.03811572487 0.09479673646 0)
(-0.04564992207 0.0430428657 2.410615942e-23)
(-0.05790804088 -0.02013781267 -6.00720128e-22)
(-0.07514598353 -0.0962065026 -4.309569109e-22)
(-0.09645174827 -0.1855556178 4.637864788e-22)
(-0.1183462604 -0.2853567777 -6.488740016e-22)
(-0.1332715373 -0.3838386542 9.119949849e-23)
(-0.1265350983 -0.4504358723 2.937289537e-23)
(-0.08899154067 -0.4198536385 5.660441587e-22)
(-0.01526917929 -0.2111719737 6.020786297e-22)
(-0.005180899201 0.08598045976 0)
(-0.02525550644 0.1766291197 1.465579432e-22)
(-0.03483407923 0.2205961565 -4.917147497e-23)
(-0.0364001377 0.2354859359 7.642935529e-22)
(-0.03018482861 0.2343406761 -7.005382618e-22)
(-0.0191657918 0.2241603891 4.746483699e-23)
(-0.005615147423 0.2083525853 -1.018610315e-22)
(0.008569610605 0.1881241097 -3.38989054e-22)
(0.02179886435 0.1633911278 2.062823771e-22)
(0.03262781701 0.1333242737 0)
(0.03958458765 0.09664086207 0)
(0.04117013456 0.05174056441 -2.90266882e-22)
(0.0357848402 -0.003255398009 0)
(0.02198184877 -0.07058360868 -5.512189172e-22)
(-0.001264844234 -0.152573551 -1.49237723e-23)
(-0.03310469723 -0.2505949849 2.559742958e-23)
(-0.06909235691 -0.3599341519 2.203145908e-22)
(-0.09227826921 -0.457542453 4.788069492e-24)
(-0.08718089889 -0.4698129419 -5.789409872e-22)
(-0.02103127144 -0.2698972299 0)
(-0.01111631533 0.1085974979 0)
(-0.04248901815 0.1947151677 -8.84848336e-22)
(-0.04795528881 0.2258195516 -5.4110422e-22)
(-0.0391953589 0.2282135564 4.543819116e-22)
(-0.01877830167 0.2182328142 -1.709983331e-24)
(0.007664315937 0.202822036 -4.561052255e-23)
(0.03667993645 0.1847619772 5.696685215e-22)
(0.06582998841 0.1647118218 -2.766891818e-23)
(0.0932713113 0.142312818 -2.069782657e-22)
(0.1173891628 0.116627494 3.142214877e-23)
(0.1365461704 0.08641143886 -3.425918509e-23)
(0.1489669282 0.05017669014 -3.690595446e-23)
(0.1525275794 0.006159166727 3.205634719e-22)
(0.1449367043 -0.04796127047 6.119608581e-22)
(0.1235159802 -0.115305291 -5.101173876e-22)
(0.08633533523 -0.200419565 -1.616060013e-22)
(0.03199089367 -0.3067806591 1.531306287e-22)
(-0.02362123103 -0.4239837146 7.293651134e-23)
(-0.06492413032 -0.487161279 1.913291421e-21)
(-0.025099717 -0.3291544745 2.954991245e-21)
(-0.02004680507 0.1460727413 -4.390209031e-23)
(-0.06416406257 0.2112955857 4.41738179e-23)
(-0.05070230535 0.2177300482 1.000189009e-21)
(-0.0193409732 0.2014679989 -8.270566576e-24)
(0.02414465009 0.1809076185 0)
(0.07154122196 0.1606933353 4.363724877e-23)
(0.1190703424 0.1416495496 -2.273853273e-22)
(0.1644767352 0.1233181822 -9.027962442e-23)
(0.2062251178 0.1048117292 3.680736598e-23)
(0.242964304 0.08507140056 -1.701655686e-23)
(0.2732207594 0.06296147643 3.429971819e-23)
(0.2952536122 0.0372629379 -6.59268398e-23)
(0.3066971073 0.006535067894 -9.303908658e-23)
(0.3049738324 -0.03087770068 1.517044919e-22)
(0.2863936259 -0.07786290984 0)
(0.2470568092 -0.139930037 1.505613243e-22)
(0.1810922242 -0.2266299752 2.560013751e-22)
(0.09604450286 -0.3443894948 0)
(-0.006697615697 -0.4552210219 -3.675634509e-21)
(-0.01922408199 -0.3777537589 -2.892620725e-21)
(-0.02591951434 0.2276828811 -9.514205542e-22)
(-0.03998324731 0.2238216535 -1.388976872e-22)
(0.03656136873 0.1810585363 -2.335582976e-22)
(0.1090503044 0.1451059092 -1.193742737e-22)
(0.1817191197 0.1172445495 -4.295828912e-23)
(0.2490090742 0.09627907633 9.783190001e-23)
(0.3100336716 0.08002510416 -1.408593362e-22)
(0.3646209349 0.06656815329 1.297176184e-22)
(0.412625251 0.05449178874 -8.620125715e-23)
(0.4536250316 0.042708949 1.13218941e-25)
(0.4867878739 0.03032298389 1.527742503e-23)
(0.5107451379 0.01652901828 7.997208717e-23)
(0.5236597469 0.0005365140984 -1.811124727e-22)
(0.5231798024 -0.01863373271 -1.617147057e-22)
(0.5052323429 -0.04286478971 -4.262959185e-23)
(0.4658715088 -0.07633231191 0)
(0.3952696502 -0.1286089384 -1.846476542e-22)
(0.2916071051 -0.2208468098 8.14876254e-22)
(0.1197455107 -0.3525016903 1.631601443e-21)
(0.02670547262 -0.3775497979 2.172655843e-21)
(0.2142894463 0.1347447213 9.864990615e-22)
(0.2776311173 0.09870503637 0)
(0.431659228 0.05810414859 -2.594322019e-22)
(0.5304749338 0.03846264962 -1.741667723e-22)
(0.6016965748 0.0262341911 0)
(0.6571198961 0.01831923463 -6.009097712e-23)
(0.701521361 0.01313600833 6.378007302e-23)
(0.737604251 0.0095421262 -1.800157975e-23)
(0.7669368426 0.006804463452 2.885976344e-23)
(0.7902106694 0.004464743728 2.315034632e-23)
(0.8074555018 0.002221319677 0)
(0.8182621361 -0.0001500751423 -2.873034383e-23)
(0.821649972 -0.00272384842 0)
(0.81623942 -0.005712668731 2.738153454e-23)
(0.799133315 -0.009611382859 1.421694225e-23)
(0.7679986346 -0.01500255105 -5.799401442e-23)
(0.7106555756 -0.02502519951 -2.535660421e-22)
(0.6235183981 -0.04204285405 -6.918101064e-22)
(0.423009102 -0.09182968079 0)
(0.2705674689 -0.1524021841 -2.119483709e-21)
)


// ************************************************************************* //
