/*--------------------------------*- C++ -*----------------------------------*\
  =========                 |
  \\      /  F ield         | OpenFOAM: The Open Source CFD Toolbox
   \\    /   O peration     | Website:  https://openfoam.org
    \\  /    A nd           | Version:  13
     \\/     M anipulation  |
\*---------------------------------------------------------------------------*/
FoamFile
{
    format      ascii;
    class       vectorField;
    location    "18.83";
    object      U_all;
}
// * * * * * * * * * * * * * * * * * * * * * * * * * * * * * * * * * * * * * //


400
(
(1.080440896e-05 -3.776684251e-05 0)
(-0.0006660136196 0.000412881046 -1.54238721e-23)
(-0.002184220771 0.0009198605389 0)
(-0.004045395903 0.001311942937 0)
(-0.005968105477 0.001534055635 6.818369006e-25)
(-0.007757835418 0.001568811652 4.15136804e-24)
(-0.009278677508 0.001422640228 -7.281365233e-24)
(-0.01042950597 0.001119026691 7.628234593e-24)
(-0.01113022024 0.0006956874489 -2.103637496e-25)
(-0.01132078644 0.0002030058512 -4.007542642e-24)
(-0.01096613435 -0.0003000068391 5.818283315e-24)
(-0.01006773873 -0.0007470742778 -5.942037616e-23)
(-0.008676589851 -0.001075023922 -6.566692576e-23)
(-0.00690096404 -0.001232546063 -7.79977041e-23)
(-0.004910174599 -0.001192307805 4.584223808e-24)
(-0.002927731106 -0.0009618450308 -4.150011383e-24)
(-0.001206456349 -0.0005914100775 -2.007567049e-22)
(-2.032609657e-05 -0.0001702813924 0)
(0.0005172527192 0.0001716003071 1.552091645e-25)
(0.0002225202446 0.0003056594345 -3.111588417e-24)
(-0.0002632461491 0.0008285437162 1.387484217e-25)
(-0.002701497243 0.003381625653 1.552061135e-23)
(-0.006902305362 0.005600539097 1.541834678e-25)
(-0.01194355345 0.007003155288 -8.453562023e-25)
(-0.01712245749 0.007548372048 1.15562656e-24)
(-0.02195937751 0.007289138771 1.298221178e-23)
(-0.02609215768 0.006317765737 1.476481436e-24)
(-0.02924540963 0.004751441164 -7.377533371e-24)
(-0.0312059868 0.002736037794 1.020420645e-23)
(-0.0318219148 0.0004529713683 4.524857828e-24)
(-0.03100927104 -0.001881991723 -6.33487346e-24)
(-0.0287775251 -0.004019674857 2.955152966e-24)
(-0.02525910812 -0.005704337795 3.902295147e-23)
(-0.02072334761 -0.006703367692 -1.960267571e-24)
(-0.01558458973 -0.006850712633 3.76623108e-24)
(-0.01038312355 -0.006095175442 -9.785895187e-23)
(-0.005730386417 -0.004545322014 9.68445779e-23)
(-0.002234455787 -0.002507891571 -4.045515668e-25)
(-0.0001827806381 -0.0005036893301 4.147543312e-25)
(8.328622666e-05 0.0006088780105 0)
(-0.0004184691847 0.002933101147 -2.912718455e-25)
(-0.004644158864 0.008797480258 1.706395895e-23)
(-0.01136283823 0.01323032942 -8.211558918e-24)
(-0.01931189858 0.01578002649 -2.057394178e-25)
(-0.02745252862 0.01651770888 2.021174581e-25)
(-0.03509073235 0.01563330409 9.370590474e-27)
(-0.04168214004 0.013351225 -1.306017508e-24)
(-0.04680170428 0.009914241293 -4.609314986e-25)
(-0.05011491583 0.005600620519 -1.068491232e-23)
(-0.05137806997 0.0007464304317 0)
(-0.05044607654 -0.004236349937 0)
(-0.04730911462 -0.008879048608 2.678288635e-23)
(-0.04213627622 -0.0126719866 2.82054986e-23)
(-0.03529689016 -0.01512591137 -1.652072888e-24)
(-0.02737801309 -0.01585273801 4.867368069e-23)
(-0.01916307472 -0.01466634504 9.462881937e-23)
(-0.01155779545 -0.01168953679 4.026564319e-23)
(-0.005464702446 -0.007449705239 4.312937782e-25)
(-0.001451388182 -0.002937246268 9.833939154e-26)
(-9.072984149e-05 0.0002243472872 0)
(-0.0005019823645 0.006040773564 -4.248695534e-23)
(-0.006397306493 0.01635790079 -1.696584007e-23)
(-0.01552206877 0.0235407728 8.138285184e-24)
(-0.02625760513 0.02742033762 0)
(-0.03725758713 0.0282997748 0)
(-0.04765312156 0.02656887155 0)
(-0.05675358019 0.02261659623 -4.781525562e-26)
(-0.06400695087 0.01682704276 -2.073866831e-24)
(-0.06896224333 0.009619420398 0)
(-0.07126031465 0.001494699967 1.654238564e-24)
(-0.07066329103 -0.006927058401 2.8149869e-25)
(-0.06708967043 -0.01491604778 -2.82286879e-25)
(-0.06066434157 -0.02165008611 0)
(-0.05177975647 -0.02629782182 4.154274655e-23)
(-0.0411294612 -0.0281435946 -4.702493025e-23)
(-0.02970617774 -0.02675973181 -2.787956243e-23)
(-0.01872953692 -0.02220589835 -4.01257302e-23)
(-0.009484703773 -0.01521489243 7.789826295e-25)
(-0.002976141744 -0.007298079311 9.724769775e-23)
(-0.00023178783 -0.0008676477669 0)
(-0.0005311031643 0.0100869744 4.26936812e-23)
(-0.007976868449 0.025931348 4.775350594e-25)
(-0.019380924 0.03639988798 -4.66628365e-25)
(-0.03279745823 0.04182279756 0)
(-0.04661038134 0.04286301238 7.757330836e-25)
(-0.05980681669 0.04017278123 -7.649773138e-25)
(-0.07158027378 0.03432588125 3.659672353e-23)
(-0.08126993387 0.02584328686 1.83440163e-23)
(-0.08830593433 0.01526875952 6.192999995e-24)
(-0.09219465275 0.003251169039 -1.656165768e-24)
(-0.09254621914 -0.009394208015 0)
(-0.08912264209 -0.02165404921 4.402019456e-25)
(-0.08191342762 -0.03234179369 1.020998511e-23)
(-0.07123044261 -0.04018464461 -4.371722983e-23)
(-0.05779052228 -0.04399343358 1.948049611e-24)
(-0.04276496109 -0.04292504823 4.270521816e-23)
(-0.02774166116 -0.03681638542 -3.928793719e-25)
(-0.0145442381 -0.0265174668 0)
(-0.004857473494 -0.014081523 5.431046589e-23)
(-0.0003639317966 -0.002847694006 -2.557292839e-22)
(-0.0005267682796 0.01498718948 9.832362137e-23)
(-0.009370514199 0.03736028859 -4.902456442e-25)
(-0.0228641574 0.05166167644 0)
(-0.03880117983 0.0588971184 0)
(-0.05534599912 0.06021225944 -8.720094824e-23)
(-0.07137811148 0.05658102749 -8.48466703e-23)
(-0.08600768706 0.04877241901 -4.053607263e-23)
(-0.09848610568 0.03742143627 -1.496910575e-23)
(-0.1081264004 0.02315355122 -5.328103964e-24)
(-0.1142755815 0.006715657967 -8.142406999e-24)
(-0.1163375438 -0.01091543859 6.564552336e-24)
(-0.1138309088 -0.02846218551 8.756433505e-24)
(-0.1064923163 -0.04433598899 -1.889194667e-23)
(-0.0944199601 -0.05671497265 4.306783066e-24)
(-0.07823012859 -0.06374457065 0)
(-0.05920078052 -0.06390047062 -1.601793498e-23)
(-0.03932161482 -0.05651113547 -1.462847476e-26)
(-0.02113229146 -0.04234076155 0)
(-0.00731540483 -0.02397473892 -1.513465944e-22)
(-0.0005212796005 -0.005924934054 6.039881036e-22)
(-0.0004987584418 0.02062941035 -9.765383922e-23)
(-0.01052215345 0.0504150282 2.829731482e-22)
(-0.02581181218 0.06907259786 1.525587755e-22)
(-0.04399177225 0.07843524431 3.615183215e-24)
(-0.06306612082 0.08023933981 -7.313370058e-23)
(-0.08185227615 0.07583211481 9.028085172e-23)
(-0.09941716841 0.06617952064 -3.584230203e-24)
(-0.1149557782 0.05199305101 -1.725083308e-24)
(-0.1276808782 0.03391455626 2.517831713e-24)
(-0.1367746364 0.01270844617 7.352261622e-24)
(-0.1413993468 -0.01056734537 -6.466143665e-24)
(-0.1407564643 -0.03442723349 -9.710714097e-24)
(-0.1342119112 -0.05688495492 -3.258651486e-23)
(-0.1214901488 -0.07548434556 -3.610121268e-23)
(-0.1029220205 -0.08749221035 5.540579427e-25)
(-0.07972935036 -0.09034507252 0)
(-0.05424374949 -0.08240630561 0)
(-0.02985892827 -0.06395042841 -2.893790799e-24)
(-0.01065824445 -0.03797422507 2.957967965e-24)
(-0.0007346531604 -0.0104982266 1.027049977e-22)
(-0.0004477822958 0.02685218302 0)
(-0.01134275659 0.06475936207 2.000607809e-22)
(-0.02799998819 0.08823237131 8.956056208e-23)
(-0.04797151759 0.1000542403 0)
(-0.06916796042 0.1026409345 1.568124196e-22)
(-0.09039565578 0.09775764012 0)
(-0.1107266899 0.08656579944 -1.42653257e-22)
(-0.1293464663 0.06981003831 6.50559469e-24)
(-0.1454099559 0.04807014504 0)
(-0.1579658527 0.02202298649 0)
(-0.1659440827 -0.007312186242 -1.370961086e-24)
(-0.1682000796 -0.03835109536 -9.281990684e-25)
(-0.1636436489 -0.06879022746 1.487397632e-22)
(-0.1514644017 -0.0955247956 -4.700353843e-23)
(-0.1314653605 -0.1147682534 -2.547623848e-24)
(-0.1045216932 -0.1225107193 1.522131725e-24)
(-0.07306694303 -0.1155002276 -1.546142325e-24)
(-0.04133497217 -0.09279310066 0)
(-0.01524647452 -0.05738633933 3.196429172e-24)
(-0.001043767261 -0.01714172953 -1.010946769e-21)
(-0.0003745667949 0.03343945843 0)
(-0.01174528799 0.07993361675 -1.12730283e-22)
(-0.02919469908 0.1085657953 -6.186546929e-22)
(-0.05029595181 0.1231440315 -3.752351828e-22)
(-0.07293242807 0.1268333718 0)
(-0.09595036696 0.1218590503 4.115351779e-22)
(-0.1184809765 0.1095829355 1.25928514e-22)
(-0.1397627934 0.09074815285 -5.574124036e-24)
(-0.1589665863 0.06579879926 5.546535132e-24)
(-0.1750885225 0.03521312081 0)
(-0.1868979609 -0.0001738336645 2.907960254e-23)
(-0.1929602393 -0.03885779751 4.686650948e-24)
(-0.1917264359 -0.07838501503 -1.074145846e-22)
(-0.1817368774 -0.1151221354 7.979420228e-23)
(-0.1620122296 -0.1441896296 -2.413873926e-22)
(-0.1326691267 -0.1597844231 0)
(-0.09575145999 -0.1562476231 0)
(-0.05599965758 -0.1302484628 0)
(-0.02147179659 -0.08378139898 0)
(-0.001499744726 -0.0266463772 5.561946472e-22)
(-0.0002877458186 0.04013511346 0)
(-0.0116912341 0.09537557518 -3.490536569e-22)
(-0.02923729825 0.129327397 8.926591725e-22)
(-0.05059625779 0.1468433122 3.61432541e-22)
(-0.07368117742 0.1518916513 0)
(-0.09742592928 0.1472033823 -3.858719037e-22)
(-0.121076521 0.1343626818 -3.171150021e-23)
(-0.1439984456 0.1141018278 3.329730248e-22)
(-0.1654780361 0.08668299508 1.767603644e-22)
(-0.1845874402 0.05229463587 -4.055782323e-23)
(-0.2000948708 0.01143997317 1.655883989e-23)
(-0.2104247814 -0.03467395103 -8.253603104e-24)
(-0.2136840137 -0.08371044304 3.367710565e-22)
(-0.2077857977 -0.1318087014 0)
(-0.1907900983 -0.1732009021 2.415040104e-22)
(-0.1616034175 -0.2001820484 5.757165081e-24)
(-0.1211419775 -0.2039392162 -5.843021507e-24)
(-0.07383375575 -0.1771519274 1.54288183e-22)
(-0.02971064114 -0.1188255005 -5.418989912e-24)
(-0.002178821423 -0.04004138336 0)
(-0.000212322371 0.04669018471 0)
(-0.01125054147 0.110487399 0)
(-0.02815567084 0.1496525589 -5.019374528e-22)
(-0.04874191723 0.1700616852 -1.879733279e-23)
(-0.0709952185 0.1765392097 2.036757742e-23)
(-0.09398630167 0.1723776434 -2.012709363e-23)
(-0.1171333542 0.1594289324 -2.314753091e-23)
(-0.1400069305 0.1384422551 -3.026733123e-22)
(-0.1621217679 0.1094988659 6.695822366e-23)
(-0.1827852004 0.07245530193 4.508263621e-23)
(-0.2009733039 0.02737181543 -4.572601887e-23)
(-0.2152167875 -0.02504759704 0)
(-0.2235451587 -0.08292997355 -7.82208603e-23)
(-0.2234504281 -0.142660697 0)
(-0.2120530015 -0.1981085099 -3.735374199e-22)
(-0.1867269305 -0.2399991174 5.237589152e-22)
(-0.1464276573 -0.2560002538 0)
(-0.09393289206 -0.233053785 -1.488593614e-22)
(-0.04021327121 -0.1639149939 1.931969351e-22)
(-0.003200331744 -0.05859411031 -3.405973848e-22)
(-0.0002023523273 0.05295079603 0)
(-0.01067622106 0.1247564712 9.177772818e-22)
(-0.0262909733 0.1686607768 -2.439246191e-23)
(-0.0450195963 0.1915562985 9.187993784e-22)
(-0.06495585973 0.1992064229 -2.510461493e-23)
(-0.08537736774 0.1955365764 2.836722134e-23)
(-0.1059430781 0.1827321666 -2.810827553e-23)
(-0.1265067776 0.161622138 -1.659586163e-23)
(-0.1469161875 0.1321610547 -5.256058985e-22)
(-0.1668643633 0.09390131485 -8.899462147e-24)
(-0.1857502155 0.04642837424 9.652592307e-24)
(-0.2024983099 -0.010200383 3.310870059e-22)
(-0.2154339643 -0.07494861424 -5.816268516e-22)
(-0.2220356021 -0.1449719432 0)
(-0.218812161 -0.2146091125 8.879311612e-22)
(-0.2016281444 -0.2739291042 -4.933965439e-22)
(-0.1668605952 -0.3075068192 -1.570022871e-23)
(-0.1140158385 -0.2953124285 0)
(-0.0528798887 -0.219529076 -1.884697152e-22)
(-0.00474845719 -0.08375280989 3.355128167e-22)
(-0.0003651624861 0.05900099218 1.550172394e-23)
(-0.01050226402 0.1379326185 -8.75933431e-22)
(-0.02442731054 0.1856043628 -1.15649626e-21)
(-0.04028703375 0.2100545813 -8.623973133e-22)
(-0.05633261156 0.2181541814 0)
(-0.07217873223 0.2145499551 3.511558306e-23)
(-0.0878267923 0.2018273482 -7.290115779e-23)
(-0.1034949812 0.1809688032 5.863990272e-23)
(-0.1194408396 0.1518883793 3.019163941e-22)
(-0.1358386537 0.1139225391 -1.12745675e-23)
(-0.1526556406 0.06623759714 0)
(-0.1694995938 0.008212820017 -3.601493621e-22)
(-0.1853212603 -0.0601151924 7.511410724e-22)
(-0.1980851943 -0.1372235072 8.827385022e-22)
(-0.204387264 -0.218869742 -5.292578194e-22)
(-0.1991204527 -0.2959100798 5.15939054e-22)
(-0.1760725931 -0.3513424633 1.07635977e-23)
(-0.1300921306 -0.358351486 -1.093644745e-23)
(-0.0668863996 -0.2842761602 -8.262918413e-23)
(-0.00708277242 -0.1169742445 0)
(-0.0009106290051 0.06538261824 -1.910588433e-23)
(-0.01168489638 0.1502346401 -1.326411886e-21)
(-0.02390822311 0.199999626 1.09370789e-21)
(-0.03604313916 0.2243472769 6.732059359e-22)
(-0.0466120852 0.2315868147 6.011945058e-22)
(-0.05581733253 0.2271780794 6.640769464e-22)
(-0.06416598467 0.2141324328 -4.45620189e-23)
(-0.07233451831 0.1936234682 -3.459591118e-22)
(-0.08103277873 0.1655959453 2.151090334e-22)
(-0.09093768779 0.1292810407 0)
(-0.1026216988 0.08355495045 0)
(-0.1164285105 0.02723402381 2.654369197e-22)
(-0.1322224725 -0.0405802712 8.197620663e-23)
(-0.1489834704 -0.1199700255 -2.81944939e-22)
(-0.1641785205 -0.2088853636 -5.409047607e-23)
(-0.1728268356 -0.3006521935 1.302538929e-22)
(-0.1670572421 -0.3792824572 -3.39805812e-22)
(-0.1365421596 -0.4135929921 -1.61439078e-23)
(-0.08018526808 -0.3537862376 8.251626006e-23)
(-0.01050746414 -0.1593906052 -6.035324799e-22)
(-0.002261550138 0.07347657296 0)
(-0.01581416411 0.1626163215 2.145038399e-21)
(-0.02667409277 0.2117372034 0)
(-0.03426050007 0.2333331849 -1.35129411e-21)
(-0.03764329282 0.237716275 6.187229127e-23)
(-0.03805640448 0.231203823 -6.190109906e-22)
(-0.03674996482 0.2171524412 -4.754227939e-22)
(-0.03496320428 0.1968733248 8.297378242e-22)
(-0.03386462944 0.1703309357 -1.884748387e-22)
(-0.03457614194 0.1367338999 0)
(-0.03819240335 0.09482031367 0)
(-0.04572418661 0.04307415687 2.41227108e-23)
(-0.05797843355 -0.02010278686 -6.005140164e-22)
(-0.07521082477 -0.0961712035 -4.308113803e-22)
(-0.09650899036 -0.1855214679 4.636912952e-22)
(-0.1183933895 -0.2853233123 -6.486077922e-22)
(-0.1333063765 -0.3838036617 9.109074604e-23)
(-0.1265556432 -0.4503988843 2.958850688e-23)
(-0.08899863977 -0.4198172021 5.661449215e-22)
(-0.01526958173 -0.2111517623 6.023951571e-22)
(-0.005181803199 0.08597428763 0)
(-0.02526637323 0.176605905 1.465837248e-22)
(-0.03485918268 0.2205580941 -4.915668733e-23)
(-0.03644038936 0.23543957 7.640336856e-22)
(-0.03023906851 0.2342937862 -7.002829302e-22)
(-0.01923171094 0.2241197462 4.744706948e-23)
(-0.005688820915 0.2083230213 -1.018488723e-22)
(0.008490860587 0.1881082491 -3.388413146e-22)
(0.02171755238 0.1633892911 2.06208141e-22)
(0.03254749014 0.1333350535 0)
(0.03950730706 0.09666143262 0)
(0.04109757466 0.05176725828 -2.901803225e-22)
(0.03571754794 -0.003226517269 0)
(0.02192065136 -0.07055528389 -5.511374497e-22)
(-0.001318897571 -0.152547943 -1.487984581e-23)
(-0.03315019298 -0.2505722626 2.559180126e-23)
(-0.06912870484 -0.3599122432 2.201849845e-22)
(-0.09230206675 -0.4575210973 4.792855997e-24)
(-0.08719057833 -0.469789016 -5.790517007e-22)
(-0.02103228303 -0.2698816119 0)
(-0.01111679411 0.1085969366 0)
(-0.04249790387 0.1947042057 -8.846135378e-22)
(-0.04797728075 0.2257968449 -5.410068759e-22)
(-0.03923202509 0.2281828528 4.542986622e-22)
(-0.01882902084 0.2181999503 -1.710974791e-24)
(0.007601724707 0.2027923646 -4.559870619e-23)
(0.03660904855 0.1847398166 5.694762147e-22)
(0.06575426364 0.1646989616 -2.765946969e-23)
(0.09319412196 0.1423106034 -2.069025173e-22)
(0.1173138993 0.1166350637 3.141261206e-23)
(0.1364752033 0.0864268063 -3.425020627e-23)
(0.1489018128 0.05019710333 -3.689861986e-23)
(0.1524695748 0.006181627277 3.20510895e-22)
(0.1448862006 -0.04793974358 6.118732571e-22)
(0.12347242 -0.1152868918 -5.100599384e-22)
(0.08629943483 -0.2004051324 -1.616098078e-22)
(0.03195950005 -0.3067695082 1.531043703e-22)
(-0.02364367433 -0.4239724989 7.293712094e-23)
(-0.06493325486 -0.4871485233 1.913257839e-21)
(-0.02510097276 -0.329144495 2.954953418e-21)
(-0.02004647808 0.146075718 -4.389612734e-23)
(-0.06416815286 0.2112937135 4.416781743e-23)
(-0.05071542769 0.2177201053 1.000047916e-21)
(-0.01936554301 0.2014513002 -8.242379168e-24)
(0.02410787997 0.1808877575 0)
(0.0714932223 0.1606741339 4.362665045e-23)
(0.1190138281 0.1416342307 -2.273200952e-22)
(0.1644148711 0.1233086007 -9.025189548e-23)
(0.2061612703 0.1048089591 3.679558614e-23)
(0.2429018253 0.08507519792 -1.701139224e-23)
(0.2731623878 0.06297069607 3.429072876e-23)
(0.295201583 0.03727577534 -6.591317026e-23)
(0.3066518288 0.006549439973 -9.302106772e-23)
(0.3049356624 -0.03086386846 1.516904549e-22)
(0.286362579 -0.07785144182 0)
(0.2470320813 -0.1399221228 1.505680516e-22)
(0.1810722061 -0.2266263874 2.559901598e-22)
(0.09602954532 -0.3443850786 0)
(-0.006705264427 -0.4552163124 -3.675564037e-21)
(-0.01922533428 -0.3777493973 -2.892583215e-21)
(-0.02591859154 0.2276860091 -9.513863192e-22)
(-0.03998178599 0.2238238093 -1.388860257e-22)
(0.03655973696 0.1810566289 -2.335241393e-22)
(0.1090420801 0.145099951 -1.193524922e-22)
(0.1817022182 0.1172359684 -4.295426999e-23)
(0.2489829607 0.09626999363 9.78127197e-23)
(0.3099995397 0.08001735431 -1.408227766e-22)
(0.3645810181 0.06656297126 1.29678779e-22)
(0.4125823418 0.0544898883 -8.617390744e-23)
(0.453582125 0.04271035881 1.132096837e-25)
(0.4867476332 0.03032717488 1.527383388e-23)
(0.5107096164 0.01653508112 7.995548331e-23)
(0.5236304554 0.0005429547112 -1.810853203e-22)
(0.5231574906 -0.01862747306 -1.617005438e-22)
(0.5052159539 -0.04285974146 -4.262677176e-23)
(0.4658599803 -0.07632914754 0)
(0.3952613027 -0.1286079537 -1.846249026e-22)
(0.2916008166 -0.2208465307 8.148512788e-22)
(0.1197416993 -0.352501431 1.631564183e-21)
(0.02670450824 -0.3775492293 2.172636228e-21)
(0.2142904048 0.1347456607 9.864612291e-22)
(0.2776341029 0.0987062405 0)
(0.431662557 0.05810471269 -2.594119954e-22)
(0.5304763153 0.03846245625 -1.741536609e-22)
(0.6016940515 0.02623342933 0)
(0.6571125517 0.01831827081 -6.007996211e-23)
(0.7015094685 0.01313518409 6.376288181e-23)
(0.7375889527 0.009541677347 -1.799541821e-23)
(0.7669197757 0.006804526752 2.885005983e-23)
(0.7901936501 0.004465317418 2.314297895e-23)
(0.8074401786 0.00222229717 0)
(0.8182497086 -0.0001488496992 -2.872394935e-23)
(0.8216411345 -0.002722562991 0)
(0.8162343027 -0.00571170151 2.737785145e-23)
(0.7991311464 -0.009610814659 1.421788527e-23)
(0.7679984264 -0.01500239986 -5.799150306e-23)
(0.7106561182 -0.0250254544 -2.535522601e-22)
(0.6235187446 -0.04204315284 -6.917905545e-22)
(0.4230090653 -0.09182998944 0)
(0.2705673768 -0.1524023238 -2.119464563e-21)
)


// ************************************************************************* //
