/*--------------------------------*- C++ -*----------------------------------*\
  =========                 |
  \\      /  F ield         | OpenFOAM: The Open Source CFD Toolbox
   \\    /   O peration     | Website:  https://openfoam.org
    \\  /    A nd           | Version:  13
     \\/     M anipulation  |
\*---------------------------------------------------------------------------*/
FoamFile
{
    format      ascii;
    class       vectorField;
    location    "45.34";
    object      U_all;
}
// * * * * * * * * * * * * * * * * * * * * * * * * * * * * * * * * * * * * * //


400
(
(1.100765322e-05 -3.783074529e-05 0)
(-0.0006660931227 0.0004130427741 -1.551378587e-23)
(-0.002185373863 0.0009203939702 0)
(-0.004047833219 0.001312782303 0)
(-0.005971868544 0.001535067189 6.845669804e-25)
(-0.007762781989 0.00156984739 4.151057587e-24)
(-0.00928454324 0.001423560771 -7.374331781e-24)
(-0.01043594096 0.001119719971 7.529868245e-24)
(-0.01113681673 0.0006960814836 -2.095296215e-25)
(-0.0113271154 0.000203079695 -3.994522341e-24)
(-0.01097177557 -0.0003002297077 5.803540341e-24)
(-0.01007232823 -0.0007475133916 -5.929589078e-23)
(-0.008679878073 -0.00107556223 -6.552705082e-23)
(-0.006902850483 -0.001233046042 -7.784251952e-23)
(-0.004910736647 -0.001192640626 4.573531577e-24)
(-0.002927231634 -0.0009619215909 -4.137873861e-24)
(-0.00120529901 -0.0005912117065 -1.998724188e-22)
(-1.906789606e-05 -0.0001698824837 0)
(0.0005181544021 0.0001720859268 1.509489388e-25)
(0.0002227515184 0.0003059787728 -2.55146758e-24)
(-0.0002633620375 0.0008289716575 1.382918331e-25)
(-0.002703303592 0.003383842205 1.561176717e-23)
(-0.006907274788 0.00560450099 1.555501231e-25)
(-0.01195231942 0.007008208749 -8.496130658e-25)
(-0.01713504679 0.007553779261 1.162226165e-24)
(-0.02197535749 0.00729420262 1.306910993e-23)
(-0.02611076179 0.006321894101 1.388244263e-24)
(-0.02926564542 0.004754189936 -7.281578823e-24)
(-0.03122672767 0.002737148437 1.015249908e-23)
(-0.03184200957 0.0004524054514 4.509846351e-24)
(-0.03102761716 -0.00188414173 -6.318803089e-24)
(-0.02879317054 -0.004023025246 2.962104287e-24)
(-0.02527138675 -0.005708351819 3.89556623e-23)
(-0.02073194929 -0.006707409807 -1.954769563e-24)
(-0.01558962474 -0.006854142624 3.75446927e-24)
(-0.01038513194 -0.006097467235 -9.740885901e-23)
(-0.005730270772 -0.004546188736 9.637498464e-23)
(-0.002233366347 -0.002507420365 -3.960880475e-25)
(-0.0001817755667 -0.0005023730118 4.060774603e-25)
(8.343513227e-05 0.0006099250683 0)
(-0.000418823598 0.002935081232 -2.910358759e-25)
(-0.004647874821 0.008804016856 1.701985478e-23)
(-0.01137195924 0.01324042386 -8.283724649e-24)
(-0.01932728937 0.01579204012 -2.075732259e-25)
(-0.02747411714 0.01653000114 2.039190223e-25)
(-0.03511779097 0.01564442027 6.792682444e-27)
(-0.041713452 0.0133599804 -1.220718489e-24)
(-0.04683571958 0.009919773291 -4.551360661e-25)
(-0.05014988893 0.005602432048 -1.063068141e-23)
(-0.05141231731 0.0007444174259 0)
(-0.05047793172 -0.004241783102 0)
(-0.04733706421 -0.008887187403 2.67096636e-23)
(-0.04215928243 -0.0126817679 2.813003662e-23)
(-0.03531437754 -0.0151360502 -1.646157403e-24)
(-0.02738996405 -0.01586189562 4.845840712e-23)
(-0.01917005824 -0.01467334345 9.4191925e-23)
(-0.01156090559 -0.01169360629 3.975615198e-23)
(-0.005465410175 -0.00745074522 4.141409493e-25)
(-0.001451098861 -0.002936044908 1.074030777e-25)
(-9.072715539e-05 0.0002258759235 0)
(-0.0005024634005 0.006045351064 -4.248760131e-23)
(-0.006402740988 0.01637075904 -1.692208256e-23)
(-0.01553502582 0.02355933894 8.210563578e-24)
(-0.02627912066 0.02744162693 0)
(-0.03728746696 0.02832102076 0)
(-0.0476903751 0.02658772482 0)
(-0.05679663256 0.02263120491 -4.464358847e-26)
(-0.06405384394 0.01683609596 -2.137127067e-24)
(-0.06901081819 0.009622186271 0)
(-0.07130828032 0.001491050374 1.635394178e-24)
(-0.07070853552 -0.006936505564 2.802733048e-25)
(-0.06713039462 -0.01493019093 -2.810580635e-25)
(-0.06069905798 -0.02166728346 0)
(-0.05180750851 -0.02631605834 4.133212474e-23)
(-0.04114991972 -0.028160709 -4.681554039e-23)
(-0.02971970359 -0.02677372287 -2.761907755e-23)
(-0.01873716624 -0.02221530624 -3.960758747e-23)
(-0.009488026756 -0.01521922318 7.795952738e-25)
(-0.002976878803 -0.007298195897 9.790444567e-23)
(-0.0002318793277 -0.0008661690077 0)
(-0.0005316125907 0.01009501535 4.269420358e-23)
(-0.007983592488 0.02595219735 4.785565788e-25)
(-0.01939687656 0.03642883275 -4.67626503e-25)
(-0.03282382689 0.04185521169 0)
(-0.04664689177 0.04289485491 7.782862201e-25)
(-0.05985229767 0.0402007407 -7.674949987e-25)
(-0.07163291493 0.03434741621 3.672294113e-23)
(-0.08132751465 0.0258566411 1.848255897e-23)
(-0.08836601381 0.01527298475 6.238990825e-24)
(-0.09225469839 0.003246148436 -1.637299435e-24)
(-0.09260380006 -0.009407832032 0)
(-0.08917555654 -0.02167478128 4.370563098e-25)
(-0.08195979393 -0.03236745256 1.008989861e-23)
(-0.07126885641 -0.04021250329 -4.349241248e-23)
(-0.05782019056 -0.04402046457 1.932869216e-24)
(-0.04278583152 -0.04294829418 4.21720066e-23)
(-0.02775450388 -0.03683346965 -3.841665444e-25)
(-0.01455062239 -0.02652721025 0)
(-0.004859461369 -0.01408454562 5.436516511e-23)
(-0.0003641478865 -0.002846953937 -2.565082777e-22)
(-0.0005272201871 0.01499927711 9.841509242e-23)
(-0.009377923966 0.0373902228 -4.907783895e-25)
(-0.02288182779 0.05170223219 0)
(-0.03883043727 0.05894183549 0)
(-0.05538657088 0.06025575088 -8.732149156e-23)
(-0.07142876976 0.05661901379 -8.499089806e-23)
(-0.08606654378 0.04880168871 -4.067549959e-23)
(-0.0985508618 0.0374398047 -1.504387043e-23)
(-0.1081945332 0.023159839 -5.369017209e-24)
(-0.1143444756 0.00670967914 -8.175038552e-24)
(-0.1164046238 -0.01093292134 6.601171923e-24)
(-0.1138937429 -0.02848945055 8.826770712e-24)
(-0.1065487004 -0.04437046339 -1.892320695e-23)
(-0.0944680426 -0.05675333895 4.607891874e-24)
(-0.07826857093 -0.06378298783 0)
(-0.05922895596 -0.06393495485 -1.57284197e-23)
(-0.03933981996 -0.0565381629 -2.429918635e-26)
(-0.02114188817 -0.04235809116 0)
(-0.007318702333 -0.02398229431 -1.520652613e-22)
(-0.0005216162606 -0.005925545049 6.056280309e-22)
(-0.0004990819862 0.02064574739 -9.774461059e-23)
(-0.01052950945 0.05045438277 2.831982809e-22)
(-0.02582957382 0.06912511816 1.526862062e-22)
(-0.04402138375 0.07849258142 3.619298475e-24)
(-0.06310739419 0.08029476775 -7.319368035e-23)
(-0.08190405433 0.07588043305 9.04354561e-23)
(-0.09947764007 0.06621690974 -3.59021973e-24)
(-0.11502274 0.05201695155 -1.729171708e-24)
(-0.1277519194 0.03392358426 2.524164445e-24)
(-0.1368472613 0.01270233064 7.382671526e-24)
(-0.1414710538 -0.01058782439 -6.500917042e-24)
(-0.1408248203 -0.03446024454 -9.788201337e-24)
(-0.1342745992 -0.05692771791 -3.261735626e-23)
(-0.1215450262 -0.07553316321 -3.661532445e-23)
(-0.1029672677 -0.08754260674 5.646036415e-25)
(-0.07976370054 -0.09039209751 0)
(-0.0542668259 -0.0824451378 0)
(-0.02987160998 -0.0639773686 -2.906073771e-24)
(-0.0106628516 -0.03798794723 2.970523202e-24)
(-0.0007350936828 -0.01050089478 1.027873825e-22)
(-0.0004479169772 0.02687251319 0)
(-0.01134923311 0.06480757837 2.001987971e-22)
(-0.02801599693 0.088296175 8.962051265e-23)
(-0.04799857368 0.1001234967 0)
(-0.06920602124 0.1027076576 1.569889357e-22)
(-0.09044373466 0.09781578913 0)
(-0.1107831717 0.0866110334 -1.428391369e-22)
(-0.12940938 0.06983950584 6.515572788e-24)
(-0.1454771665 0.04808232274 0)
(-0.1580351836 0.02201755503 0)
(-0.1660133475 -0.007334441326 -1.37441499e-24)
(-0.1682671579 -0.0383883991 -9.316820724e-25)
(-0.1637064723 -0.06883976021 1.491985355e-22)
(-0.1515208789 -0.09558275905 -4.704633205e-23)
(-0.131513458 -0.1148298673 -2.560986822e-24)
(-0.1045596095 -0.1225703425 1.534742881e-24)
(-0.07309350027 -0.1155517978 -1.558952347e-24)
(-0.04135021577 -0.09283115652 0)
(-0.01525230321 -0.05740767685 3.203819534e-24)
(-0.00104430921 -0.01714714479 -1.01291605e-21)
(-0.0003744667362 0.0334630454 0)
(-0.01175006114 0.07998919018 -1.128292585e-22)
(-0.02920707995 0.1086390981 -6.191158265e-22)
(-0.05031745091 0.1232234025 -3.755311161e-22)
(-0.07296317547 0.1269097061 0)
(-0.09598960383 0.1219255663 4.11946172e-22)
(-0.1185273513 0.1096348666 1.260927695e-22)
(-0.1398146457 0.09078246077 -5.581843185e-24)
(-0.1590221588 0.0658139329 5.55421606e-24)
(-0.1751461037 0.03520881099 0)
(-0.1869560013 -0.0001967483573 2.912133566e-23)
(-0.1930172674 -0.03889754537 4.695848039e-24)
(-0.191780994 -0.07843888758 -1.076811862e-22)
(-0.1817874464 -0.1151865401 8.00423969e-23)
(-0.1620570463 -0.1442599487 -2.419752476e-22)
(-0.1327062024 -0.1598548652 0)
(-0.09577888323 -0.1563112908 0)
(-0.05601633158 -0.13029811 0)
(-0.02147859184 -0.08381135206 0)
(-0.001500384719 -0.02665516321 5.572126822e-22)
(-0.000287389649 0.04016077713 0)
(-0.01169359567 0.09543611681 -3.493023264e-22)
(-0.02924438293 0.1294073661 8.932812692e-22)
(-0.05060947336 0.1469299206 3.61718328e-22)
(-0.07370082726 0.1519748708 0)
(-0.09745151236 0.1472757989 -3.862559217e-22)
(-0.1211069852 0.1344191971 -3.17443338e-23)
(-0.1440324807 0.1141393336 3.333107892e-22)
(-0.1655143261 0.08670006746 1.769476279e-22)
(-0.1846248547 0.05229123544 -4.060155185e-23)
(-0.2001325833 0.01141716133 1.656821978e-23)
(-0.210462246 -0.03471424311 -8.26525719e-24)
(-0.2137208543 -0.08376563847 3.371861462e-22)
(-0.2078215514 -0.1318756376 0)
(-0.1908238552 -0.1732756166 2.420921506e-22)
(-0.1616335753 -0.2002593422 5.774795996e-24)
(-0.1211662702 -0.2040121734 -5.860915286e-24)
(-0.07384989876 -0.1772119977 1.548454e-22)
(-0.02971786862 -0.118864234 -5.435478564e-24)
(-0.002179545192 -0.04005398783 0)
(-0.0002117194994 0.04671640065 0)
(-0.01125000984 0.110549814 0)
(-0.02815624359 0.1497355027 -5.022764061e-22)
(-0.04874479267 0.1701517636 -1.881000193e-23)
(-0.07100086654 0.1766257182 2.038380367e-23)
(-0.09399451535 0.1724526543 -2.014312845e-23)
(-0.1171434304 0.1594871013 -2.316885154e-23)
(-0.1400179509 0.1384805101 -3.029826196e-22)
(-0.1621328897 0.1095160728 6.698613751e-23)
(-0.1827959043 0.07245187032 4.513181461e-23)
(-0.2009835561 0.02734928835 -4.577724078e-23)
(-0.2152270265 -0.02508697856 0)
(-0.2235562212 -0.08298351537 -7.83969818e-23)
(-0.2234632198 -0.1427257355 0)
(-0.2120679436 -0.1981820909 -3.73956591e-22)
(-0.1867434556 -0.2400773725 5.244961231e-22)
(-0.1464438311 -0.2560773441 0)
(-0.09394567786 -0.233120953 -1.493999908e-22)
(-0.0402200102 -0.1639613677 1.937556455e-22)
(-0.003201100281 -0.05861063201 -3.411535914e-22)
(-0.0002015407966 0.05297585226 0)
(-0.01067261813 0.1248172407 9.182875938e-22)
(-0.02628446554 0.1687424603 -2.440687332e-23)
(-0.04501107701 0.1916455165 9.193347148e-22)
(-0.06494597438 0.1992921082 -2.512088944e-23)
(-0.08536628514 0.1956104347 2.838846413e-23)
(-0.1059305648 0.1827886869 -2.812932453e-23)
(-0.1264924186 0.1616583528 -1.660918991e-23)
(-0.1468996844 0.1321762312 -5.260232288e-22)
(-0.1668458153 0.0938964669 -8.906633767e-24)
(-0.1857303019 0.04640576296 9.660201414e-24)
(-0.202478168 -0.01023784811 3.313079442e-22)
(-0.2154154606 -0.07499820467 -5.820743446e-22)
(-0.222020971 -0.1450311858 0)
(-0.21880321 -0.2146760643 8.887330751e-22)
(-0.2016257524 -0.2740016451 -4.940893441e-22)
(-0.1668639195 -0.3075811985 -1.572225255e-23)
(-0.1140220097 -0.2953811938 0)
(-0.05288482036 -0.2195802596 -1.890190053e-22)
(-0.004749188164 -0.08377278018 3.360593585e-22)
(-0.000364198601 0.05902317872 1.551011451e-23)
(-0.01049573931 0.1379881523 -8.764203267e-22)
(-0.02441389459 0.1856804124 -1.15705991e-21)
(-0.04026724302 0.2101384772 -8.628995576e-22)
(-0.05630729468 0.2182348932 0)
(-0.0721485642 0.2146190291 3.513808092e-23)
(-0.08779221507 0.2018791977 -7.294871876e-23)
(-0.103456278 0.1810005629 5.867888361e-23)
(-0.1193983862 0.1518997255 3.021368558e-22)
(-0.1357931535 0.1139150576 -1.128196346e-23)
(-0.1526082308 0.06621424964 0)
(-0.1694521364 0.008177203106 -3.603931672e-22)
(-0.1852760588 -0.06015987769 7.515671997e-22)
(-0.1980448509 -0.1372747023 8.831708279e-22)
(-0.2043546258 -0.2189261903 -5.296630966e-22)
(-0.199097761 -0.2959712931 5.162693291e-22)
(-0.176060533 -0.351407261 1.078234883e-23)
(-0.1300890633 -0.3584150805 -1.095549955e-23)
(-0.06688803318 -0.2843276528 -8.215271098e-23)
(-0.007083319946 -0.1169964424 0)
(-0.0009095775852 0.06540041601 -1.911488064e-23)
(-0.01167591714 0.1502816427 -1.326966354e-21)
(-0.02388882034 0.2000659579 1.094238251e-21)
(-0.03601340311 0.2244216985 6.734934356e-22)
(-0.04657308557 0.2316588259 6.01463558e-22)
(-0.05577038268 0.227239371 6.643961115e-22)
(-0.0641124551 0.214177489 -4.458680319e-23)
(-0.07227561421 0.1936494394 -3.461339046e-22)
(-0.08096972733 0.1656028327 2.152163491e-22)
(-0.09087192098 0.129270736 0)
(-0.102554743 0.08353082469 0)
(-0.1163622134 0.02720010683 2.655397888e-22)
(-0.1321589539 -0.04062006073 8.194326379e-23)
(-0.14892523 -0.1200128315 -2.821625105e-22)
(-0.1641284267 -0.2089300697 -5.411274008e-23)
(-0.172787761 -0.3006992515 1.301952138e-22)
(-0.16703113 -0.3793329112 -3.400508015e-22)
(-0.1365292437 -0.4136451981 -1.593820179e-23)
(-0.08018250141 -0.3538326215 8.204043839e-23)
(-0.01050762295 -0.1594130574 -6.032156312e-22)
(-0.002260498269 0.07348883548 0)
(-0.01580355645 0.1626521781 2.145875733e-21)
(-0.02665042577 0.2117904751 0)
(-0.03422339551 0.2333947287 -1.351808712e-21)
(-0.03759398359 0.2377766839 6.184053998e-23)
(-0.0379968504 0.2312553531 -6.193098493e-22)
(-0.0366826566 0.2171899014 -4.756286692e-22)
(-0.03489036111 0.1968934495 8.30125907e-22)
(-0.03378837712 0.1703342386 -1.885698954e-22)
(-0.0344987626 0.1367221077 0)
(-0.03811572542 0.09479673622 0)
(-0.04564992263 0.04304286568 2.410616157e-23)
(-0.05790804149 -0.02013781253 -6.007200607e-22)
(-0.07514598419 -0.09620650235 -4.309568581e-22)
(-0.09645174893 -0.1855556175 4.637864211e-22)
(-0.118346261 -0.2853567774 -6.488738688e-22)
(-0.1332715379 -0.3838386538 9.11994823e-23)
(-0.1265350986 -0.4504358719 2.937303854e-23)
(-0.08899154082 -0.4198536381 5.660442836e-22)
(-0.01526917933 -0.2111719734 6.020789061e-22)
(-0.005180899472 0.08598046005 0)
(-0.0252555072 0.1766291195 1.465579276e-22)
(-0.03483407999 0.2205961559 -4.917146707e-23)
(-0.03640013833 0.2354859357 7.642934286e-22)
(-0.03018482939 0.2343406762 -7.005381364e-22)
(-0.01916579256 0.224160389 4.74648286e-23)
(-0.005615147954 0.2083525847 -1.018610201e-22)
(0.008569610248 0.1881241087 -3.389890091e-22)
(0.02179886405 0.1633911268 2.062823526e-22)
(0.03262781671 0.133324273 0)
(0.03958458732 0.09664086161 0)
(0.04117013418 0.05174056418 -2.902668538e-22)
(0.03578483974 -0.003255398088 0)
(0.02198184823 -0.07058360866 -5.512188613e-22)
(-0.0012648448 -0.1525735509 -1.492377133e-23)
(-0.03310469777 -0.2505949848 2.559742233e-23)
(-0.06909235739 -0.3599341518 2.203144694e-22)
(-0.09227826955 -0.4575424528 4.788077128e-24)
(-0.08718089905 -0.4698129417 -5.789411203e-22)
(-0.02103127148 -0.2698972298 0)
(-0.01111631566 0.108597498 0)
(-0.04248901922 0.1947151681 -8.848481735e-22)
(-0.04795528978 0.2258195515 -5.411041285e-22)
(-0.03919535916 0.2282135561 4.543818223e-22)
(-0.01877830194 0.2182328142 -1.709981749e-24)
(0.007664315283 0.2028220362 -4.561051641e-23)
(0.03667993557 0.1847619774 5.696684344e-22)
(0.06582998757 0.1647118218 -2.766891459e-23)
(0.09327131065 0.1423128179 -2.069782412e-22)
(0.1173891623 0.1166274937 3.142214506e-23)
(0.1365461701 0.08641143866 -3.42591814e-23)
(0.1489669279 0.05017669 -3.690595105e-23)
(0.152527579 0.006159166627 3.205634397e-22)
(0.1449367039 -0.04796127053 6.119607951e-22)
(0.1235159797 -0.1153052911 -5.101173238e-22)
(0.08633533478 -0.200419565 -1.616059426e-22)
(0.03199089326 -0.3067806591 1.531306886e-22)
(-0.02362123132 -0.4239837146 7.293651922e-23)
(-0.06492413046 -0.487161279 1.913291539e-21)
(-0.02509971703 -0.3291544744 2.954991381e-21)
(-0.02004680491 0.1460727407 -4.390208699e-23)
(-0.06416406323 0.2112955863 4.417381456e-23)
(-0.05070230655 0.2177300488 1.000188868e-21)
(-0.01934097358 0.2014679995 -8.27056409e-24)
(0.02414465009 0.1809076189 0)
(0.07154122182 0.1606933357 4.363724118e-23)
(0.1190703419 0.1416495501 -2.273852928e-22)
(0.1644767344 0.1233181827 -9.02796088e-23)
(0.206225117 0.1048117297 3.680736009e-23)
(0.2429643034 0.08507140095 -1.701655503e-23)
(0.273220759 0.06296147666 3.429971449e-23)
(0.2952536119 0.03726293797 -6.592683197e-23)
(0.3066971069 0.006535067849 -9.303908072e-23)
(0.304973832 -0.03087770078 1.517044688e-22)
(0.2863936255 -0.07786290996 0)
(0.2470568089 -0.1399300371 1.505612581e-22)
(0.1810922239 -0.2266299753 2.560013851e-22)
(0.09604450268 -0.3443894948 0)
(-0.006697615789 -0.4552210219 -3.675634705e-21)
(-0.01922408201 -0.3777537589 -2.892620856e-21)
(-0.02591951335 0.22768288 -9.514205249e-22)
(-0.03998324682 0.2238216529 -1.388976805e-22)
(0.03656136821 0.1810585365 -2.33558264e-22)
(0.1090503043 0.14510591 -1.193742486e-22)
(0.1817191196 0.1172445504 -4.295827977e-23)
(0.249009074 0.09627907696 9.783186825e-23)
(0.3100336712 0.08002510463 -1.408592964e-22)
(0.3646209344 0.06656815371 1.297175937e-22)
(0.4126252505 0.05449178915 -8.620124284e-23)
(0.4536250311 0.04270894937 1.132190357e-25)
(0.4867878735 0.03032298417 1.527742303e-23)
(0.5107451376 0.01652901841 7.997207734e-23)
(0.5236597467 0.0005365140962 -1.811124493e-22)
(0.5231798022 -0.01863373279 -1.617146831e-22)
(0.5052323427 -0.04286478983 -4.262957612e-23)
(0.4658715087 -0.07633231204 0)
(0.3952696501 -0.1286089385 -1.846476926e-22)
(0.291607105 -0.2208468098 8.148762945e-22)
(0.1197455107 -0.3525016903 1.631601509e-21)
(0.02670547261 -0.377549798 2.172655876e-21)
(0.2142894468 0.1347447206 9.864990305e-22)
(0.2776311181 0.0987050354 0)
(0.4316592284 0.05810414836 -2.594321725e-22)
(0.5304749342 0.0384626497 -1.741667361e-22)
(0.6016965749 0.02623419134 0)
(0.657119896 0.01831923486 -6.009095571e-23)
(0.7015213607 0.01313600849 6.378005255e-23)
(0.7376042506 0.009542126307 -1.800157472e-23)
(0.7669368423 0.006804463539 2.885975631e-23)
(0.7902106692 0.004464743814 2.315034195e-23)
(0.8074555017 0.002221319752 0)
(0.8182621361 -0.0001500750975 -2.873033991e-23)
(0.821649972 -0.002723848409 0)
(0.81623942 -0.005712668755 2.738152686e-23)
(0.799133315 -0.0096113829 1.421693456e-23)
(0.7679986346 -0.0150025511 -5.799402213e-23)
(0.7106555756 -0.02502519954 -2.535660654e-22)
(0.6235183981 -0.04204285407 -6.918101381e-22)
(0.4230091021 -0.0918296808 0)
(0.2705674689 -0.1524021841 -2.119483742e-21)
)


// ************************************************************************* //
