/*--------------------------------*- C++ -*----------------------------------*\
  =========                 |
  \\      /  F ield         | OpenFOAM: The Open Source CFD Toolbox
   \\    /   O peration     | Website:  https://openfoam.org
    \\  /    A nd           | Version:  13
     \\/     M anipulation  |
\*---------------------------------------------------------------------------*/
FoamFile
{
    format      ascii;
    class       scalarField;
    location    "14.08";
    object      p_all;
}
// * * * * * * * * * * * * * * * * * * * * * * * * * * * * * * * * * * * * * //


400
(
-8.248902144e-07
-0.0005442123323
-0.000882531243
-0.001006728274
-0.0009251892821
-0.0006701701267
-0.0002791191501
0.0002120999027
0.0007671174811
0.001345651558
0.001902260703
0.002384380945
0.002736838646
0.002906697061
0.002852435276
0.002555859425
0.002036918095
0.0013524299
0.0006974179501
0.0001041798684
0.0005828922956
5.994549998e-06
-0.0003539831553
-0.0004929711045
-0.0004592261755
-0.0002792742679
1.752816401e-05
0.0004019089155
0.0008425095894
0.001302214869
0.001741392442
0.002109071691
0.002355052926
0.002432113557
0.002306362565
0.001968799467
0.001445711493
0.0008016229547
0.0002077310032
-0.0004526410126
0.0009434775852
0.0003039358372
-9.330563493e-05
-0.000236186962
-0.0002265767331
-9.449649749e-05
0.0001359591071
0.0004434016642
0.0008040810743
0.001186446066
0.001557352998
0.001864325805
0.002057232118
0.002087470608
0.001919908859
0.001544524296
0.0009848858496
0.0002970598784
-0.0003977050545
-0.00123122896
0.0009649904363
0.0002521677236
-0.0001936783323
-0.0003422527174
-0.0003474667465
-0.0002460576703
-5.882236231e-05
0.0002014069043
0.0005208557552
0.0008788521698
0.001235469594
0.001546830868
0.001752706878
0.001792837799
0.001618463743
0.001206101392
0.0005672713155
-0.000251682169
-0.001162401165
-0.002307675027
0.0004704517028
-0.0002895997072
-0.0007638751903
-0.0009114781558
-0.0009276595407
-0.0008536468556
-0.0007047267413
-0.0004817925518
-0.0001849471069
0.0001762260555
0.0005714365199
0.0009524709456
0.00124849297
0.001378992407
0.001267854358
0.0008620017166
0.0001472896512
-0.0008444679115
-0.002048814713
-0.003570517115
-0.0006907276156
-0.00146642895
-0.001950820221
-0.002097242176
-0.002134045398
-0.002103503792
-0.002011253981
-0.001840804602
-0.001571565824
-0.001193613742
-0.0007226132853
-0.0002030122391
0.0002829585934
0.0006260498848
0.0007049635998
0.0004120742779
-0.0003179292438
-0.001483263566
-0.003047511828
-0.005046471571
-0.002655208057
-0.003412702679
-0.00389997564
-0.004059938569
-0.00414974355
-0.004209405913
-0.004230028949
-0.004170630698
-0.003979747943
-0.003614390273
-0.003060481015
-0.002343742902
-0.00154975165
-0.0008201187025
-0.0003420960029
-0.0003155973424
-0.0009029118352
-0.00217067318
-0.004135965169
-0.006722130569
-0.005532077898
-0.00624407378
-0.006737853983
-0.00694529329
-0.007149021131
-0.0073846712
-0.007624704154
-0.007796124496
-0.007803908011
-0.007552875197
-0.00697384519
-0.00604365532
-0.004829291138
-0.003494451394
-0.002308715264
-0.001613791538
-0.001744432506
-0.002914377804
-0.005261692677
-0.008545613336
-0.009391430346
-0.01003643474
-0.01054888859
-0.01085327754
-0.01125651501
-0.01179076818
-0.01240858022
-0.01299934555
-0.013411762
-0.01347513443
-0.01302666012
-0.01196368076
-0.010274198
-0.008110842713
-0.005821429843
-0.003937949463
-0.003074362156
-0.00373014594
-0.006309817719
-0.01036579004
-0.01424941213
-0.01480889026
-0.01535164913
-0.01580168802
-0.01649480311
-0.01746582674
-0.01865111607
-0.01990156801
-0.02100065065
-0.02168174669
-0.02165662821
-0.02066969783
-0.01857473052
-0.01543468499
-0.01162594984
-0.00788605637
-0.005224212891
-0.004633983496
-0.007055688962
-0.01184683207
-0.02006250085
-0.02051519663
-0.02108164279
-0.0216935153
-0.02273212327
-0.02424839347
-0.02617235184
-0.02832176298
-0.03041348455
-0.03207251348
-0.03285453065
-0.03229859505
-0.03004733569
-0.02595799828
-0.02032441377
-0.01402667169
-0.008536626736
-0.005588373633
-0.007087786852
-0.01233224422
-0.02674209387
-0.02705241475
-0.02759018845
-0.02830052727
-0.02964917981
-0.03172561953
-0.03446865128
-0.0376728695
-0.04099402106
-0.04394835883
-0.0459229406
-0.04621504484
-0.04420746827
-0.03942056022
-0.031903349
-0.02250629398
-0.01309984375
-0.006340990709
-0.005676649877
-0.01063656145
-0.0342025597
-0.0342926504
-0.03466328311
-0.0352698233
-0.03674053995
-0.03923551329
-0.04271880766
-0.04697040716
-0.05159092362
-0.05599502066
-0.0594114361
-0.06092632803
-0.05952851258
-0.05442336405
-0.04523073167
-0.03251310531
-0.01829071711
-0.006105598111
-0.001550400909
-0.004759782898
-0.04246650962
-0.04214475632
-0.04206323877
-0.04215826474
-0.04336221372
-0.04594373923
-0.04990160048
-0.05499854214
-0.0607739961
-0.06654509947
-0.07138975019
-0.07417334551
-0.07361149404
-0.06847626283
-0.05789629642
-0.04190703459
-0.02230431169
-0.003138453847
0.007449898072
0.008430336755
-0.05186418679
-0.05062528655
-0.04954827093
-0.04844887118
-0.04878714273
-0.05096233158
-0.05499072807
-0.06059319976
-0.06721509785
-0.0740635132
-0.08006251634
-0.08387317763
-0.08395334666
-0.07868837764
-0.06671997159
-0.04742021818
-0.02203857336
0.005580415166
0.02478406875
0.03358248836
-0.06351659987
-0.06006183901
-0.05698061238
-0.05365270466
-0.05234866994
-0.05354719732
-0.05720332088
-0.06296688838
-0.07006934585
-0.07760379682
-0.08430533023
-0.08862114222
-0.08876872008
-0.08274103123
-0.0687831518
-0.04557426299
-0.01372011403
0.02444582804
0.05556481155
0.07737332347
-0.08006457991
-0.07096630574
-0.06402786034
-0.05708225381
-0.05334631477
-0.05311499119
-0.056134248
-0.06176570463
-0.06909262116
-0.07694650454
-0.08385222791
-0.08801555293
-0.08737466522
-0.07959448832
-0.0624540899
-0.03405272695
0.005531852468
0.05859693997
0.1058094227
0.1480511934
-0.110412081
-0.08577335273
-0.07154477259
-0.05892220135
-0.05186389101
-0.04981523384
-0.05200819563
-0.05738730079
-0.06471810201
-0.07256063005
-0.07920145688
-0.08259940325
-0.08044504527
-0.06984744452
-0.04822983925
-0.01274929404
0.03819090351
0.1070894624
0.1779354382
0.2564313624
-0.1683669214
-0.09984981891
-0.0749732599
-0.05477650888
-0.04459486948
-0.04154204817
-0.04364614945
-0.04928118117
-0.05689470103
-0.06483902582
-0.07123574847
-0.07387379461
-0.07005224873
-0.05697838505
-0.03103021808
0.01189805194
0.07554900022
0.1663483253
0.2761047798
0.4376503347
-0.3983598095
-0.138046571
-0.07494253398
-0.04707679504
-0.03353657921
-0.02999928579
-0.03274363
-0.03917742705
-0.04744811837
-0.05581727957
-0.06238124459
-0.06492728977
-0.06092033212
-0.04692988664
-0.01875120792
0.02991236856
0.1069128562
0.2333762132
0.4198270683
0.7799721765
)


// ************************************************************************* //
