/*--------------------------------*- C++ -*----------------------------------*\
  =========                 |
  \\      /  F ield         | OpenFOAM: The Open Source CFD Toolbox
   \\    /   O peration     | Website:  https://openfoam.org
    \\  /    A nd           | Version:  13
     \\/     M anipulation  |
\*---------------------------------------------------------------------------*/
FoamFile
{
    format      ascii;
    class       vectorField;
    location    "38.4";
    object      U_all;
}
// * * * * * * * * * * * * * * * * * * * * * * * * * * * * * * * * * * * * * //


400
(
(1.100061588e-05 -3.783558028e-05 0)
(-0.0006661008267 0.0004130419769 -1.550934693e-23)
(-0.002185375695 0.0009203932308 0)
(-0.004047832973 0.001312780517 0)
(-0.005971868547 0.001535065971 6.845138842e-25)
(-0.007762783553 0.001569848621 4.150885254e-24)
(-0.009284544821 0.001423564295 -7.37183964e-24)
(-0.01043593989 0.001119723248 7.532244373e-24)
(-0.01113681227 0.0006960818003 -2.095484328e-25)
(-0.01132710982 0.000203076694 -3.994824134e-24)
(-0.01097177205 -0.0003002339116 5.803791165e-24)
(-0.01007232831 -0.0007475160141 -5.929711264e-23)
(-0.008679880777 -0.001075561898 -6.552850586e-23)
(-0.006902853231 -0.001233043654 -7.784489165e-23)
(-0.004910737513 -0.001192638255 4.573693715e-24)
(-0.002927230789 -0.0009619206653 -4.138034339e-24)
(-0.001205298143 -0.0005912121447 -1.998817323e-22)
(-1.906820245e-05 -0.0001698833076 0)
(0.0005181535775 0.0001720855544 1.509855585e-25)
(0.0002227512758 0.0003059785966 -2.556247123e-24)
(-0.0002633654039 0.0008289646898 1.383269369e-25)
(-0.002703307834 0.003383839711 1.560725583e-23)
(-0.006907277618 0.005604499252 1.554761675e-25)
(-0.01195231881 0.00700820527 -8.494616494e-25)
(-0.01713504249 0.007553774289 1.162024913e-24)
(-0.02197535252 0.007294199284 1.306758773e-23)
(-0.02611075923 0.006321894973 1.389606636e-24)
(-0.02926564535 0.004754194098 -7.283930908e-24)
(-0.03122672712 0.002737152149 1.015343379e-23)
(-0.03184200583 0.0004524056468 4.510197079e-24)
(-0.03102761026 -0.001884144743 -6.319079299e-24)
(-0.02879316308 -0.004023028863 2.961617954e-24)
(-0.02527138198 -0.005708353065 3.895619471e-23)
(-0.02073194851 -0.006707407805 -1.954818438e-24)
(-0.01558962651 -0.006854138943 3.754582548e-24)
(-0.01038513385 -0.006097464156 -9.741304586e-23)
(-0.005730271682 -0.004546187366 9.637999352e-23)
(-0.002233366578 -0.002507420322 -3.961702086e-25)
(-0.0001817757456 -0.0005023734919 4.061616935e-25)
(8.343494167e-05 0.0006099249803 0)
(-0.0004188237025 0.002935077569 -2.91068528e-25)
(-0.004647875749 0.008804012926 1.702411443e-23)
(-0.01137196105 0.01324042181 -8.280197815e-24)
(-0.01932729033 0.01579203846 -2.074849232e-25)
(-0.02747411433 0.01652999708 2.038322741e-25)
(-0.03511778366 0.01564441346 6.861888881e-27)
(-0.04171344248 0.01335997382 -1.22206729e-24)
(-0.04683571126 0.009919770584 -4.552253162e-25)
(-0.05014988343 0.005602434223 -1.063167474e-23)
(-0.05141231333 0.0007444221885 0)
(-0.05047792705 -0.004241779017 0)
(-0.04733705771 -0.008887185817 2.671095987e-23)
(-0.04215927487 -0.01268176813 2.813097798e-23)
(-0.03531437121 -0.0151360501 -1.646212563e-24)
(-0.02738996071 -0.01586189372 4.84602744e-23)
(-0.01917005781 -0.01467334013 9.419597157e-23)
(-0.01156090684 -0.01169360307 3.975990081e-23)
(-0.005465412018 -0.007450743326 4.142880432e-25)
(-0.001451099872 -0.002936044641 1.073236874e-25)
(-9.072736273e-05 0.0002258761639 0)
(-0.0005024630191 0.006045348219 -4.249267758e-23)
(-0.006402739536 0.01637075174 -1.692634397e-23)
(-0.01553502362 0.02355933165 8.207041209e-24)
(-0.02627911886 0.0274416223 0)
(-0.03728746415 0.02832101799 0)
(-0.04769036913 0.0265877215 0)
(-0.05679662254 0.02263119979 -4.472218767e-26)
(-0.06405383135 0.01683609039 -2.135852414e-24)
(-0.06901080584 0.009622182984 0)
(-0.07130827021 0.001491051026 1.635622007e-24)
(-0.07070852768 -0.006936501621 2.802894506e-25)
(-0.0671303876 -0.01493018561 -2.810742545e-25)
(-0.06069905048 -0.02166727876 0)
(-0.05180750071 -0.02631605491 4.133445005e-23)
(-0.04114991315 -0.02816070627 -4.681735273e-23)
(-0.02971969967 -0.0267737202 -2.762100733e-23)
(-0.01873716531 -0.02221530373 -3.961140741e-23)
(-0.009488028051 -0.0152192214 7.79586173e-25)
(-0.002976880119 -0.007298195133 9.789973871e-23)
(-0.0002318796541 -0.0008661687626 0)
(-0.0005316131205 0.01009501444 4.269930905e-23)
(-0.007983591954 0.02595219053 4.784724058e-25)
(-0.01939687241 0.03642882169 -4.675442525e-25)
(-0.03282382094 0.04185520052 0)
(-0.04664688508 0.04289484658 7.782325827e-25)
(-0.05985229005 0.04020073566 -7.674421049e-25)
(-0.07163290525 0.03434741292 3.672099798e-23)
(-0.08132750222 0.02585663809 1.848017817e-23)
(-0.08836599944 0.01527298211 6.238360167e-24)
(-0.09225468391 0.003246147461 -1.637527529e-24)
(-0.09260378707 -0.009407830028 0)
(-0.08917554557 -0.02167477624 4.370884556e-25)
(-0.08195978442 -0.03236744577 1.009100885e-23)
(-0.07126884767 -0.04021249651 -4.349487927e-23)
(-0.05782018275 -0.04402045895 1.933005133e-24)
(-0.04278582557 -0.04294828998 4.217597549e-23)
(-0.02775450068 -0.0368334667 -3.842281521e-25)
(-0.014550622 -0.02652720835 0)
(-0.004859462073 -0.01408454458 5.436535865e-23)
(-0.0003641481583 -0.002846953762 -2.565036244e-22)
(-0.0005272213491 0.01499927532 9.841134666e-23)
(-0.009377924717 0.03739021729 -4.907442483e-25)
(-0.02288182499 0.0517022217 0)
(-0.03883043045 0.05894182185 0)
(-0.05538656115 0.06025573728 -8.731920384e-23)
(-0.07142875856 0.0566190031 -8.498902737e-23)
(-0.08606653183 0.04880168209 -4.067336648e-23)
(-0.0985508489 0.03743980154 -1.504274759e-23)
(-0.108194519 0.02315983813 -5.368458559e-24)
(-0.1143444602 0.006709680016 -8.174748932e-24)
(-0.1164046084 -0.01093291847 6.600862278e-24)
(-0.1138937284 -0.02848944523 8.826221825e-24)
(-0.1065486877 -0.04437045578 -1.892317345e-23)
(-0.09446803178 -0.05675333011 4.605665794e-24)
(-0.07826856187 -0.06378297924 0)
(-0.05922894885 -0.0639349477 -1.573058614e-23)
(-0.03933981525 -0.05653815778 -2.423102386e-26)
(-0.02114188612 -0.04235808796 0)
(-0.007318702063 -0.02398229261 -1.52060689e-22)
(-0.0005216163414 -0.005925544823 6.056186893e-22)
(-0.000499082348 0.02064574224 -9.774090578e-23)
(-0.01052950912 0.05045437433 2.831944334e-22)
(-0.02582957209 0.06912510697 1.526840513e-22)
(-0.04402137844 0.07849256774 3.619217059e-24)
(-0.06310738483 0.08029475282 -7.319340001e-23)
(-0.08190404183 0.07588041906 9.043346816e-23)
(-0.09947762597 0.06621689898 -3.590157722e-24)
(-0.1150227254 0.05201694533 -1.729142612e-24)
(-0.1277519047 0.03392358254 2.524119205e-24)
(-0.1368472463 0.01270233265 7.382397822e-24)
(-0.1414710383 -0.01058781951 -6.500624502e-24)
(-0.1408248049 -0.03446023728 -9.787597906e-24)
(-0.1342745847 -0.05692770855 -3.261740112e-23)
(-0.1215450135 -0.07553315231 -3.661179565e-23)
(-0.1029672571 -0.08754259537 5.64532479e-25)
(-0.07976369238 -0.09039208703 0)
(-0.05426682022 -0.08244512944 0)
(-0.02987160681 -0.06397736297 -2.906002222e-24)
(-0.01066285052 -0.03798794424 2.970450067e-24)
(-0.0007350935793 -0.01050089421 1.02787325e-22)
(-0.000447916327 0.02687250678 0)
(-0.01134923115 0.0648075656 2.001981945e-22)
(-0.02801599454 0.08829615996 8.962065884e-23)
(-0.04799856932 0.100123481 0)
(-0.06920601377 0.102707642 1.569864471e-22)
(-0.09044372381 0.09781577434 0)
(-0.1107831583 0.08661102086 -1.428379709e-22)
(-0.1294093653 0.06983949715 6.515509312e-24)
(-0.1454771516 0.04808231896 0)
(-0.1580351689 0.02201755631 0)
(-0.166013333 -0.007334435665 -1.374397446e-24)
(-0.1682671435 -0.03838839003 -9.316629539e-25)
(-0.1637064583 -0.06883974861 1.491961519e-22)
(-0.1515208659 -0.0955827457 -4.704637658e-23)
(-0.1315134467 -0.1148298531 -2.560912753e-24)
(-0.1045596006 -0.1225703287 1.534669999e-24)
(-0.07309349395 -0.1155517859 -1.558878316e-24)
(-0.04135021199 -0.09283114786 0)
(-0.01525230168 -0.05740767198 3.203782232e-24)
(-0.001044309028 -0.01714714357 -1.012906486e-21)
(-0.0003744662378 0.03346304023 0)
(-0.01175005948 0.07998917586 -1.128273469e-22)
(-0.02920707715 0.1086390796 -6.191114476e-22)
(-0.05031744684 0.1232233834 -3.75528903e-22)
(-0.07296316963 0.1269096882 0)
(-0.09598959572 0.1219255506 4.119438723e-22)
(-0.1185273408 0.1096348535 1.26091737e-22)
(-0.1398146335 0.09078245123 -5.581810975e-24)
(-0.1590221459 0.06581392784 5.55418401e-24)
(-0.1751460909 0.0352088111 0)
(-0.1869559889 -0.0001967431336 2.912120875e-23)
(-0.1930172555 -0.03889753573 4.695813043e-24)
(-0.1917809823 -0.07843887456 -1.076799761e-22)
(-0.1817874351 -0.1151865248 8.004120741e-23)
(-0.1620570359 -0.1442599322 -2.419728756e-22)
(-0.1327061937 -0.1598548486 0)
(-0.09577887678 -0.1563112757 0)
(-0.05601632757 -0.1302980983 0)
(-0.02147859016 -0.08381134503 0)
(-0.00150038455 -0.02665516114 5.572079017e-22)
(-0.0002873899605 0.04016077257 0)
(-0.01169359568 0.09543610308 -3.492999432e-22)
(-0.02924438142 0.1294073467 8.932764922e-22)
(-0.0506094705 0.1469298995 3.617161895e-22)
(-0.07370082326 0.1519748506 0)
(-0.09745150722 0.1472757816 -3.862537608e-22)
(-0.1211069788 0.1344191834 -3.174419686e-23)
(-0.1440324731 0.1141393239 3.333096511e-22)
(-0.1655143176 0.08670006205 1.769470648e-22)
(-0.184624846 0.05229123487 -4.060143537e-23)
(-0.2001325749 0.01141716578 1.656821672e-23)
(-0.2104622381 -0.03471423396 -8.265223734e-24)
(-0.2137208467 -0.08376562539 3.371850289e-22)
(-0.2078215437 -0.1318756216 0)
(-0.1908238476 -0.1732755988 2.420897774e-22)
(-0.1616335683 -0.200259324 5.774722857e-24)
(-0.1211662645 -0.2040121562 -5.860841056e-24)
(-0.07384989496 -0.1772119835 1.548429717e-22)
(-0.02971786694 -0.1188642248 -5.435403436e-24)
(-0.002179545054 -0.04005398483 0)
(-0.0002117201189 0.04671639517 0)
(-0.01125001099 0.1105498005 0)
(-0.02815624421 0.1497354839 -5.022740186e-22)
(-0.04874479234 0.1701517423 -1.880992484e-23)
(-0.07100086545 0.1766256973 2.038373048e-23)
(-0.09399451381 0.1724526361 -2.014305612e-23)
(-0.1171434286 0.1594870869 -2.316878203e-23)
(-0.1400179487 0.1384805002 -3.029815839e-22)
(-0.1621328871 0.1095160675 6.69861188e-23)
(-0.1827959016 0.07245186963 4.513168159e-23)
(-0.2009835536 0.02734929224 -4.577711051e-23)
(-0.2152270243 -0.02508697032 0)
(-0.2235562192 -0.0829835033 -7.839643207e-23)
(-0.2234632173 -0.1427257204 0)
(-0.2120679405 -0.1981820736 -3.739553944e-22)
(-0.1867434519 -0.2400773541 5.244937612e-22)
(-0.1464438274 -0.256077326 0)
(-0.09394567489 -0.2331209372 -1.49397638e-22)
(-0.04022000867 -0.1639613568 1.937532451e-22)
(-0.003201100147 -0.05861062813 -3.411511958e-22)
(-0.0002015411128 0.05297584598 0)
(-0.01067261941 0.124817227 9.182853626e-22)
(-0.02628446783 0.1687424421 -2.440680458e-23)
(-0.04501107965 0.1916454963 9.193322083e-22)
(-0.06494597709 0.1992920882 -2.512081194e-23)
(-0.08536628801 0.1956104168 2.838838971e-23)
(-0.105930568 0.1827886728 -2.812925078e-23)
(-0.1264924221 0.1616583433 -1.660915404e-23)
(-0.1468996882 0.1321762264 -5.26022137e-22)
(-0.1668458194 0.0938964666 -8.906615923e-24)
(-0.1857303063 0.04640576675 9.660184238e-24)
(-0.2024781725 -0.01023784069 3.313074433e-22)
(-0.215415465 -0.07499819407 -5.820732988e-22)
(-0.2220209746 -0.1450311726 0)
(-0.2188032124 -0.2146760489 8.887308414e-22)
(-0.2016257532 -0.2740016282 -4.940871248e-22)
(-0.1668639188 -0.3075811811 -1.572218086e-23)
(-0.1140220083 -0.2953811776 0)
(-0.05288481924 -0.2195802477 -1.890166452e-22)
(-0.004749188022 -0.08377277553 3.360570042e-22)
(-0.0003641986676 0.05902317298 1.551007974e-23)
(-0.01049574057 0.137988139 -8.764182036e-22)
(-0.0244138978 0.185680395 -1.157057509e-21)
(-0.04026724809 0.2101384583 -8.628972017e-22)
(-0.0563073012 0.2182348748 0)
(-0.07214857177 0.214619013 3.513800389e-23)
(-0.08779222343 0.2018791851 -7.294856696e-23)
(-0.1034562871 0.1810005545 5.867877163e-23)
(-0.1193983959 0.1518997218 3.02136294e-22)
(-0.1357931638 0.1139150582 -1.128194524e-23)
(-0.1526082416 0.06621425386 0)
(-0.1694521472 0.008177210208 -3.603926149e-22)
(-0.1852760692 -0.06015986833 7.515661672e-22)
(-0.1980448604 -0.1372746911 8.831696508e-22)
(-0.2043546335 -0.2189261776 -5.29661988e-22)
(-0.1990977664 -0.2959712791 5.162682055e-22)
(-0.1760605359 -0.3514072459 1.078227796e-23)
(-0.130089064 -0.3584150656 -1.095542754e-23)
(-0.06688803281 -0.2843276407 -8.215503672e-23)
(-0.007083319829 -0.1169964372 0)
(-0.0009095777814 0.06540041169 -1.911484426e-23)
(-0.01167591878 0.1502816313 -1.326964019e-21)
(-0.02388882418 0.2000659423 1.094235994e-21)
(-0.03601340984 0.2244216814 6.734922411e-22)
(-0.04657309508 0.2316588097 6.014625122e-22)
(-0.05577039436 0.2272393571 6.643949714e-22)
(-0.06411246814 0.2141774785 -4.458672693e-23)
(-0.07227562807 0.1936494329 -3.461333774e-22)
(-0.0809697418 0.1656028304 2.152160475e-22)
(-0.09087193597 0.1292707375 0)
(-0.1025547583 0.08353082944 0)
(-0.1163622288 0.02720011389 2.655395038e-22)
(-0.1321589687 -0.04062005224 8.194325753e-23)
(-0.1489252436 -0.1200128221 -2.821620319e-22)
(-0.1641284384 -0.2089300597 -5.411266982e-23)
(-0.1727877701 -0.3006992407 1.301951422e-22)
(-0.1670311361 -0.3793328995 -3.400495996e-22)
(-0.1365292468 -0.4136451858 -1.593934074e-23)
(-0.08018250205 -0.3538326105 8.204276095e-23)
(-0.01050762291 -0.1594130521 -6.032179098e-22)
(-0.002260498663 0.07348883259 0)
(-0.01580355859 0.1626521697 2.145872186e-21)
(-0.02665043025 0.2117904626 0)
(-0.03422340337 0.2333947144 -1.35180649e-21)
(-0.03759399499 0.2377766701 6.18405903e-23)
(-0.0379968648 0.2312553415 -6.193087789e-22)
(-0.03668267299 0.2171898931 -4.756279701e-22)
(-0.03489037849 0.1968934449 8.301246859e-22)
(-0.03378839488 0.1703342376 -1.88569631e-22)
(-0.03449878041 0.13672211 0)
(-0.03811574311 0.09479674114 0)
(-0.04564993993 0.0430428724 2.410615976e-23)
(-0.05790805802 -0.02013780487 -6.007194265e-22)
(-0.07514599946 -0.09620649452 -4.309563678e-22)
(-0.09645176241 -0.1855556098 4.637858621e-22)
(-0.1183462721 -0.2853567697 -6.488726734e-22)
(-0.133271546 -0.3838386456 9.119940093e-23)
(-0.1265351034 -0.4504358631 2.937424716e-23)
(-0.08899154245 -0.4198536294 5.660453477e-22)
(-0.01526917941 -0.2111719686 6.020811803e-22)
(-0.005180899729 0.08598045836 0)
(-0.02525550925 0.1766291145 1.465579527e-22)
(-0.03483408479 0.2205961474 -4.917139714e-23)
(-0.03640014683 0.235485925 7.642922601e-22)
(-0.03018484164 0.2343406651 -7.005370696e-22)
(-0.01916580802 0.2241603793 4.746476201e-23)
(-0.005615165563 0.2083525778 -1.018609031e-22)
(0.008569591467 0.1881241051 -3.389885316e-22)
(0.02179884488 0.1633911264 2.062820988e-22)
(0.03262779793 0.1333242753 0)
(0.03958456926 0.09664086609 0)
(0.04117011712 0.05174057004 -2.902665664e-22)
(0.03578482382 -0.003255391677 0)
(0.0219818337 -0.0705836023 -5.512183042e-22)
(-0.001264857633 -0.1525735451 -1.492376482e-23)
(-0.03310470855 -0.2505949796 2.559735328e-23)
(-0.06909236599 -0.3599341466 2.203133504e-22)
(-0.09227827517 -0.4575424477 4.788147293e-24)
(-0.08718090131 -0.4698129359 -5.789422546e-22)
(-0.0210312717 -0.269897226 0)
(-0.01111631549 0.1085974975 0)
(-0.04248902037 0.1947151657 -8.848470932e-22)
(-0.04795529383 0.2258195463 -5.411035123e-22)
(-0.03919536706 0.2282135489 4.543812338e-22)
(-0.01877831353 0.2182328061 -1.709982568e-24)
(0.00766430074 0.2028220287 -4.561045135e-23)
(0.03667991896 0.1847619717 5.696676279e-22)
(0.06582996979 0.1647118184 -2.766887936e-23)
(0.09327129254 0.1423128171 -2.06977986e-22)
(0.1173891447 0.1166274953 3.142210967e-23)
(0.1365461534 0.08641144207 -3.425914613e-23)
(0.1489669125 0.05017669456 -3.690591577e-23)
(0.1525275652 0.006159171678 3.205631273e-22)
(0.1449366918 -0.04796126565 6.119601688e-22)
(0.1235159693 -0.1153052868 -5.101167014e-22)
(0.08633532617 -0.2004195616 -1.616054005e-22)
(0.0319908857 -0.3067806565 1.531312289e-22)
(-0.02362123674 -0.4239837118 7.293658794e-23)
(-0.06492413262 -0.4871612758 1.913292538e-21)
(-0.02509971732 -0.329154472 2.954992507e-21)
(-0.02004680441 0.1460727412 -4.390204932e-23)
(-0.06416406319 0.2112955856 4.417377666e-23)
(-0.05070230868 0.2177300459 1.00018775e-21)
(-0.01934097879 0.201467995 -8.270580098e-24)
(0.02414464171 0.1809076136 0)
(0.0715412107 0.1606933304 4.363717481e-23)
(0.1190703288 0.1416495457 -2.273849588e-22)
(0.1644767202 0.1233181798 -9.027947362e-23)
(0.2062251023 0.1048117286 3.680730904e-23)
(0.2429642889 0.08507140153 -1.701653694e-23)
(0.2732207453 0.06296147861 3.429967918e-23)
(0.2952535995 0.03726294084 -6.592676387e-23)
(0.3066970961 0.006535071115 -9.303900689e-23)
(0.3049738228 -0.0308776976 1.517042676e-22)
(0.286393618 -0.07786290728 0)
(0.2470568028 -0.1399300352 1.50560649e-22)
(0.1810922189 -0.2266299744 2.560014485e-22)
(0.09604449895 -0.3443894937 0)
(-0.006697617675 -0.4552210207 -3.675636352e-21)
(-0.01922408231 -0.3777537578 -2.892621946e-21)
(-0.02591951292 0.2276828808 -9.514202482e-22)
(-0.03998324604 0.2238216531 -1.388975642e-22)
(0.03656136817 0.1810585353 -2.335579943e-22)
(0.1090503027 0.1451059078 -1.19374128e-22)
(0.181719116 0.1172445477 -4.295821256e-23)
(0.2490090682 0.09627907435 9.783167417e-23)
(0.3100336636 0.08002510247 -1.408590362e-22)
(0.3646209254 0.06656815223 1.297173924e-22)
(0.4126252408 0.05449178848 -8.620112421e-23)
(0.4536250213 0.04270894952 1.132188627e-25)
(0.4867878642 0.030322985 1.527740616e-23)
(0.5107451292 0.01652901973 7.997199247e-23)
(0.5236597396 0.0005365155638 -1.811122468e-22)
(0.5231797967 -0.01863373133 -1.617144806e-22)
(0.5052323385 -0.04286478862 -4.262944281e-23)
(0.4658715056 -0.07633231126 0)
(0.3952696479 -0.1286089382 -1.846480278e-22)
(0.2916071033 -0.2208468097 8.148766309e-22)
(0.1197455096 -0.3525016902 1.631602054e-21)
(0.02670547237 -0.3775497978 2.172656146e-21)
(0.214289447 0.134744721 9.864987224e-22)
(0.2776311188 0.09870503562 0)
(0.4316592293 0.0581041482 -2.594318825e-22)
(0.5304749347 0.03846264938 -1.741664631e-22)
(0.6016965747 0.02623419095 0)
(0.6571198947 0.01831923454 -6.009082965e-23)
(0.7015213583 0.01313600829 6.377992616e-23)
(0.7376042474 0.009542126237 -1.800154297e-23)
(0.7669368386 0.006804463581 2.885970821e-23)
(0.7902106653 0.004464743946 2.315030943e-23)
(0.8074554981 0.002221319957 0)
(0.8182621331 -0.0001500748378 -2.873030695e-23)
(0.8216499698 -0.002723848119 0)
(0.8162394186 -0.005712668522 2.738146166e-23)
(0.7991333143 -0.009611382752 1.421686954e-23)
(0.7679986344 -0.01500255105 -5.79940872e-23)
(0.7106555755 -0.02502519959 -2.535662612e-22)
(0.623518398 -0.04204285414 -6.918104011e-22)
(0.423009102 -0.09182968087 0)
(0.2705674689 -0.1524021841 -2.119484005e-21)
)


// ************************************************************************* //
