/*--------------------------------*- C++ -*----------------------------------*\
  =========                 |
  \\      /  F ield         | OpenFOAM: The Open Source CFD Toolbox
   \\    /   O peration     | Website:  https://openfoam.org
    \\  /    A nd           | Version:  13
     \\/     M anipulation  |
\*---------------------------------------------------------------------------*/
FoamFile
{
    format      ascii;
    class       vectorField;
    location    "10.61";
    object      U_all;
}
// * * * * * * * * * * * * * * * * * * * * * * * * * * * * * * * * * * * * * //


400
(
(8.180022701e-06 -3.313175056e-05 0)
(-0.0006600166199 0.0004085916004 -1.493320169e-23)
(-0.002148285193 0.0009037932035 0)
(-0.003970851229 0.001286506128 0)
(-0.005853234702 0.001503258513 6.297899421e-25)
(-0.007606632613 0.001537125503 4.099341635e-24)
(-0.009099082909 0.0013943363 -5.401160471e-24)
(-0.01023223643 0.001097631117 9.66170846e-24)
(-0.01092783025 0.0006835316738 -2.283829321e-25)
(-0.01112657896 0.0002008534035 -4.294225922e-24)
(-0.01079310416 -0.000293009624 6.153578554e-24)
(-0.009927146995 -0.0007334351517 -6.233484652e-23)
(-0.008576312004 -0.001058431847 -6.905451679e-23)
(-0.006844237419 -0.001217275787 -8.180892083e-23)
(-0.004894637158 -0.001182326958 4.85443955e-24)
(-0.002945139637 -0.0009598775155 -4.464882528e-24)
(-0.001244075202 -0.0005979924401 -2.242776409e-22)
(-6.06087097e-05 -0.000183065068 0)
(0.0004886081286 0.0001562193967 2.715155262e-25)
(0.0002152304319 0.000295576337 -1.843810618e-23)
(-0.0002579920503 0.0008195309179 1.345563995e-25)
(-0.002644772119 0.003316151442 1.502739975e-23)
(-0.006749685636 0.005480841941 1.473030461e-25)
(-0.01167508558 0.006849303323 -7.826829923e-25)
(-0.01673685649 0.007383024483 1.052584265e-24)
(-0.02146928266 0.007133681425 1.133503926e-23)
(-0.02552057777 0.006190468521 3.175186542e-24)
(-0.02862258623 0.004666232326 -9.362869837e-24)
(-0.03056659958 0.002701333814 1.132411952e-23)
(-0.03120198814 0.0004705486426 4.854921594e-24)
(-0.03044323837 -0.001815465343 -6.701039012e-24)
(-0.02829491868 -0.003915841827 2.761599059e-24)
(-0.02488092072 -0.005579916064 4.061734411e-23)
(-0.02045939199 -0.006578243123 -2.100604859e-24)
(-0.01543151265 -0.00674490475 4.069918336e-24)
(-0.010324051 -0.006025101471 -1.097860914e-22)
(-0.005736977325 -0.004519876498 1.093631948e-22)
(-0.002270526667 -0.002524220842 -6.349274674e-25)
(-0.000215239748 -0.0005461342141 6.509423869e-25)
(7.848576326e-05 0.0005754795081 0)
(-0.0004071744738 0.002874631579 -2.8047606e-25)
(-0.004529442851 0.008599846317 1.604932682e-23)
(-0.01108240963 0.01292281127 -8.186639226e-24)
(-0.01883872374 0.01541225296 -1.840979323e-25)
(-0.02678823542 0.016139907 1.808580325e-25)
(-0.03425694182 0.01529030032 5.54540057e-26)
(-0.04071559889 0.01307979034 -2.944666901e-24)
(-0.04574966622 0.00974145052 -5.76030003e-25)
(-0.04903099013 0.005542387176 -1.185855977e-23)
(-0.05031559998 0.0008063540616 0)
(-0.04945733439 -0.004069224878 0)
(-0.04644083226 -0.008626989351 2.853527596e-23)
(-0.04142160849 -0.0123682047 3.006865733e-23)
(-0.03475422628 -0.01481076697 -1.805208741e-24)
(-0.02700809102 -0.01556837373 5.43459868e-23)
(-0.01894811353 -0.01444982831 1.062084041e-22)
(-0.01146342323 -0.01156499438 5.412833289e-23)
(-0.005444642236 -0.007420082163 8.998472998e-25)
(-0.001461591199 -0.002977368919 -1.502598164e-25)
(-9.098498393e-05 0.0001752895855 0)
(-0.0004868744278 0.005902216713 -4.011125378e-23)
(-0.006229453224 0.01596585406 -1.59428383e-23)
(-0.01512214694 0.02297217783 8.107584435e-24)
(-0.02559292871 0.02676570374 0)
(-0.03633326372 0.02764376291 0)
(-0.04649877272 0.02598405951 0)
(-0.05541707908 0.02216087852 -1.122729064e-25)
(-0.06254848285 0.01654203232 -6.829726543e-25)
(-0.0674489241 0.009528931558 0)
(-0.06976276152 0.001603581726 2.112009061e-24)
(-0.06924810661 -0.006636108913 3.116875977e-25)
(-0.06581486037 -0.01447721471 -3.125603967e-25)
(-0.05957707056 -0.02111461407 0)
(-0.0509106312 -0.02572904378 4.709030332e-23)
(-0.04048919033 -0.02760970869 -5.25449753e-23)
(-0.02928354474 -0.02632397076 -3.495835938e-23)
(-0.0184918812 -0.02191431841 -5.422649995e-23)
(-0.009381803028 -0.01508285348 7.598481445e-25)
(-0.00295373556 -0.007297843553 7.883583374e-23)
(-0.0002288963181 -0.0009157653732 0)
(-0.0005150627471 0.009841215795 4.030771725e-23)
(-0.007768161785 0.0252918017 4.83467198e-25)
(-0.01888579412 0.03550917843 -4.72426838e-25)
(-0.03197812023 0.04082174492 0)
(-0.04547411605 0.04187545966 7.313302564e-25)
(-0.05838867131 0.03930122866 -7.211909323e-25)
(-0.06993543917 0.03365016734 3.373880703e-23)
(-0.07946694914 0.0254197584 1.514252652e-23)
(-0.08642096745 0.01512907452 5.05008433e-24)
(-0.09030710422 0.003401117924 -2.114469795e-24)
(-0.0907331806 -0.00897394075 0)
(-0.08745456823 -0.02100918813 5.222528311e-25)
(-0.08045058169 -0.03154041356 1.342587185e-23)
(-0.07001804886 -0.03931264222 -4.964296023e-23)
(-0.05685424176 -0.04314660305 2.357937769e-24)
(-0.04210673164 -0.04219713706 5.730777848e-23)
(-0.02733712425 -0.03628269828 -6.326193086e-25)
(-0.01434356417 -0.02621513768 0)
(-0.004795265825 -0.01399037098 5.252920903e-23)
(-0.0003570876951 -0.002873138448 -2.334222971e-22)
(-0.0005123900459 0.01461551672 9.793467927e-23)
(-0.009138992598 0.03643746912 -4.926161732e-25)
(-0.02231200396 0.05040797834 0)
(-0.03788598409 0.05751002637 0)
(-0.05407482576 0.0588573489 -8.460224941e-23)
(-0.06978772759 0.05539114377 -8.14481298e-23)
(-0.08415581008 0.04784886852 -3.737155108e-23)
(-0.09644402794 0.03683481721 -1.317424607e-23)
(-0.1059733123 0.0229437015 -4.309482335e-24)
(-0.1120942853 0.006891290917 -7.26050021e-24)
(-0.1142103706 -0.01037621781 5.564536638e-24)
(-0.1118360911 -0.0276122335 6.816267465e-24)
(-0.1047008802 -0.0432558796 -1.791621692e-23)
(-0.09289174108 -0.05550962437 -4.070112502e-24)
(-0.07700836729 -0.06253600215 0)
(-0.05830572752 -0.06281543867 -2.400190235e-23)
(-0.03874380614 -0.05566169917 2.551125912e-25)
(-0.02082813711 -0.04179791779 0)
(-0.007211164015 -0.02374028005 -1.309564648e-22)
(-0.000510616386 -0.005907872797 5.567721574e-22)
(-0.0004882600687 0.02012457717 -9.726324662e-23)
(-0.01029049039 0.04919640892 2.784159168e-22)
(-0.02525247638 0.06744212391 1.497864658e-22)
(-0.04305841329 0.07664907777 3.523996057e-24)
(-0.06176314476 0.07850486948 -7.130206716e-23)
(-0.08021439074 0.07431137055 8.662996604e-23)
(-0.09749995977 0.06499360578 -3.432593768e-24)
(-0.1128279388 0.0512253217 -1.61474572e-24)
(-0.1254185978 0.03361234154 2.345912833e-24)
(-0.1344576409 0.01288404591 6.531319712e-24)
(-0.1391084336 -0.009935569868 -5.515588972e-24)
(-0.1385705518 -0.03339565922 -7.572278389e-24)
(-0.132206153 -0.05554074501 -3.156512346e-23)
(-0.1197341264 -0.07394487638 -2.164062474e-23)
(-0.1014745923 -0.08590028423 2.568056033e-25)
(-0.07863123308 -0.08885882827 0)
(-0.05350677334 -0.08117961961 0)
(-0.02945447765 -0.06310097879 -2.541279627e-24)
(-0.01051162519 -0.03754348678 2.597638315e-24)
(-0.0007206450009 -0.01041593867 1.000996755e-22)
(-0.0004430838545 0.02622101047 0)
(-0.0111367056 0.06326008897 1.958119112e-22)
(-0.02749105633 0.08624364986 8.764791517e-23)
(-0.04711092679 0.09788801547 0)
(-0.06795566436 0.1005441411 1.524708278e-22)
(-0.08886132536 0.09591914458 0)
(-0.1089201693 0.08512396729 -1.374366731e-22)
(-0.1273296165 0.06885851063 6.228609607e-24)
(-0.1432507788 0.04766172879 0)
(-0.1557345377 0.0221722998 0)
(-0.1637124135 -0.006626592535 -1.271228054e-24)
(-0.166037645 -0.03718278997 -8.270905718e-25)
(-0.1616179458 -0.06722811441 1.354176317e-22)
(-0.149643994 -0.09369006649 -4.560659389e-23)
(-0.1299163182 -0.112814198 -2.161414776e-24)
(-0.1033019677 -0.1206183679 1.159261344e-24)
(-0.07221385355 -0.1138637913 -1.177547909e-24)
(-0.04084612236 -0.09158693996 0)
(-0.01505995962 -0.05671184727 2.980929763e-24)
(-0.001026461704 -0.01697182579 -9.533231341e-22)
(-0.0003771492714 0.03270389035 0)
(-0.01159096083 0.07819862615 -1.108881322e-22)
(-0.02879568292 0.1062722556 -6.066530678e-22)
(-0.04960353861 0.1206519705 -3.671502366e-22)
(-0.07194136903 0.1244250292 0)
(-0.09468359222 0.1197470925 3.998261379e-22)
(-0.1169805493 0.107920015 1.213184815e-22)
(-0.1380813175 0.0896349054 -5.349372869e-24)
(-0.1571607028 0.06529002246 5.322896971e-24)
(-0.1732143767 0.03532270776 0)
(-0.185006641 0.0005315559386 2.783160894e-23)
(-0.1911012064 -0.03760993992 4.413773967e-24)
(-0.1899490602 -0.07668031484 -9.958202705e-23)
(-0.1800916186 -0.1130758221 7.251763092e-23)
(-0.1605568309 -0.1419506719 -2.238831561e-22)
(-0.1314677577 -0.1575396595 0)
(-0.09486496373 -0.1542189213 0)
(-0.05546192988 -0.1286679688 0)
(-0.02125322694 -0.08282964025 0)
(-0.001479217644 -0.02636842401 5.263179854e-22)
(-0.0002983734121 0.03933141411 0)
(-0.01161157022 0.09347826559 -3.424884848e-22)
(-0.02900213126 0.1268162417 8.75604227e-22)
(-0.0501602176 0.1441143153 3.536279265e-22)
(-0.07303392227 0.1492564563 0)
(-0.09658279037 0.1448950861 -3.749383194e-22)
(-0.1200706661 0.1325451797 -3.075015327e-23)
(-0.1428718636 0.1128789202 3.229043702e-22)
(-0.1642737376 0.08610651325 1.711359765e-22)
(-0.1833433767 0.05237204612 -3.923498469e-23)
(-0.198839658 0.01214229495 1.625629046e-23)
(-0.2091784092 -0.03340594607 -7.901589517e-24)
(-0.2124611677 -0.08195801925 3.241434387e-22)
(-0.2066035189 -0.1296739052 0)
(-0.1896790813 -0.170812608 2.23991284e-22)
(-0.1606157299 -0.1977091902 5.23354465e-24)
(-0.1203500804 -0.201605374 -5.311593227e-24)
(-0.07330965987 -0.175232035 1.378348929e-22)
(-0.02947687366 -0.1175894554 -4.9343023e-24)
(-0.00215549549 -0.03964041221 0)
(-0.000230832163 0.04586596665 0)
(-0.01126172028 0.1085244384 0)
(-0.02812477742 0.1470392776 -4.924929915e-22)
(-0.04863044369 0.1672140623 -1.843709657e-23)
(-0.07078806925 0.1737907193 1.989353067e-23)
(-0.09369016064 0.169978094 -1.965864287e-23)
(-0.1167709846 0.1575506022 -2.251025723e-23)
(-0.1396082488 0.1371883802 -2.934491602e-22)
(-0.1617149467 0.1089129428 6.605217129e-23)
(-0.1823888627 0.07253101899 4.359671244e-23)
(-0.2005908491 0.0280650422 -4.41721941e-23)
(-0.2148363973 -0.02380585985 0)
(-0.2231423509 -0.08122470151 -7.293651962e-23)
(-0.2229983879 -0.1405786629 0)
(-0.2115396819 -0.1957471319 -3.60721072e-22)
(-0.1861713138 -0.2374856359 5.013669637e-22)
(-0.1458919174 -0.2535247788 0)
(-0.09351351491 -0.2308991288 -1.328937269e-22)
(-0.03999375693 -0.1624295026 1.766832333e-22)
(-0.003175423891 -0.05806621315 -3.241434375e-22)
(-0.0002276649276 0.0521601533 0)
(-0.01078498535 0.1228390588 9.030368336e-22)
(-0.02648470605 0.1660794261 -2.397808188e-23)
(-0.04526976224 0.188727638 9.031905938e-22)
(-0.06524238662 0.1964760547 -2.462923345e-23)
(-0.0856957638 0.1931663808 2.773236234e-23)
(-0.1063019739 0.1809001085 -2.747921025e-23)
(-0.1269202526 0.1604281797 -1.619072895e-23)
(-0.1473950406 0.1316367596 -5.128893841e-22)
(-0.1674076004 0.09402132261 -8.680199291e-24)
(-0.1863381959 0.04712585055 9.418073262e-24)
(-0.2030956104 -0.009015411692 3.242531263e-22)
(-0.2159824564 -0.07336416055 -5.678180018e-22)
(-0.2224657844 -0.1430683637 0)
(-0.2190669327 -0.2124518537 8.633159959e-22)
(-0.2016797491 -0.2715898743 -4.723524204e-22)
(-0.1667364316 -0.3051093725 -1.503139533e-23)
(-0.1138074094 -0.293098881 0)
(-0.05271728426 -0.2178837789 -1.722344653e-22)
(-0.004724593853 -0.08311231116 3.193446032e-22)
(-0.0003955659056 0.05829853941 1.525774012e-23)
(-0.01070487554 0.1361753447 -8.618686623e-22)
(-0.02484243214 0.1831946998 -1.140076719e-21)
(-0.04089840174 0.2073880231 -8.477545829e-22)
(-0.05711426034 0.2155759852 0)
(-0.07311077767 0.212327454 3.443969331e-23)
(-0.08889738661 0.2001411383 -7.146529579e-23)
(-0.1046956402 0.1799143723 5.745484434e-23)
(-0.1207603515 0.1514856987 2.951761933e-22)
(-0.1372567493 0.1141275839 -1.104735871e-23)
(-0.1541369345 0.06696083316 0)
(-0.1709863687 0.009341915029 -3.52609797e-22)
(-0.1867400245 -0.05868382169 7.37934145e-22)
(-0.1993520383 -0.1355728568 8.693455584e-22)
(-0.2054116699 -0.2170436575 -5.167753742e-22)
(-0.1998303313 -0.2939281494 5.058360477e-22)
(-0.1764463973 -0.3492459644 1.019888781e-23)
(-0.1301818254 -0.3562978112 -1.036267138e-23)
(-0.0668294945 -0.2826155482 -9.6610375e-23)
(-0.007064683907 -0.1162599212 0)
(-0.0009440681981 0.064817415 -1.884273519e-23)
(-0.01196719141 0.1487436421 -1.310220948e-21)
(-0.02451707587 0.1978931857 1.078257635e-21)
(-0.03697608833 0.2219769846 6.647837478e-22)
(-0.04783660867 0.2292820656 5.932451956e-22)
(-0.05729372763 0.2252019961 6.545423553e-22)
(-0.06585472936 0.2126640978 -4.380964709e-23)
(-0.07419608797 0.1927537034 -3.406252737e-22)
(-0.08302717746 0.165338081 2.118207023e-22)
(-0.093022721 0.1295795295 0)
(-0.1047485834 0.0843063297 0)
(-0.1185385428 0.02831116262 2.622539966e-22)
(-0.1342465587 -0.0393033934 8.301683337e-23)
(-0.150840919 -0.1185855816 -2.751748219e-22)
(-0.1657775423 -0.2074333951 -5.340301944e-23)
(-0.1740739428 -0.2991222066 1.32141955e-22)
(-0.167890628 -0.3776435887 -3.325102528e-22)
(-0.1369527955 -0.4119024618 -2.214783321e-23)
(-0.08027082758 -0.3522858985 9.647833701e-23)
(-0.01050192431 -0.1586660098 -6.12397652e-22)
(-0.002295213145 0.07308615481 0)
(-0.01615011595 0.1614767253 2.120604623e-21)
(-0.02742261509 0.2100426904 0)
(-0.03543418639 0.2313702442 -1.336280733e-21)
(-0.03920465713 0.2357810062 6.287435153e-23)
(-0.03994453518 0.2295422503 -6.100842067e-22)
(-0.03889440306 0.2159365713 -4.693102102e-22)
(-0.03728831433 0.1961865372 8.178716355e-22)
(-0.03629726051 0.170190701 -1.855609194e-22)
(-0.03705144214 0.1370842479 0)
(-0.0406500889 0.09555785025 0)
(-0.04810958709 0.04406931963 2.46518445e-23)
(-0.06024083639 -0.01898056359 -5.941446244e-22)
(-0.07729568018 -0.09502765759 -4.263282977e-22)
(-0.09835175045 -0.1844082399 4.60860771e-22)
(-0.1199106148 -0.2842301585 -6.40569784e-22)
(-0.1344300507 -0.3826613522 8.761197218e-23)
(-0.1272178851 -0.449200165 3.586739385e-23)
(-0.0892254875 -0.418636075 5.687476797e-22)
(-0.01528254319 -0.2104981586 6.112436098e-22)
(-0.005210844531 0.0857772895 0)
(-0.0256119656 0.1758671532 1.474022954e-22)
(-0.03565662509 0.2193459918 -4.872994301e-23)
(-0.03771892004 0.2339588937 7.564891695e-22)
(-0.0319630154 0.2327901892 -6.928079694e-22)
(-0.02132549921 0.2228063442 4.692757406e-23)
(-0.008060791119 0.2073564908 -1.01539026e-22)
(0.005951013185 0.1875738944 -3.342933666e-22)
(0.0191154631 0.1633058012 2.039677311e-22)
(0.02996389777 0.1336608774 0)
(0.0370139072 0.09730984971 0)
(0.0387467673 0.05262355903 -2.875200082e-22)
(0.0335413734 -0.002284002122 0)
(0.01994517569 -0.06963011133 -5.487491223e-22)
(-0.003067457179 -0.1517080877 -1.345113517e-23)
(-0.03462119411 -0.2498243114 2.544435855e-23)
(-0.07031060717 -0.3591902252 2.165885428e-22)
(-0.09307612873 -0.4568329779 4.908559474e-24)
(-0.08750110959 -0.4690132795 -5.819349758e-22)
(-0.02106543215 -0.2693759908 0)
(-0.01113227458 0.1085787018 0)
(-0.04278119359 0.1943551101 -8.778346797e-22)
(-0.04867794936 0.2250731399 -5.383106351e-22)
(-0.04039966191 0.2272005475 4.52021516e-22)
(-0.02044669214 0.2171470229 -1.744300587e-24)
(0.005602139524 0.2018315172 -4.526180452e-23)
(0.03433068572 0.1840052036 5.638755377e-22)
(0.06331448063 0.164277798 -2.737633805e-23)
(0.09070952747 0.142225074 -2.046091472e-22)
(0.1148837805 0.1168651552 3.112555585e-23)
(0.1341798396 0.08691297525 -3.397978696e-23)
(0.1467964887 0.05085363929 -3.668182942e-23)
(0.1505860523 0.006917465 3.189919098e-22)
(0.143235941 -0.04723521913 6.09319476e-22)
(0.1220541537 -0.1146829631 -5.084910952e-22)
(0.08513775786 -0.1999294133 -1.620216026e-22)
(0.03092774959 -0.3064032945 1.518991009e-22)
(-0.02438331606 -0.4236039553 7.292248138e-23)
(-0.06522283629 -0.4867325195 1.91154478e-21)
(-0.02514147942 -0.3288198577 2.953032791e-21)
(-0.02003621633 0.146170516 -4.372922419e-23)
(-0.06429879174 0.2112343182 4.399987618e-23)
(-0.05113470099 0.217403844 9.962727842e-22)
(-0.02014557065 0.2009185818 -7.338566186e-24)
(0.02293720219 0.1802519029 0)
(0.06995648124 0.1600547878 4.332956616e-23)
(0.1171984361 0.1411317731 -2.254395831e-22)
(0.1624216313 0.1229930096 -8.944645465e-23)
(0.20410129 0.1047095772 3.644903831e-23)
(0.2408802292 0.08518777905 -1.685472953e-23)
(0.2712690094 0.0632599723 3.401998991e-23)
(0.2935121024 0.03768382727 -6.550815445e-23)
(0.3051759569 0.00700394287 -9.249540575e-23)
(0.3036875846 -0.0304176623 1.513389272e-22)
(0.2853481127 -0.07747766492 0)
(0.2462255635 -0.1396632405 1.511120715e-22)
(0.1804161516 -0.2265151019 2.556284624e-22)
(0.09553789093 -0.3442346187 0)
(-0.006953877069 -0.4550606292 -3.672257393e-21)
(-0.01926628349 -0.3776062422 -2.890695045e-21)
(-0.02588931599 0.2277857832 -9.504565357e-22)
(-0.03993508765 0.2238928746 -1.385833599e-22)
(0.03650799335 0.1809967363 -2.326159434e-22)
(0.1087816334 0.1449123757 -1.187330382e-22)
(0.1811650287 0.1169605718 -4.286980332e-23)
(0.2481484299 0.09597772995 9.732964043e-23)
(0.308904847 0.0797647704 -1.39825522e-22)
(0.3632957927 0.0663927449 1.285602207e-22)
(0.4111973171 0.05442404542 -8.53690227e-23)
(0.4521924896 0.04275131903 1.130833528e-25)
(0.4854396372 0.03045870379 1.516744044e-23)
(0.509550162 0.01672876115 7.946487366e-23)
(0.5226718834 0.0007484392211 -1.803105892e-22)
(0.5224279418 -0.01842453656 -1.613457379e-22)
(0.5046783498 -0.0426943978 -4.260822543e-23)
(0.4654814038 -0.07622442418 0)
(0.3949859863 -0.1285757322 -1.836912975e-22)
(0.2913924176 -0.2208352431 8.138402519e-22)
(0.119616712 -0.3524923738 1.630014177e-21)
(0.02667292948 -0.3775304071 2.171829582e-21)
(0.2143208732 0.1347756092 9.854351645e-22)
(0.2777292266 0.09874473102 0)
(0.4317687642 0.05812271008 -2.589441529e-22)
(0.5305210452 0.03845677894 -1.739080851e-22)
(0.6016147778 0.02620900086 0)
(0.6568784687 0.0182874602 -5.981311816e-23)
(0.7011284608 0.01310827921 6.329809997e-23)
(0.7370963973 0.009526884813 -1.781879356e-23)
(0.7663683393 0.00680598678 2.857020526e-23)
(0.7896414247 0.00448330888 2.292652584e-23)
(0.806940631 0.00225361635 0)
(0.817842463 -0.0001089791062 -2.853579434e-23)
(0.8213497576 -0.002679310705 0)
(0.8160640848 -0.005679198955 2.729437506e-23)
(0.799057214 -0.009591574086 1.428381784e-23)
(0.7679893666 -0.01499685869 -5.78725679e-23)
(0.7106722231 -0.02503365046 -2.529892127e-22)
(0.6235288335 -0.04205241174 -6.909989299e-22)
(0.4230076587 -0.09183996157 0)
(0.2705643445 -0.1524068462 -2.118677456e-21)
)


// ************************************************************************* //
