/*--------------------------------*- C++ -*----------------------------------*\
  =========                 |
  \\      /  F ield         | OpenFOAM: The Open Source CFD Toolbox
   \\    /   O peration     | Website:  https://openfoam.org
    \\  /    A nd           | Version:  13
     \\/     M anipulation  |
\*---------------------------------------------------------------------------*/
FoamFile
{
    format      ascii;
    class       scalarField;
    location    "9.27";
    object      p_all;
}
// * * * * * * * * * * * * * * * * * * * * * * * * * * * * * * * * * * * * * //


400
(
9.661363682e-09
-0.0005177186614
-0.0008332892855
-0.0009367572353
-0.0008380695606
-0.0005691012929
-0.0001665633456
0.0003344801603
0.0008986445149
0.001486896955
0.00205529225
0.002553029571
0.002926456086
0.003123640732
0.003103097014
0.002845251584
0.002366605449
0.001721925513
0.001092095866
0.0005161158944
0.000555408048
5.677025882e-06
-0.0003310245216
-0.0004489459023
-0.0003955060363
-0.0001970961644
0.0001170650765
0.0005178804298
0.0009743652089
0.001450017018
0.001907358679
0.00229583594
0.002566702947
0.002673616512
0.002582521638
0.002282888462
0.001797951035
0.001188746993
0.0006179126585
-2.492331134e-05
0.0008912698478
0.0002823991877
-8.962530773e-05
-0.0002106750947
-0.0001789132149
-2.40596197e-05
0.000229454221
0.0005596933703
0.0009427330895
0.001348780717
0.001740212175
0.002071045311
0.002290967145
0.002352204106
0.002219604454
0.001881778317
0.001359589135
0.0007059441249
3.542046506e-05
-0.0007752324002
0.0008973342612
0.0002186494355
-0.0001992485627
-0.0003242391089
-0.0003038407656
-0.0001743615585
4.244271862e-05
0.000332296732
0.0006800965339
0.001063766025
0.001446997661
0.001784106932
0.002017265041
0.002087816819
0.001947627374
0.001572512297
0.000971953915
0.0001897321521
-0.0006905533234
-0.001799660295
0.0004081429798
-0.0003167726992
-0.0007614075731
-0.0008830110866
-0.0008686086327
-0.0007592478115
-0.0005721131281
-0.0003107896834
2.214149582e-05
0.0004152329987
0.0008386446175
0.001244855646
0.001565234709
0.001721729779
0.001640110229
0.001268013035
0.0005905709057
-0.0003620873731
-0.001528933348
-0.003005468389
-0.0007188989964
-0.001461267151
-0.001915600108
-0.002032574868
-0.002031575762
-0.00195541255
-0.001812999252
-0.00159225943
-0.001276816771
-0.0008599248
-0.0003583640052
0.0001841111458
0.000687561723
0.001046549835
0.001143704894
0.0008746834447
0.0001759658147
-0.0009507125157
-0.002471105541
-0.004414686729
-0.002615038451
-0.003344344666
-0.003801753447
-0.003927160706
-0.003968857269
-0.003968535732
-0.003922383478
-0.003796013025
-0.003544426676
-0.003129885741
-0.002542001025
-0.001805937928
-0.001005647179
-0.000277284174
0.0001985406747
0.0002291228485
-0.0003418155586
-0.001577849822
-0.003496550809
-0.006019230309
-0.005388627473
-0.006080389866
-0.006544646273
-0.006710333714
-0.006852124359
-0.007008830338
-0.007160162656
-0.007242331487
-0.007169622518
-0.006855305495
-0.006238819668
-0.005289684325
-0.004082456387
-0.002772436652
-0.001619261139
-0.0009523150707
-0.00109411088
-0.002249906472
-0.004555015873
-0.007771722697
-0.009114293342
-0.009749179228
-0.01023247558
-0.0104861088
-0.01081063361
-0.01124310712
-0.01174568916
-0.01221986976
-0.01252703146
-0.01250761169
-0.0120044491
-0.01093004972
-0.009262612673
-0.007151401825
-0.004932358765
-0.003120232596
-0.002309300937
-0.002982510273
-0.005535472282
-0.009527939764
-0.01381818545
-0.01437928624
-0.01489386053
-0.01528387933
-0.01588082389
-0.01672617334
-0.01776840053
-0.01887356734
-0.01984121259
-0.02041952275
-0.02033122449
-0.01932881403
-0.01726702806
-0.01420398086
-0.01050320025
-0.006882042875
-0.004323727313
-0.003795827413
-0.006220187069
-0.01096249109
-0.01947137325
-0.01993869106
-0.02047991863
-0.02102513711
-0.02195332579
-0.02332358953
-0.02508059551
-0.02706045385
-0.02899945904
-0.03054013538
-0.03125155171
-0.03068142378
-0.02847360085
-0.02447985202
-0.01898215057
-0.01284141921
-0.00750225511
-0.004665964034
-0.006209370604
-0.01143323979
-0.02600243184
-0.02634130151
-0.0268607727
-0.02750421506
-0.02873616435
-0.03065517901
-0.03321723804
-0.03623867702
-0.03939843842
-0.04223247894
-0.04414233228
-0.04443612867
-0.04248076691
-0.0378017213
-0.03043283232
-0.02120879603
-0.01197883852
-0.005368837438
-0.004791556327
-0.009771652512
-0.03334293261
-0.03347583402
-0.03384093254
-0.03439017707
-0.03574965626
-0.03808816967
-0.04138942351
-0.04545869525
-0.04992449364
-0.0542233008
-0.05759720786
-0.05913163766
-0.05781866631
-0.0528381267
-0.04379695032
-0.03124444404
-0.01719078246
-0.005159272297
-0.0007185732463
-0.003992744898
-0.04153048356
-0.04126515636
-0.04119773429
-0.04125669196
-0.04236759965
-0.0448054281
-0.0485911276
-0.0535160199
-0.05915455228
-0.06484736249
-0.06968642529
-0.07253468544
-0.07209328888
-0.0671094484
-0.05668759492
-0.04084550775
-0.0213777781
-0.002332865999
0.008144871736
0.009030123156
-0.05090716616
-0.0497369451
-0.04870002478
-0.04759624094
-0.04786904898
-0.04991918184
-0.05378956442
-0.05922946473
-0.06573299818
-0.07252927132
-0.07855956253
-0.08248078566
-0.08272854033
-0.07765507165
-0.06586688662
-0.04670668996
-0.02142726533
0.006117858301
0.02525018589
0.03395300486
-0.06260347395
-0.05922790254
-0.05621709398
-0.05292207382
-0.05158230369
-0.05267158998
-0.05618533172
-0.06176698286
-0.06876815674
-0.07626478838
-0.08302218247
-0.0874824192
-0.0878320602
-0.08204461666
-0.0683066644
-0.04524951564
-0.01349940072
0.02464392548
0.05573618308
0.07748542566
-0.07926706118
-0.07025652534
-0.06342030744
-0.05654110075
-0.05279168596
-0.05245096941
-0.0553093108
-0.06077095331
-0.06797667626
-0.07578976433
-0.08275795255
-0.08708071569
-0.08667598144
-0.07915716927
-0.06227070889
-0.03406435376
0.005331149161
0.05857923595
0.1057080932
0.1479252374
-0.1097892758
-0.08524367928
-0.07114566654
-0.05860233808
-0.0515504023
-0.04937210962
-0.05138246467
-0.05657283441
-0.06376380198
-0.0715536864
-0.07825062845
-0.08180978275
-0.07993755998
-0.06956683387
-0.04820846336
-0.01293556238
0.03787492343
0.1067783227
0.17762776
0.2561090019
-0.1679096706
-0.09946964912
-0.0747504448
-0.05464586506
-0.04444856068
-0.04126524854
-0.04317583911
-0.04860925381
-0.0560679188
-0.06394144246
-0.07036906964
-0.07313136403
-0.06949615642
-0.0567358352
-0.03104454647
0.01167785435
0.07519342631
0.1659494127
0.2756984963
0.4372664703
-0.3979135655
-0.1377043514
-0.07476715897
-0.04701146776
-0.0334650472
-0.02980661209
-0.03236234623
-0.03859509786
-0.04670459507
-0.05498989164
-0.06156724364
-0.06422379676
-0.06040515406
-0.04666020732
-0.01871720503
0.02974749701
0.106609465
0.233012283
0.4194490225
0.7796073455
)


// ************************************************************************* //
