/*--------------------------------*- C++ -*----------------------------------*\
  =========                 |
  \\      /  F ield         | OpenFOAM: The Open Source CFD Toolbox
   \\    /   O peration     | Website:  https://openfoam.org
    \\  /    A nd           | Version:  13
     \\/     M anipulation  |
\*---------------------------------------------------------------------------*/
FoamFile
{
    format      ascii;
    class       vectorField;
    location    "49.86";
    object      U_all;
}
// * * * * * * * * * * * * * * * * * * * * * * * * * * * * * * * * * * * * * //


400
(
(1.100884164e-05 -3.782993204e-05 0)
(-0.000666092154 0.0004130433095 -1.551473891e-23)
(-0.00218537367 0.0009203943979 0)
(-0.004047831895 0.001312781385 0)
(-0.005971866829 0.00153506502 6.845947265e-25)
(-0.007762782232 0.001569846177 4.151231372e-24)
(-0.009284546101 0.001423562535 -7.374840841e-24)
(-0.0104359443 0.001119724214 7.529317154e-24)
(-0.01113681761 0.0006960854065 -2.0953535e-25)
(-0.01132711295 0.0002030807665 -3.994562068e-24)
(-0.01097177161 -0.0003002317242 5.803553457e-24)
(-0.01007232543 -0.0007475165073 -5.929512857e-23)
(-0.008679877818 -0.001075564139 -6.552620554e-23)
(-0.006902852197 -0.001233045883 -7.784171136e-23)
(-0.004910738707 -0.001192639312 4.573508254e-24)
(-0.002927232886 -0.0009619206765 -4.13785867e-24)
(-0.001205299469 -0.0005912120213 -1.998710811e-22)
(-1.90678644e-05 -0.0001698837317 0)
(0.0005181550578 0.0001720845494 1.509244838e-25)
(0.000222751707 0.0003059789102 -2.54794192e-24)
(-0.00026336114 0.0008289724639 1.382839261e-25)
(-0.002703302778 0.003383843097 1.561273755e-23)
(-0.006907275581 0.005604503023 1.555646144e-25)
(-0.01195232026 0.007008209642 -8.496011371e-25)
(-0.01713504537 0.007553777069 1.162220503e-24)
(-0.02197535424 0.00729419877 1.30699335e-23)
(-0.02611075964 0.006321892241 1.387593487e-24)
(-0.02926564674 0.004754192228 -7.281078604e-24)
(-0.03122673166 0.002737153321 1.015205483e-23)
(-0.03184201308 0.0004524091505 4.509890464e-24)
(-0.03102761759 -0.00188414153 -6.318819366e-24)
(-0.02879316787 -0.004023028022 2.961830009e-24)
(-0.02527138332 -0.005708355056 3.895491989e-23)
(-0.02073194773 -0.006707411294 -1.954743298e-24)
(-0.01558962596 -0.006854142109 3.754424807e-24)
(-0.01038513478 -0.006097466116 -9.740836105e-23)
(-0.005730273398 -0.00454618841 9.637447551e-23)
(-0.002233367494 -0.002507420988 -3.960789835e-25)
(-0.0001817736464 -0.0005023738669 4.060681677e-25)
(8.343681758e-05 0.0006099253614 0)
(-0.0004188229467 0.002935081131 -2.91029217e-25)
(-0.004647873177 0.00880401588 1.701924405e-23)
(-0.01137195873 0.01324042467 -8.28520867e-24)
(-0.01932729116 0.01579204313 -2.075777856e-25)
(-0.02747411926 0.01653000378 2.039235018e-25)
(-0.03511779101 0.01564441979 6.801848476e-27)
(-0.04171344964 0.01335997678 -1.220081248e-24)
(-0.04683571698 0.009919769355 -4.551163134e-25)
(-0.05014988861 0.005602430766 -1.063021678e-23)
(-0.05141231949 0.000744419175 0)
(-0.05047793448 -0.004241780244 0)
(-0.04733706549 -0.008887185765 2.67097158e-23)
(-0.04215928152 -0.01268176841 2.812991296e-23)
(-0.03531437567 -0.01513605195 -1.646149001e-24)
(-0.0273899632 -0.01586189699 4.845826039e-23)
(-0.01917005934 -0.01467334353 9.419145178e-23)
(-0.01156090785 -0.01169360526 3.975659678e-23)
(-0.005465411985 -0.007450743668 4.141460267e-25)
(-0.001451098314 -0.002936043314 1.074034936e-25)
(-9.072605116e-05 0.00022587655 0)
(-0.0005024635084 0.006045352204 -4.248684909e-23)
(-0.00640274023 0.01637075792 -1.692149274e-23)
(-0.01553502368 0.0235593368 8.21206061e-24)
(-0.02627911982 0.02744162665 0)
(-0.03728746822 0.02832102336 0)
(-0.04769037726 0.02658772857 0)
(-0.05679663368 0.02263120698 -4.464923169e-26)
(-0.06405384322 0.01683609501 -2.137093296e-24)
(-0.06901081675 0.009622183522 0)
(-0.07130827977 0.0014910482 1.635347857e-24)
(-0.07070853632 -0.006936505984 2.802678173e-25)
(-0.06713039601 -0.01493018988 -2.810525606e-25)
(-0.06069905882 -0.02166728224 0)
(-0.05180750836 -0.02631605796 4.13317715e-23)
(-0.04114991922 -0.0281607094 -4.68154021e-23)
(-0.0297197037 -0.02677372319 -2.76192204e-23)
(-0.01873716727 -0.02221530573 -3.960803725e-23)
(-0.009488028042 -0.01521922177 7.796025359e-25)
(-0.00297687891 -0.007298194227 9.7904855e-23)
(-0.0002318788808 -0.0008661683528 0)
(-0.0005316136418 0.01009501718 4.269345163e-23)
(-0.007983593943 0.02595219928 4.785530232e-25)
(-0.01939687594 0.03642883213 -4.676230286e-25)
(-0.03282382512 0.04185520954 0)
(-0.04664689055 0.04289485364 7.783133115e-25)
(-0.05985229816 0.04020074182 -7.675217145e-25)
(-0.07163291679 0.034347419 3.672357098e-23)
(-0.08132751649 0.02585664346 1.848267692e-23)
(-0.08836601458 0.01527298515 6.238988667e-24)
(-0.09225469819 0.003246147113 -1.637253059e-24)
(-0.09260379961 -0.009407833759 0)
(-0.08917555636 -0.02167478224 4.370440762e-25)
(-0.08195979412 -0.03236745247 1.008946461e-23)
(-0.07126885672 -0.04021250277 -4.349202561e-23)
(-0.0578201908 -0.04402046429 1.932855043e-24)
(-0.04278583179 -0.04294829423 4.217200744e-23)
(-0.02775450434 -0.03683346958 -3.841703109e-25)
(-0.01455062306 -0.02652720967 0)
(-0.004859461682 -0.01408454474 5.43653054e-23)
(-0.000364147788 -0.002846953745 -2.565091769e-22)
(-0.0005272209253 0.01499927685 9.841649572e-23)
(-0.00937792549 0.03739022545 -4.907903761e-25)
(-0.02288182933 0.0517022347 0)
(-0.03883043725 0.05894183608 0)
(-0.05538656956 0.0602557498 -8.732164497e-23)
(-0.07142876855 0.05661901266 -8.49913154e-23)
(-0.08606654399 0.04880168895 -4.067618002e-23)
(-0.09855086352 0.03743980629 -1.504399252e-23)
(-0.1081945354 0.02315984076 -5.369010885e-24)
(-0.114344477 0.006709679886 -8.175045322e-24)
(-0.1164046242 -0.01093292184 6.601196104e-24)
(-0.1138937424 -0.02848945175 8.826894045e-24)
(-0.1065486998 -0.04437046452 -1.892319686e-23)
(-0.09446804235 -0.05675333965 4.608829858e-24)
(-0.07826857116 -0.06378298823 0)
(-0.05922895641 -0.06393495521 -1.572827109e-23)
(-0.03933982035 -0.05653816327 -2.430752595e-26)
(-0.02114188851 -0.04235809134 0)
(-0.007318702607 -0.02398229425 -1.520658097e-22)
(-0.0005216162787 -0.005925545257 6.056296744e-22)
(-0.0004990816472 0.02064574575 -9.774599935e-23)
(-0.01052950925 0.05045438283 2.83199558e-22)
(-0.02582957519 0.06912512018 1.526868345e-22)
(-0.04402138507 0.07849258379 3.619303712e-24)
(-0.06310739437 0.08029476904 -7.319378768e-23)
(-0.08190405353 0.07588043298 9.043590678e-23)
(-0.09947763943 0.06621690918 -3.590231025e-24)
(-0.1150227405 0.05201695154 -1.729178134e-24)
(-0.1277519212 0.03392358506 2.524172589e-24)
(-0.1368472634 0.01270233168 7.382676558e-24)
(-0.1414710552 -0.0105878239 -6.500938249e-24)
(-0.1408248207 -0.034460245 -9.788337055e-24)
(-0.1342745988 -0.05692771915 -3.26172241e-23)
(-0.1215450258 -0.07553316472 -3.661673777e-23)
(-0.1029672675 -0.08754260811 5.646329788e-25)
(-0.0797637008 -0.09039209858 0)
(-0.0542668262 -0.08244513863 0)
(-0.02987161016 -0.06397736924 -2.906086118e-24)
(-0.01066285176 -0.03798794763 2.970535824e-24)
(-0.000735093713 -0.01050089511 1.027873735e-22)
(-0.0004479163118 0.02687251311 0)
(-0.0113492322 0.06480757735 2.001980846e-22)
(-0.02801599689 0.08829617499 8.9620336e-23)
(-0.04799857441 0.1001234981 0)
(-0.06920602195 0.1027076596 1.569891914e-22)
(-0.0904437348 0.09781579056 0)
(-0.1107831715 0.08661103392 -1.428393675e-22)
(-0.1294093801 0.06983950585 6.515583712e-24)
(-0.1454771675 0.04808232286 0)
(-0.1580351852 0.02201755548 0)
(-0.1660133492 -0.007334440828 -1.374416688e-24)
(-0.1682671591 -0.03838839908 -9.316866367e-25)
(-0.1637064727 -0.06883976096 1.491990524e-22)
(-0.1515208789 -0.09558276044 -4.704616688e-23)
(-0.1315134578 -0.1148298689 -2.561010649e-24)
(-0.1045596095 -0.1225703439 1.534763562e-24)
(-0.07309350037 -0.1155517989 -1.558973355e-24)
(-0.04135021582 -0.09283115731 0)
(-0.01525230326 -0.05740767735 3.203825912e-24)
(-0.001044309226 -0.01714714503 -1.01291757e-21)
(-0.0003744667189 0.03346304702 0)
(-0.01175006123 0.07998919062 -1.128296071e-22)
(-0.02920707958 0.1086390979 -6.191165026e-22)
(-0.05031745065 0.1232234027 -3.75531477e-22)
(-0.07296317548 0.1269097071 0)
(-0.09598960397 0.1219255677 4.119468414e-22)
(-0.1185273514 0.1096348678 1.260929716e-22)
(-0.139814646 0.09078246146 -5.581848012e-24)
(-0.1590221595 0.06581393325 5.554220864e-24)
(-0.1751461048 0.03520881129 0)
(-0.1869560027 -0.0001967480352 2.912133815e-23)
(-0.1930172688 -0.03889754521 4.695850869e-24)
(-0.191780995 -0.07843888784 -1.076813799e-22)
(-0.1817874469 -0.1151865409 8.00426745e-23)
(-0.1620570464 -0.1442599499 -2.419756253e-22)
(-0.1327062024 -0.1598548664 0)
(-0.09577888321 -0.1563112918 0)
(-0.05601633154 -0.1302981108 0)
(-0.02147859183 -0.08381135253 0)
(-0.001500384719 -0.02665516335 5.572134605e-22)
(-0.0002873901546 0.04016077843 0)
(-0.01169359677 0.09543611852 -3.493025165e-22)
(-0.02924438342 0.1294073671 8.932816423e-22)
(-0.05060947308 0.1469299211 3.617186832e-22)
(-0.07370082664 0.1519748712 0)
(-0.09745151188 0.1472757995 -3.862565512e-22)
(-0.1211069851 0.1344191979 -3.17443766e-23)
(-0.1440324809 0.1141393344 3.333111313e-22)
(-0.1655143266 0.08670006803 1.769477428e-22)
(-0.1846248554 0.05229123587 -4.060156373e-23)
(-0.2001325842 0.01141716167 1.656822269e-23)
(-0.2104622471 -0.03471424286 -8.265257806e-24)
(-0.2137208553 -0.08376563842 3.371861867e-22)
(-0.207821552 -0.1318756379 0)
(-0.1908238555 -0.1732756172 2.420925285e-22)
(-0.1616335753 -0.2002593431 5.774807457e-24)
(-0.1211662702 -0.2040121743 -5.860926918e-24)
(-0.07384989873 -0.1772119984 1.54845813e-22)
(-0.02971786861 -0.1188642344 -5.435491979e-24)
(-0.002179545184 -0.04005398796 0)
(-0.0002117198494 0.04671640083 0)
(-0.01125001086 0.1105498153 0)
(-0.02815624474 0.1497355044 -5.022765659e-22)
(-0.04874479297 0.1701517649 -1.881000672e-23)
(-0.07100086599 0.1766257189 2.038381735e-23)
(-0.09399451451 0.1724526546 -2.014314196e-23)
(-0.1171434298 0.1594871015 -2.316887514e-23)
(-0.1400179507 0.1384805103 -3.029829253e-22)
(-0.1621328897 0.1095160731 6.69861825e-23)
(-0.1827959045 0.07245187061 4.513182834e-23)
(-0.2009835564 0.02734928861 -4.577724618e-23)
(-0.215227027 -0.02508697835 0)
(-0.2235562218 -0.08298351526 -7.839697633e-23)
(-0.2234632202 -0.1427257356 0)
(-0.2120679439 -0.1981820912 -3.739567145e-22)
(-0.1867434557 -0.2400773731 5.24496413e-22)
(-0.1464438312 -0.2560773449 0)
(-0.09394567788 -0.2331209537 -1.494003904e-22)
(-0.04022001021 -0.1639613682 1.937560473e-22)
(-0.003201100274 -0.0586106322 -3.411539961e-22)
(-0.0002015408053 0.05297585212 0)
(-0.01067261856 0.1248172413 9.182881226e-22)
(-0.02628446649 0.1687424617 -2.440688662e-23)
(-0.04501107763 0.1916455182 9.193348084e-22)
(-0.06494597425 0.1992921095 -2.512089291e-23)
(-0.08536628443 0.1956104352 2.838848025e-23)
(-0.1059305639 0.1827886868 -2.81293405e-23)
(-0.1264924179 0.1616583525 -1.660920135e-23)
(-0.1468996839 0.132176231 -5.260235467e-22)
(-0.1668458149 0.09389646676 -8.906638638e-24)
(-0.1857303017 0.04640576288 9.660204224e-24)
(-0.2024781678 -0.01023784819 3.313080423e-22)
(-0.2154154606 -0.07499820477 -5.82074477e-22)
(-0.2220209709 -0.145031186 0)
(-0.21880321 -0.2146760646 8.887333588e-22)
(-0.2016257524 -0.2740016456 -4.940896169e-22)
(-0.1668639195 -0.3075811992 -1.572226271e-23)
(-0.1140220097 -0.2953811945 0)
(-0.05288482041 -0.2195802603 -1.890194002e-22)
(-0.004749188166 -0.08377278045 3.360597561e-22)
(-0.0003641986032 0.05902317898 1.551012205e-23)
(-0.01049573947 0.1379881525 -8.764208369e-22)
(-0.02441389493 0.1856804134 -1.157060197e-21)
(-0.04026724339 0.2101384788 -8.628996417e-22)
(-0.05630729478 0.2182348948 0)
(-0.07214856386 0.2146190301 3.513809104e-23)
(-0.08779221429 0.2018791979 -7.294874581e-23)
(-0.103456277 0.1810005625 5.867891134e-23)
(-0.1193983852 0.151899725 3.021370302e-22)
(-0.1357931526 0.1139150571 -1.12819691e-23)
(-0.1526082301 0.06621424918 0)
(-0.1694521358 0.008177202695 -3.603932729e-22)
(-0.1852760582 -0.06015987808 7.515674043e-22)
(-0.1980448505 -0.1372747027 8.83171067e-22)
(-0.2043546255 -0.2189261907 -5.296632637e-22)
(-0.1990977608 -0.2959712937 5.162695277e-22)
(-0.1760605329 -0.3514072616 1.078236071e-23)
(-0.1300890633 -0.3584150812 -1.095551162e-23)
(-0.06688803324 -0.2843276534 -8.215232144e-23)
(-0.007083319962 -0.1169964427 0)
(-0.0009095778232 0.06540041648 -1.911488909e-23)
(-0.01167591742 0.1502816432 -1.32696686e-21)
(-0.02388882022 0.2000659588 1.094238521e-21)
(-0.03601340295 0.2244217 6.734935114e-22)
(-0.04657308552 0.2316588276 6.014636137e-22)
(-0.05577038259 0.2272393725 6.643961877e-22)
(-0.0641124546 0.2141774898 -4.458681418e-23)
(-0.07227561322 0.1936494395 -3.461339792e-22)
(-0.08096972607 0.1656028322 2.152164073e-22)
(-0.09087191975 0.1292707352 0)
(-0.1025547419 0.08353082393 0)
(-0.1163622126 0.02720010616 2.655398602e-22)
(-0.1321589531 -0.04062006133 8.194326772e-23)
(-0.1489252294 -0.120012832 -2.821626044e-22)
(-0.1641284262 -0.2089300702 -5.41127546e-23)
(-0.1727877606 -0.300699252 1.3019523e-22)
(-0.1670311297 -0.3793329118 -3.400510116e-22)
(-0.1365292436 -0.4136451987 -1.593800606e-23)
(-0.08018250142 -0.353832622 8.204004938e-23)
(-0.01050762296 -0.1594130577 -6.032152401e-22)
(-0.002260498582 0.07348883559 0)
(-0.01580355672 0.1626521787 2.145876568e-21)
(-0.02665042543 0.2117904762 0)
(-0.03422339497 0.2333947301 -1.351808922e-21)
(-0.0375939832 0.2377766854 6.184058545e-23)
(-0.0379968502 0.2312553546 -6.193099198e-22)
(-0.03668265629 0.2171899027 -4.756287263e-22)
(-0.03489036038 0.1968934501 8.301260427e-22)
(-0.03378837598 0.1703342385 -1.885699491e-22)
(-0.0344987613 0.1367221072 0)
(-0.03811572421 0.09479673543 0)
(-0.04564992163 0.04304286486 2.410614304e-23)
(-0.05790804066 -0.02013781327 -6.007202062e-22)
(-0.07514598347 -0.09620650298 -4.309569607e-22)
(-0.09645174829 -0.185555618 4.637865186e-22)
(-0.1183462605 -0.2853567779 -6.488740833e-22)
(-0.1332715374 -0.3838386543 9.11995031e-23)
(-0.1265350984 -0.4504358724 2.937283085e-23)
(-0.08899154076 -0.4198536386 5.660441002e-22)
(-0.01526917933 -0.2111719737 6.020785156e-22)
(-0.005180899523 0.08598045951 0)
(-0.02525550695 0.1766291199 1.465579474e-22)
(-0.03483407941 0.2205961569 -4.917148114e-23)
(-0.03640013783 0.2354859369 7.642935803e-22)
(-0.03018482902 0.2343406772 -7.005382404e-22)
(-0.01916579222 0.2241603899 4.746483429e-23)
(-0.005615147566 0.2083525856 -1.018610219e-22)
(0.008569610857 0.1881241094 -3.389890502e-22)
(0.02179886496 0.1633911271 2.062823652e-22)
(0.0326278178 0.1333242729 0)
(0.03958458844 0.09664086113 0)
(0.0411701352 0.05174056355 -2.902669069e-22)
(0.03578484063 -0.003255398703 0)
(0.02198184901 -0.07058360922 -5.512189464e-22)
(-0.001264844118 -0.1525735514 -1.492378191e-23)
(-0.03310469719 -0.2505949852 2.559743366e-23)
(-0.06909235693 -0.3599341521 2.203146582e-22)
(-0.09227826926 -0.4575424532 4.788065446e-24)
(-0.08718089894 -0.4698129421 -5.789409248e-22)
(-0.02103127147 -0.26989723 0)
(-0.01111631539 0.108597497 0)
(-0.04248901826 0.1947151676 -8.848484934e-22)
(-0.04795528874 0.2258195514 -5.411042981e-22)
(-0.03919535878 0.2282135565 4.543819947e-22)
(-0.01877830199 0.2182328147 -1.709987224e-24)
(0.007664315358 0.2028220367 -4.561052633e-23)
(0.03667993595 0.1847619779 5.696684956e-22)
(0.06582998825 0.1647118223 -2.766891586e-23)
(0.09327131155 0.1423128182 -2.069782547e-22)
(0.1173891633 0.1166274939 3.142214795e-23)
(0.1365461711 0.08641143862 -3.425918509e-23)
(0.1489669289 0.0501766898 -3.690595522e-23)
(0.1525275799 0.006159166354 3.205634834e-22)
(0.1449367046 -0.04796127083 6.119608904e-22)
(0.1235159804 -0.1153052913 -5.10117421e-22)
(0.08633533531 -0.2004195652 -1.616060305e-22)
(0.03199089368 -0.3067806593 1.531305989e-22)
(-0.02362123104 -0.4239837148 7.293650753e-23)
(-0.06492413033 -0.4871612792 1.913291365e-21)
(-0.02509971701 -0.3291544746 2.95499118e-21)
(-0.02004680463 0.1460727399 -4.390209244e-23)
(-0.06416406234 0.2112955856 4.417382005e-23)
(-0.0507023054 0.2177300474 1.000189114e-21)
(-0.01934097298 0.2014679985 -8.270576517e-24)
(0.02414465001 0.1809076185 0)
(0.07154122169 0.1606933357 4.363725209e-23)
(0.1190703421 0.1416495504 -2.273853289e-22)
(0.164476735 0.1233181831 -9.027963093e-23)
(0.2062251179 0.1048117301 3.680736881e-23)
(0.2429643043 0.08507140125 -1.701655616e-23)
(0.2732207599 0.06296147686 3.429971819e-23)
(0.2952536127 0.03726293808 -6.592684391e-23)
(0.3066971076 0.006535067864 -9.303908544e-23)
(0.3049738326 -0.0308777008 1.517045058e-22)
(0.286393626 -0.07786291 0)
(0.2470568093 -0.1399300372 1.505613572e-22)
(0.1810922242 -0.2266299754 2.560013718e-22)
(0.09604450288 -0.3443894949 0)
(-0.006697615685 -0.455221022 -3.675634417e-21)
(-0.01922408199 -0.377753759 -2.892620662e-21)
(-0.02591951317 0.2276828796 -9.514205277e-22)
(-0.03998324686 0.2238216525 -1.388976872e-22)
(0.03656136851 0.1810585355 -2.335583315e-22)
(0.1090503051 0.1451059089 -1.193742996e-22)
(0.18171912 0.1172445497 -4.2958297e-23)
(0.2490090742 0.09627907687 9.783192885e-23)
(0.3100336715 0.08002510493 -1.408593714e-22)
(0.3646209347 0.06656815415 1.297176323e-22)
(0.412625251 0.05449178957 -8.62012655e-23)
(0.4536250316 0.0427089497 1.132185524e-25)
(0.4867878739 0.03032298441 1.527742652e-23)
(0.5107451379 0.01652901859 7.997209321e-23)
(0.5236597469 0.0005365142408 -1.811124865e-22)
(0.5231798025 -0.01863373268 -1.617147177e-22)
(0.5052323429 -0.04286478976 -4.262960146e-23)
(0.4658715088 -0.076332312 0)
(0.3952696502 -0.1286089385 -1.846476361e-22)
(0.2916071051 -0.2208468099 8.148762359e-22)
(0.1197455107 -0.3525016903 1.631601413e-21)
(0.02670547263 -0.377549798 2.172655828e-21)
(0.2142894469 0.1347447206 9.864990346e-22)
(0.2776311183 0.09870503525 0)
(0.4316592288 0.05810414833 -2.594322079e-22)
(0.5304749348 0.03846264945 -1.741667989e-22)
(0.6016965754 0.02623419113 0)
(0.6571198964 0.01831923483 -6.009099716e-23)
(0.701521361 0.01313600862 6.378009212e-23)
(0.7376042507 0.009542126508 -1.800158492e-23)
(0.7669368423 0.006804463734 2.885977022e-23)
(0.7902106691 0.004464743963 2.315035061e-23)
(0.8074555015 0.002221319856 0)
(0.8182621359 -0.0001500750194 -2.873034719e-23)
(0.8216499718 -0.002723848332 0)
(0.8162394199 -0.005712668699 2.738153989e-23)
(0.7991333149 -0.009611382861 1.421694628e-23)
(0.7679986346 -0.01500255107 -5.799401051e-23)
(0.7106555755 -0.02502519953 -2.535660314e-22)
(0.6235183981 -0.04204285407 -6.918100923e-22)
(0.4230091021 -0.0918296808 0)
(0.2705674689 -0.1524021841 -2.119483695e-21)
)


// ************************************************************************* //
