/*--------------------------------*- C++ -*----------------------------------*\
  =========                 |
  \\      /  F ield         | OpenFOAM: The Open Source CFD Toolbox
   \\    /   O peration     | Website:  https://openfoam.org
    \\  /    A nd           | Version:  13
     \\/     M anipulation  |
\*---------------------------------------------------------------------------*/
FoamFile
{
    format      ascii;
    class       vectorField;
    location    "6.9";
    object      U_all;
}
// * * * * * * * * * * * * * * * * * * * * * * * * * * * * * * * * * * * * * //


400
(
(-1.666643069e-06 -1.643673256e-05 0)
(-0.0006443891233 0.0003963804584 -1.339206984e-23)
(-0.002034755499 0.0008522415928 0)
(-0.003728797442 0.001203050122 0)
(-0.005474677343 0.001400947552 4.508552131e-25)
(-0.007102991319 0.001430834843 3.905254459e-24)
(-0.008495691083 0.001298611584 1.143934941e-24)
(-0.009564825298 0.001024777492 1.677131754e-23)
(-0.01023965393 0.0006419581727 -2.922037503e-25)
(-0.01046460576 0.000193650559 -5.312624148e-24)
(-0.01020413299 -0.0002685150583 7.351938783e-24)
(-0.009452434428 -0.0006859484021 -7.283229623e-23)
(-0.008245142333 -0.001001164117 -8.1334399e-23)
(-0.006668952333 -0.001165677743 -9.572584549e-23)
(-0.004866718053 -0.001150749188 5.846200285e-24)
(-0.003034022656 -0.0009579852112 -5.625108538e-24)
(-0.001402388316 -0.000626958044 -3.111674281e-22)
(-0.0002202044123 -0.0002335373226 0)
(0.0003757962537 9.878361409e-05 7.014886116e-25)
(0.0001858874614 0.0002534919273 -7.514786317e-23)
(-0.0002412385895 0.0007944821723 1.192573675e-25)
(-0.002460584681 0.003104630254 1.348518547e-23)
(-0.006246102633 0.005085185736 1.262581639e-25)
(-0.01078040677 0.006333920537 -5.711539347e-25)
(-0.01544086016 0.006822718176 7.031044344e-25)
(-0.0198090169 0.0066008224 5.663585251e-24)
(-0.02356982086 0.005748805304 9.009553593e-24)
(-0.02648251189 0.004366391939 -1.630261639e-23)
(-0.02835695566 0.00257620644 1.523185071e-23)
(-0.0290502808 0.0005309088145 6.026427833e-24)
(-0.02847439219 -0.001582900853 -8.00946973e-24)
(-0.0266183296 -0.003549828587 2.09098245e-24)
(-0.02357567221 -0.005139984143 4.641670737e-23)
(-0.0195634431 -0.006136924141 -2.613399801e-24)
(-0.01493350281 -0.006375973544 5.182298973e-24)
(-0.01016143538 -0.00578909922 -1.536277597e-22)
(-0.005803576127 -0.004448840431 1.555723278e-22)
(-0.00242747176 -0.002605662391 -1.481782825e-24)
(-0.0003571247864 -0.0007211489035 1.519141286e-24)
(4.682195007e-05 0.0004441366712 0)
(-0.0003691261409 0.002686620009 -2.414680455e-25)
(-0.004144971446 0.007945350953 1.221335554e-23)
(-0.0101353728 0.01188976297 -8.403806008e-24)
(-0.01722970768 0.01416195459 -1.128872795e-25)
(-0.02451320131 0.01483960761 1.108992943e-25)
(-0.03138019258 0.01409340031 2.119973908e-25)
(-0.03735559484 0.01211676806 -8.573546812e-24)
(-0.04206520503 0.009113235162 -9.705436106e-25)
(-0.04520771044 0.005313139032 -1.595495142e-23)
(-0.04654964645 0.0009964808067 0)
(-0.04594099341 -0.003489708801 0)
(-0.04334472348 -0.007735188757 3.481354845e-23)
(-0.03887445569 -0.01128396536 3.67997172e-23)
(-0.03282895837 -0.01368304426 -2.363438522e-24)
(-0.02571048513 -0.01455453452 7.505748613e-23)
(-0.01821297989 -0.01368878177 1.48772006e-22)
(-0.01116201466 -0.01114636338 1.052477853e-22)
(-0.005402029088 -0.007352419135 2.631057555e-24)
(-0.001517794653 -0.003164287891 -1.069254237e-24)
(-9.910185786e-05 -1.638923828e-05 0)
(-0.0004344212045 0.005442974558 -3.12177706e-23)
(-0.005653163787 0.01464525728 -1.207405647e-23)
(-0.0137417561 0.02103437466 8.302037554e-24)
(-0.02328486594 0.02450812908 0)
(-0.033101592 0.02535077378 0)
(-0.04243245118 0.02390691968 0)
(-0.05067188782 0.02050879323 -3.299716874e-25)
(-0.05732971513 0.01547456668 4.014564274e-24)
(-0.06199477459 0.009146664139 0)
(-0.06432800427 0.001938659454 3.699395287e-24)
(-0.06408303641 -0.00562842636 4.182772945e-25)
(-0.06114555711 -0.0129153978 -4.194485813e-25)
(-0.0555872938 -0.01918494692 0)
(-0.04772243822 -0.02366775208 6.71168367e-23)
(-0.03814804508 -0.02567453402 -7.27014585e-23)
(-0.02774955081 -0.0247549144 -6.093340701e-23)
(-0.0176416986 -0.02088520325 -1.06228435e-22)
(-0.009024042848 -0.01464828143 6.87027525e-25)
(-0.002884404359 -0.007346167599 1.04859706e-23)
(-0.0002199780092 -0.001116132633 0)
(-0.000457459655 0.009010043723 3.137654459e-23)
(-0.007034173307 0.02310373315 5.14094627e-25)
(-0.01713720761 0.03242954239 -5.023527192e-25)
(-0.02906810857 0.03731848226 0)
(-0.04141056889 0.03836848822 5.877958261e-25)
(-0.05327720422 0.03614991347 -5.796447773e-25)
(-0.0639572927 0.03114875775 2.421617024e-23)
(-0.07285918328 0.02379110022 4.340401613e-24)
(-0.07945862164 0.01451432339 1.152892037e-24)
(-0.08328596706 0.00384844162 -3.703703865e-24)
(-0.08394980505 -0.007516614865 0)
(-0.08118691533 -0.01869673222 8.131271484e-25)
(-0.0749392237 -0.02862156552 2.488885479e-23)
(-0.06544572057 -0.03611133725 -7.103227349e-23)
(-0.05332628548 -0.0400294453 3.849124801e-24)
(-0.03963402173 -0.03952454611 1.108825324e-22)
(-0.02582634971 -0.03434302968 -1.514888666e-24)
(-0.01360161079 -0.02514666059 0)
(-0.004570806583 -0.01370712514 4.559367581e-23)
(-0.0003321793555 -0.002998002685 -1.499601336e-22)
(-0.0004584312744 0.01333637081 9.808101381e-23)
(-0.008303446797 0.03323231234 -5.098845517e-25)
(-0.02031315261 0.04601013019 0)
(-0.03455533623 0.05258314831 0)
(-0.04941659529 0.05396844159 -7.605896112e-23)
(-0.06391263596 0.051012062 -7.012119103e-23)
(-0.07725550098 0.04436049485 -2.682359851e-23)
(-0.0887694835 0.03452474085 -7.116161594e-24)
(-0.09781690499 0.02199688756 -8.341064979e-25)
(-0.1037733018 0.007378392626 -4.194288232e-24)
(-0.1060498655 -0.008507182659 2.054768353e-24)
(-0.1041519165 -0.0245395174 -5.811677731e-26)
(-0.09778289486 -0.0392770386 -1.438999605e-23)
(-0.08698461092 -0.05102564945 -3.429120717e-23)
(-0.07228863336 -0.05802035169 0)
(-0.05485562121 -0.05876192223 -5.329013682e-23)
(-0.03652531924 -0.05250509958 1.248549533e-24)
(-0.01966758895 -0.03980873672 0)
(-0.006818307524 -0.02291477055 -5.494621643e-23)
(-0.0004705478943 -0.005876066011 3.795573794e-22)
(-0.0004458436698 0.01835836207 -9.739207799e-23)
(-0.009429587133 0.04490096638 2.638648584e-22)
(-0.02317105615 0.06164004229 1.406705152e-22)
(-0.03956944141 0.07021089465 3.223297816e-24)
(-0.05685991299 0.07214789849 -6.494139394e-23)
(-0.0740009593 0.06861866488 7.445654351e-23)
(-0.09016331299 0.06042964737 -2.920614965e-24)
(-0.1046149527 0.04813982047 -1.234563484e-24)
(-0.1166180066 0.03223371997 1.751538872e-24)
(-0.1253846388 0.01330903824 3.677139448e-24)
(-0.1300909412 -0.007749888619 -2.179307202e-24)
(-0.1299359923 -0.02963459091 6.692940598e-27)
(-0.1242695121 -0.05053043274 -2.770436586e-23)
(-0.1127844052 -0.06814080853 3.069977581e-23)
(-0.09575363064 -0.07986501064 -8.22247741e-25)
(-0.07430257161 -0.08321709303 0)
(-0.05061339134 -0.07653621764 0)
(-0.02787559182 -0.05991152272 -1.221156327e-24)
(-0.009944687832 -0.03595708503 1.248253897e-24)
(-0.0006668131367 -0.01013574646 8.960634119e-23)
(-0.0004196092959 0.02397754794 0)
(-0.01034301109 0.05789883051 1.809245663e-22)
(-0.02553442067 0.07906738008 8.089005573e-23)
(-0.04379270642 0.08996842572 0)
(-0.06325363319 0.09274366923 1.378594527e-22)
(-0.08286396513 0.08892592793 0)
(-0.1017980552 0.07947895399 -1.191947691e-22)
(-0.1193106311 0.06496617392 5.265577467e-24)
(-0.1346007575 0.04578783837 0)
(-0.1467415365 0.02243692109 0)
(-0.15467369 -0.004254005593 -9.117089796e-25)
(-0.1572531727 -0.03288395049 -4.58783854e-25)
(-0.153385672 -0.06133482604 8.6826923e-23)
(-0.1422550355 -0.08667921569 -4.015843414e-23)
(-0.1236463501 -0.1052995003 -7.456443935e-25)
(-0.09838549779 -0.1133260675 -1.875391292e-25)
(-0.06879346188 -0.1075676424 1.904862903e-25)
(-0.03889916853 -0.08697127979 0)
(-0.01432425039 -0.05416113428 2.164297154e-24)
(-0.0009588565547 -0.01635024852 -7.341902281e-22)
(-0.0003790224084 0.0300490759 0)
(-0.01096452747 0.07190794752 -1.053384899e-22)
(-0.02719172535 0.09788513643 -5.654980422e-22)
(-0.04682296958 0.1114181698 -3.390455204e-22)
(-0.06794573599 0.1153393802 0)
(-0.0895412752 0.1115932146 3.585140696e-22)
(-0.1108389872 0.1013050005 1.051966229e-22)
(-0.1311396999 0.08500563749 -4.544819377e-24)
(-0.1496469833 0.06293575004 4.522326542e-24)
(-0.1653663844 0.03537351114 0)
(-0.1770586562 0.002960254422 2.321658895e-23)
(-0.1832795157 -0.03298196288 3.406656028e-24)
(-0.1824761463 -0.07017390337 -7.081001066e-23)
(-0.173197776 -0.1051523587 4.566787737e-23)
(-0.1544921168 -0.1332186255 -1.579936969e-22)
(-0.1264971498 -0.1487626928 0)
(-0.09122669548 -0.1462949023 0)
(-0.05327537168 -0.1225203437 0)
(-0.02037477007 -0.07916008879 0)
(-0.001397749634 -0.02531774259 4.123158336e-22)
(-0.0003298841738 0.03638791894 0)
(-0.01124685576 0.08650828448 -3.19963008e-22)
(-0.02797134564 0.1175183227 8.16063399e-22)
(-0.04827828364 0.1338765343 3.265025232e-22)
(-0.07024869212 0.1391866969 0)
(-0.09294121041 0.1358605707 -3.363772476e-22)
(-0.1156938455 0.1252068998 -2.729415857e-23)
(-0.1379248989 0.1077097989 2.860272443e-22)
(-0.158937198 0.08339792319 1.503078684e-22)
(-0.1777884803 0.05223916924 -3.427343217e-23)
(-0.1932110226 0.01453720278 1.501547743e-23)
(-0.2035887633 -0.02867313635 -6.574698433e-24)
(-0.207002487 -0.07519651519 2.758903047e-22)
(-0.2013760065 -0.1213009061 0)
(-0.1848298952 -0.1613681812 1.580699332e-22)
(-0.1563682985 -0.1879009779 3.246422624e-24)
(-0.1169947822 -0.1923558954 -3.294850819e-24)
(-0.07112255627 -0.1676506028 7.487783837e-23)
(-0.02851736971 -0.1127460958 -3.083895078e-24)
(-0.002061185072 -0.03809170538 0)
(-0.0002931061456 0.04280545012 0)
(-0.01123270434 0.10122533 0)
(-0.02784742497 0.1372529166 -4.593041824e-22)
(-0.04794914292 0.1564117277 -1.715899761e-23)
(-0.06964004544 0.163167338 1.818808285e-23)
(-0.09209854008 0.1604704978 -1.797332104e-23)
(-0.1148255085 0.1498607781 -2.016900223e-23)
(-0.1374336174 0.1317977635 -2.596497713e-22)
(-0.1594372048 0.1060908177 6.229022545e-23)
(-0.1801039972 0.07234714737 3.803374517e-23)
(-0.1983413812 0.03041754357 -3.830408622e-23)
(-0.2126037262 -0.0191475919 0)
(-0.2208592358 -0.07458201566 -5.329449307e-23)
(-0.2205880808 -0.1323135959 0)
(-0.2089785424 -0.1862819998 -3.106108094e-22)
(-0.1835554431 -0.2273735436 4.140486604e-22)
(-0.1434776165 -0.2435715417 0)
(-0.09168864017 -0.2222633798 -7.179855294e-23)
(-0.03906685032 -0.1565216305 1.125924663e-22)
(-0.003072153227 -0.05599162673 -2.598951954e-22)
(-0.0003182963015 0.04918708342 0)
(-0.0111322596 0.1156316645 8.500031019e-22)
(-0.02707023718 0.1563159789 -2.249411527e-23)
(-0.04598092843 0.1778937671 8.46650498e-22)
(-0.0660060004 0.1858192954 -2.291027465e-23)
(-0.08650242611 0.183675105 2.539332891e-23)
(-0.1071961232 0.1733037438 -2.51615183e-23)
(-0.1279711035 0.1552013695 -1.466136151e-23)
(-0.1486624133 0.1290070506 -4.64603081e-22)
(-0.1689075562 0.09398736661 -7.842364224e-24)
(-0.1880154359 0.04949939062 8.502607464e-24)
(-0.204822509 -0.004545228524 2.972296692e-22)
(-0.2175470901 -0.06714522779 -5.133935242e-22)
(-0.2236130549 -0.1354335419 0)
(-0.2195842872 -0.2036956396 7.660295098e-22)
(-0.2014750512 -0.2620472974 -3.902854529e-22)
(-0.1659281832 -0.2953303635 -1.240451157e-23)
(-0.112785502 -0.2840899265 0)
(-0.05199493456 -0.2112444766 -1.092231457e-22)
(-0.004621610754 -0.08055495527 2.562048794e-22)
(-0.000509171506 0.05562789717 1.437544259e-23)
(-0.01142780617 0.1295091915 -8.112657447e-22)
(-0.02630823525 0.1740052478 -1.080326474e-21)
(-0.04304704971 0.1970954279 -7.94715946e-22)
(-0.0598583331 0.2054348395 0)
(-0.07639154645 0.2033517789 3.192235566e-23)
(-0.09268840589 0.1930720928 -6.608148095e-23)
(-0.1089829935 0.1752096297 5.296391561e-23)
(-0.1255172239 0.1493251186 2.693969757e-22)
(-0.1424158976 0.1144332447 -1.016720669e-23)
(-0.1595667907 0.06945107125 0)
(-0.176470897 0.01361233099 -3.228179569e-22)
(-0.1919877593 -0.05304530489 6.849761263e-22)
(-0.2040179051 -0.1289089956 8.149172276e-22)
(-0.2091403639 -0.2095563429 -4.669556777e-22)
(-0.2023456556 -0.2857400168 4.64941655e-22)
(-0.1776569693 -0.3405749188 7.957677702e-24)
(-0.1303462114 -0.3477998823 -8.085490914e-24)
(-0.06651839471 -0.2758151579 -1.519736718e-22)
(-0.006979669976 -0.1133626616 0)
(-0.001072943689 0.06264971486 -1.788222761e-23)
(-0.01302007484 0.1430482599 -1.250980918e-21)
(-0.02677704411 0.1898108937 1.02202352e-21)
(-0.04044149332 0.2127769212 6.338684771e-22)
(-0.05240128926 0.2201675449 5.638830448e-22)
(-0.06283000737 0.2171750547 6.190065814e-22)
(-0.07223445144 0.206456946 -4.095099831e-23)
(-0.08128716627 0.1888014618 -3.20184257e-22)
(-0.09068864694 0.1637845507 1.990368863e-22)
(-0.1010929609 0.1302920912 0)
(-0.1130320403 0.08693900062 0)
(-0.1267967359 0.03238992364 2.493480981e-22)
(-0.1421899055 -0.03427346932 8.691997804e-23)
(-0.1581230265 -0.11298919 -2.480133819e-22)
(-0.1720228968 -0.2014433105 -5.057725503e-23)
(-0.1789132861 -0.2927388606 1.392967767e-22)
(-0.1710289442 -0.3707857864 -3.026396042e-22)
(-0.1384358009 -0.4047671601 -4.646758879e-23)
(-0.08054092914 -0.3460477795 1.517659571e-22)
(-0.01046058481 -0.155678062 -6.473692048e-22)
(-0.002427639205 0.07158066921 0)
(-0.01743342536 0.1571065129 2.031140149e-21)
(-0.03027236819 0.2035186446 0)
(-0.03991148642 0.2237289162 -1.281238201e-21)
(-0.04518749431 0.2281059049 6.665084836e-23)
(-0.0472273455 0.2227739441 -5.768312165e-22)
(-0.04723007769 0.210771046 -4.462212363e-22)
(-0.0464038665 0.1930295584 7.725060604e-22)
(-0.04592022828 0.1691804043 -1.742240853e-22)
(-0.04692054664 0.1380715347 0)
(-0.05051391678 0.09818833367 0)
(-0.05773645537 0.04785172169 2.674293621e-23)
(-0.06940343906 -0.01457402812 -5.680115517e-22)
(-0.08572984981 -0.09042806444 -4.07800854e-22)
(-0.1057933715 -0.1798076552 4.490290754e-22)
(-0.1260459394 -0.279661192 -6.075298032e-22)
(-0.138837388 -0.3778779852 7.398198902e-23)
(-0.1297647923 -0.4439472471 6.131756988e-23)
(-0.09010668191 -0.4136238995 5.79700028e-22)
(-0.01530496201 -0.2077450955 6.461492346e-22)
(-0.005326391504 0.08501799727 0)
(-0.02694789861 0.1730352983 1.505097926e-22)
(-0.03873121611 0.2146793684 -4.71715623e-23)
(-0.04266301069 0.2281975646 7.28865974e-22)
(-0.03866060541 0.2268268648 -6.652808234e-22)
(-0.02951505943 0.2174646525 4.498503445e-23)
(-0.01740256073 0.2032638915 -1.005282789e-22)
(-0.004138189885 0.1851152229 -3.169009357e-22)
(0.008666719182 0.1626167757 1.952914896e-22)
(0.01949548928 0.1346382597 0)
(0.02683152297 0.09965508221 0)
(0.02907047771 0.05590328441 -2.766786793e-22)
(0.02453880251 0.001444860925 0)
(0.0118065699 -0.06590247403 -5.38618784e-22)
(-0.01027902937 -0.1482907292 -7.537500816e-24)
(-0.04080203907 -0.2467765226 2.481302522e-23)
(-0.07496068347 -0.3562955864 2.01217268e-22)
(-0.09606883953 -0.4534948824 5.418476083e-24)
(-0.08883675192 -0.4655973315 -5.940399463e-22)
(-0.02116328387 -0.2671884776 0)
(-0.01119454664 0.1085141664 0)
(-0.04387842564 0.1930303717 -8.530619327e-22)
(-0.05138516487 0.2223036575 -5.287344123e-22)
(-0.04493510226 0.2234058834 4.442224209e-22)
(-0.02675799026 0.2129702584 -1.874451985e-24)
(-0.00224226275 0.1979424394 -4.404990297e-23)
(0.02531554454 0.1809295159 5.430731371e-22)
(0.05357022278 0.162372478 -2.629524098e-23)
(0.08068407472 0.1416305808 -1.957209578e-22)
(0.1049832323 0.1175507505 3.000354716e-23)
(0.124747112 0.0886747385 -3.290452845e-23)
(0.1380750266 0.05336537067 -3.580754667e-23)
(0.1427162799 0.009791353481 3.12658503e-22)
(0.1362815969 -0.04438042244 5.984868811e-22)
(0.1160150992 -0.1122212907 -5.018641596e-22)
(0.07993707636 -0.1979573125 -1.636293694e-22)
(0.02704754098 -0.3047828466 1.488599492e-22)
(-0.02703588568 -0.4220422555 7.253517374e-23)
(-0.06669980908 -0.4849346426 1.903809263e-21)
(-0.02530963786 -0.3274363456 2.943531252e-21)
(-0.01999667354 0.1465425994 -4.313212527e-23)
(-0.06479650368 0.2110250437 4.339917407e-23)
(-0.05273050191 0.2162089085 9.832026692e-22)
(-0.02318601209 0.1988684987 -3.815123617e-24)
(0.0183604105 0.1777563936 0)
(0.06396116398 0.1575727189 4.228002466e-23)
(0.1100375297 0.1390567408 -2.186046661e-22)
(0.1544775175 0.1216116858 -8.647626368e-23)
(0.1958022803 0.1041678089 3.514388632e-23)
(0.2326451347 0.08550137455 -1.623510705e-23)
(0.2634677884 0.06431938611 3.294346133e-23)
(0.2864234225 0.03928178779 -6.390191037e-23)
(0.2989879249 0.008881758542 -9.023492852e-23)
(0.2984600619 -0.02855722418 1.499232055e-22)
(0.2810532872 -0.07589274591 0)
(0.2427415689 -0.138489136 1.532774604e-22)
(0.1777428248 -0.2256588032 2.519889414e-22)
(0.09363004332 -0.343778774 0)
(-0.008022235259 -0.4544444162 -3.656932902e-21)
(-0.01942733705 -0.3770331886 -2.881370838e-21)
(-0.02577669249 0.2281729451 -9.4719295e-22)
(-0.03974681593 0.2241707489 -1.375561767e-22)
(0.03633178804 0.1807810797 -2.295003481e-22)
(0.1077919937 0.1441816874 -1.166564744e-22)
(0.1790958185 0.1159054294 -4.264851264e-23)
(0.2449199948 0.09482430265 9.579951789e-23)
(0.3046188443 0.07873891695 -1.36377423e-22)
(0.3582069416 0.06566857268 1.244701793e-22)
(0.4056508872 0.05410206991 -8.232575499e-23)
(0.4465662677 0.0428575083 1.156529015e-25)
(0.4800926522 0.03094660361 1.475390493e-23)
(0.5047883276 0.01749302566 7.75215506e-23)
(0.5186682561 0.001644097406 -1.77235082e-22)
(0.5192496829 -0.01754630929 -1.598000229e-22)
(0.5023262021 -0.04197371844 -4.255035741e-23)
(0.4638076658 -0.07575388383 0)
(0.393832391 -0.1283511732 -1.797529596e-22)
(0.2905955478 -0.2208234324 8.091421189e-22)
(0.1191015102 -0.3524581003 1.622977281e-21)
(0.02654425342 -0.3774584362 2.168167986e-21)
(0.2144378212 0.1348905408 9.818362853e-22)
(0.2780986789 0.09889524161 0)
(0.4321904669 0.05819611988 -2.575071648e-22)
(0.5307107695 0.03843462325 -1.733638637e-22)
(0.6013248686 0.02611761691 0)
(0.65598757 0.01816584882 -5.900463331e-23)
(0.6996492803 0.0129984781 6.170454956e-23)
(0.7351546724 0.009461748335 -1.716991904e-23)
(0.7641630595 0.006803727888 2.753734242e-23)
(0.7874005615 0.004547243625 2.210284858e-23)
(0.8048818194 0.002371354878 0)
(0.816133487 4.140805385e-05 -2.780011721e-23)
(0.8200947003 -0.002543983405 0)
(0.8152922732 -0.005562752129 2.696064398e-23)
(0.7987024425 -0.009514917636 1.456300365e-23)
(0.7679208113 -0.01497332903 -5.733914587e-23)
(0.7107417242 -0.02505212251 -2.505147859e-22)
(0.6236022573 -0.04210140731 -6.873021043e-22)
(0.4230099055 -0.09188463704 0)
(0.270554279 -0.1524289805 -2.115105419e-21)
)


// ************************************************************************* //
