/*--------------------------------*- C++ -*----------------------------------*\
  =========                 |
  \\      /  F ield         | OpenFOAM: The Open Source CFD Toolbox
   \\    /   O peration     | Website:  https://openfoam.org
    \\  /    A nd           | Version:  13
     \\/     M anipulation  |
\*---------------------------------------------------------------------------*/
FoamFile
{
    format      ascii;
    class       vectorField;
    location    "32.67";
    object      U_all;
}
// * * * * * * * * * * * * * * * * * * * * * * * * * * * * * * * * * * * * * //


400
(
(1.097760218e-05 -3.785123301e-05 0)
(-0.0006661249948 0.0004130384244 -1.549450636e-23)
(-0.002185380965 0.0009203917798 0)
(-0.004047831868 0.00131277908 0)
(-0.005971861554 0.001535064224 6.842894589e-25)
(-0.007762771445 0.001569845638 4.151410814e-24)
(-0.009284529534 0.001423560177 -7.365295317e-24)
(-0.01043592391 0.001119719407 7.539058687e-24)
(-0.0111367973 0.000696079937 -2.096016944e-25)
(-0.01132709621 0.0002030774469 -3.995613578e-24)
(-0.01097175939 -0.0003002314734 5.804650832e-24)
(-0.01007231663 -0.0007475133892 -5.930419379e-23)
(-0.008679871153 -0.001075560262 -6.553555617e-23)
(-0.006902847245 -0.001233043143 -7.785200341e-23)
(-0.004910736122 -0.001192638239 4.574130859e-24)
(-0.002927233564 -0.00096192055 -4.138486125e-24)
(-0.001205303431 -0.0005912118948 -1.999117618e-22)
(-1.907366928e-05 -0.0001698832043 0)
(0.000518149666 0.0001720853227 1.511155874e-25)
(0.0002227500432 0.0003059782189 -2.573104362e-24)
(-0.0002633764025 0.0008289415657 1.384453854e-25)
(-0.00270331623 0.003383823975 1.559215472e-23)
(-0.00690727348 0.005604482973 1.552458879e-25)
(-0.01195230355 0.007008189872 -8.490097609e-25)
(-0.01713501693 0.007553760555 1.161351686e-24)
(-0.02197531724 0.007294186885 1.306029407e-23)
(-0.02611071503 0.006321883656 1.396885491e-24)
(-0.02926559458 0.004754184851 -7.29055546e-24)
(-0.03122667397 0.002737147015 1.015681524e-23)
(-0.0318419551 0.0004524061844 4.511110498e-24)
(-0.0310275654 -0.001884138379 -6.320010892e-24)
(-0.0287931257 -0.004023018665 2.961679363e-24)
(-0.02527135256 -0.005708341693 3.895995462e-23)
(-0.02073192709 -0.006707397305 -1.955048281e-24)
(-0.01558961333 -0.006854130273 3.755046416e-24)
(-0.01038512881 -0.006097457688 -9.74285773e-23)
(-0.005730273373 -0.004546183531 9.639568997e-23)
(-0.002233371821 -0.002507419443 -3.96424971e-25)
(-0.0001817811014 -0.0005023750315 4.064228811e-25)
(8.343299178e-05 0.0006099234884 0)
(-0.0004188261624 0.002935065205 -2.911864748e-25)
(-0.004647874954 0.00880398925 1.703961569e-23)
(-0.01137194539 0.01324038919 -8.265440661e-24)
(-0.01932725735 0.01579200223 -2.072636421e-25)
(-0.02747406498 0.01652996266 2.036148886e-25)
(-0.03511772063 0.01564438485 7.083363136e-27)
(-0.04171336851 0.01335995271 -1.22911526e-24)
(-0.04683562916 0.009919757115 -4.556762332e-25)
(-0.05014979692 0.00560242847 -1.063522262e-23)
(-0.05141222698 0.0007444248626 0)
(-0.05047784626 -0.004241767373 0)
(-0.04733698742 -0.008887166041 2.671452766e-23)
(-0.0421592177 -0.01268174281 2.81344272e-23)
(-0.03531432787 -0.01513602312 -1.646440407e-24)
(-0.02738993073 -0.0158618691 4.846792052e-23)
(-0.01917004025 -0.01467332103 9.421103514e-23)
(-0.01156090002 -0.01169359138 3.977513855e-23)
(-0.005465412585 -0.007450739309 4.147888236e-25)
(-0.0014511035 -0.002936046359 1.070651627e-25)
(-9.072909228e-05 0.0002258738362 0)
(-0.0005024635743 0.006045332055 -4.250729223e-23)
(-0.006402731282 0.01637071411 -1.694182045e-23)
(-0.01553499755 0.02355927934 8.192294389e-24)
(-0.02627907027 0.02744156283 0)
(-0.03728739302 0.02832095884 0)
(-0.04769027874 0.02658766974 0)
(-0.05679651774 0.02263116089 -4.494119658e-26)
(-0.06405371711 0.01683606728 -2.132109008e-24)
(-0.06901068677 0.009622176238 0)
(-0.0713081512 0.00149105988 1.636522287e-24)
(-0.07070841406 -0.006936479118 2.803451112e-25)
(-0.06713028458 -0.01493015166 -2.81130071e-25)
(-0.06069896243 -0.02166723667 0)
(-0.05180743024 -0.02631600933 4.134177629e-23)
(-0.04114986106 -0.0281606628 -4.682477192e-23)
(-0.02971966542 -0.02677368433 -2.762883723e-23)
(-0.01873714696 -0.02221527947 -3.962688619e-23)
(-0.009488021753 -0.01521921 7.795832682e-25)
(-0.002976880664 -0.00729819402 9.788342423e-23)
(-0.0002318808543 -0.0008661709621 0)
(-0.0005316120329 0.01009499043 4.271401259e-23)
(-0.007983577264 0.02595213279 4.782419023e-25)
(-0.0193968369 0.03642874411 -4.673190136e-25)
(-0.03282375982 0.0418551147 0)
(-0.04664679759 0.04289476204 7.78002656e-25)
(-0.05985217869 0.04020066066 -7.672153662e-25)
(-0.07163277503 0.0343473546 3.671396253e-23)
(-0.08132735943 0.02585660176 1.847293948e-23)
(-0.08836585051 0.01527297036 6.236456007e-24)
(-0.09225453495 0.003246159921 -1.638428858e-24)
(-0.09260364372 -0.009407795995 0)
(-0.08917541296 -0.02167472492 4.372028263e-25)
(-0.08195966722 -0.03236738255 1.009485704e-23)
(-0.07126874966 -0.04021242775 -4.350267563e-23)
(-0.05782010647 -0.04402039188 1.93347497e-24)
(-0.04278577199 -0.04294823205 4.219125882e-23)
(-0.02775446857 -0.03683342406 -3.844708599e-25)
(-0.0145506073 -0.02652718393 0)
(-0.004859458571 -0.01408453651 5.436545296e-23)
(-0.0003641484829 -0.002846954458 -2.56487043e-22)
(-0.0005272198658 0.01499924268 9.839585693e-23)
(-0.009377906544 0.03739013655 -4.906262254e-25)
(-0.0228817826 0.05170211397 0)
(-0.03883036034 0.05894170464 0)
(-0.05538646302 0.06025562403 -8.731194223e-23)
(-0.07142863448 0.05661890393 -8.498189129e-23)
(-0.086066386 0.0488016048 -4.066564221e-23)
(-0.09855068726 0.03743975199 -1.503925987e-23)
(-0.1081943485 0.02315981993 -5.366776519e-24)
(-0.114344288 0.006709693868 -8.173828995e-24)
(-0.116404441 -0.01093287479 6.599882057e-24)
(-0.1138935716 -0.0284893767 8.82440741e-24)
(-0.1065485462 -0.04437036936 -1.892309438e-23)
(-0.09446790981 -0.05675323425 4.597920839e-24)
(-0.07826846327 -0.06378288345 0)
(-0.05922887623 -0.06393486181 -1.573851838e-23)
(-0.03933976878 -0.05653809048 -2.398492442e-26)
(-0.02114186236 -0.04235804469 0)
(-0.007318694335 -0.02398227343 -1.520442578e-22)
(-0.000521615808 -0.005925542765 6.055853219e-22)
(-0.0004990816579 0.02064570071 -9.772556228e-23)
(-0.0105294912 0.05045427162 2.831787479e-22)
(-0.02582952807 0.06912496931 1.526764425e-22)
(-0.04402130549 0.07849241783 3.618988144e-24)
(-0.06310728337 0.08029460856 -7.31930796e-23)
(-0.08190391421 0.07588029367 9.042586271e-23)
(-0.09947747596 0.06621680171 -3.58992637e-24)
(-0.1150225581 0.05201688238 -1.729024044e-24)
(-0.1277517263 0.03392355753 2.523942415e-24)
(-0.1368470637 0.01270234655 7.381535497e-24)
(-0.1414708585 -0.01058776849 -6.49970066e-24)
(-0.1408246338 -0.03446015393 -9.785604972e-24)
(-0.1342744276 -0.05692760028 -3.261769158e-23)
(-0.1215448751 -0.07553302888 -3.659960918e-23)
(-0.1029671419 -0.08754246835 5.642856468e-25)
(-0.07976360425 -0.0903919689 0)
(-0.05426676096 -0.0824450321 0)
(-0.02987157442 -0.06397729542 -2.905746902e-24)
(-0.01066283878 -0.03798790973 2.970189084e-24)
(-0.0007350924175 -0.01050088757 1.027870791e-22)
(-0.0004479165083 0.02687245526 0)
(-0.01134921577 0.06480744229 2.001977476e-22)
(-0.02801595487 0.08829599539 8.962070997e-23)
(-0.04799850199 0.1001233015 0)
(-0.06920591909 0.1027074687 1.569790882e-22)
(-0.0904436042 0.09781562323 0)
(-0.1107830174 0.08661090317 -1.428338332e-22)
(-0.1294092077 0.06983941999 6.515269124e-24)
(-0.1454769825 0.04808228605 0)
(-0.1580349942 0.02201756845 0)
(-0.1660131587 -0.007334380325 -1.374336807e-24)
(-0.1682669751 -0.03838829589 -9.316017788e-25)
(-0.1637063007 -0.06883962293 1.491881271e-22)
(-0.1515207238 -0.09558259844 -4.704652844e-23)
(-0.131513325 -0.1148296968 -2.560661103e-24)
(-0.104559504 -0.1225701778 1.534417844e-24)
(-0.07309342589 -0.1155516557 -1.558622183e-24)
(-0.04135017273 -0.09283105183 0)
(-0.0152522865 -0.05740761825 3.203648834e-24)
(-0.001044307461 -0.01714713028 -1.012872054e-21)
(-0.0003744667003 0.03346297959 0)
(-0.01175004788 0.07998903413 -1.128195658e-22)
(-0.02920704669 0.1086388921 -6.190957383e-22)
(-0.05031739351 0.1232231794 -3.755210497e-22)
(-0.07296309302 0.1269094911 0)
(-0.09598949766 0.121925378 4.119356605e-22)
(-0.1185272245 0.1096347181 1.260880832e-22)
(-0.139814503 0.09078236092 -5.581684079e-24)
(-0.1590220056 0.06581388666 5.554057742e-24)
(-0.1751459454 0.03520881975 0)
(-0.1869558424 -0.0001966866848 2.912068511e-23)
(-0.1930171118 -0.03889743587 4.695685865e-24)
(-0.1917808451 -0.07843873816 -1.076758356e-22)
(-0.1817873079 -0.1151863611 8.003715621e-23)
(-0.1620569228 -0.1442597533 -2.419644516e-22)
(-0.1327060996 -0.1598546695 0)
(-0.09577880677 -0.156311114 0)
(-0.05601628471 -0.1302979723 0)
(-0.02147857251 -0.0838112692 0)
(-0.001500382753 -0.0266551392 5.571906346e-22)
(-0.0002873906106 0.0401607066 0)
(-0.01169358943 0.09543594827 -3.492921482e-22)
(-0.0292443639 0.1294071424 8.932604769e-22)
(-0.05060943799 0.1469296778 3.61708585e-22)
(-0.0737007747 0.1519746368 0)
(-0.09745144358 0.1472755945 -3.862460501e-22)
(-0.1211069025 0.1344190362 -3.174367914e-23)
(-0.1440323872 0.1141392249 3.333052143e-22)
(-0.1655142256 0.08670001507 1.769448108e-22)
(-0.184624751 0.05229124028 -4.060095063e-23)
(-0.2001324792 0.01141722112 1.656818804e-23)
(-0.2104621433 -0.03471413342 -8.265089643e-24)
(-0.2137207537 -0.08376548613 3.371804918e-22)
(-0.2078214536 -0.1318754517 0)
(-0.1908237623 -0.1732754087 2.420813493e-22)
(-0.1616334918 -0.2002591269 5.774457299e-24)
(-0.1211662027 -0.2040119701 -5.860571538e-24)
(-0.07384985364 -0.1772118303 1.548340386e-22)
(-0.02971784833 -0.1188641262 -5.435129454e-24)
(-0.002179543131 -0.04005395284 0)
(-0.0002117213775 0.04671632852 0)
(-0.01125001188 0.1105496411 0)
(-0.02815624263 0.1497352719 -5.022661838e-22)
(-0.04874478558 0.170151512 -1.880967218e-23)
(-0.07100085215 0.1766254757 2.038347078e-23)
(-0.09399449417 0.1724524431 -2.014279949e-23)
(-0.117143404 0.1594869363 -2.316850951e-23)
(-0.1400179213 0.1384803996 -3.029775409e-22)
(-0.162132859 0.1095160201 6.698604218e-23)
(-0.1827958741 0.07245187477 4.513112923e-23)
(-0.2009835272 0.02734934634 -4.577655692e-23)
(-0.2152269981 -0.02508687263 0)
(-0.223556191 -0.08298336872 -7.83943138e-23)
(-0.223463185 -0.1427255557 0)
(-0.2120679027 -0.1981818864 -3.739506307e-22)
(-0.1867434099 -0.2400771545 5.24484606e-22)
(-0.1464437862 -0.2560771291 0)
(-0.09394564222 -0.2331207656 -1.493889803e-22)
(-0.0402199914 -0.1639612383 1.937442984e-22)
(-0.003201098173 -0.05861058585 -3.411422884e-22)
(-0.0002015431451 0.0529757828 0)
(-0.0106726283 0.1248170724 9.182763433e-22)
(-0.02628448391 0.1687422337 -2.440653975e-23)
(-0.04501110128 0.1916452684 9.19323612e-22)
(-0.06494600272 0.199291869 -2.512055466e-23)
(-0.08536631702 0.1956102275 2.838811995e-23)
(-0.1059306007 0.1827885272 -2.812898349e-23)
(-0.1264924594 0.1616582488 -1.660901186e-23)
(-0.1468997306 0.132176185 -5.260177874e-22)
(-0.1668458665 0.09389647584 -8.90654364e-24)
(-0.1857303565 0.04640582124 9.660111059e-24)
(-0.2024782233 -0.01023774798 3.313053159e-22)
(-0.2154155117 -0.07499806982 -5.820688293e-22)
(-0.2220210117 -0.145031023 0)
(-0.218803235 -0.2146758789 8.88721821e-22)
(-0.2016257591 -0.2740014433 -4.940785224e-22)
(-0.1668639102 -0.3075809912 -1.572190098e-23)
(-0.1140219924 -0.2953810018 0)
(-0.05288480657 -0.2195801167 -1.890078484e-22)
(-0.004749186154 -0.08377272437 3.360482507e-22)
(-0.0003642011517 0.05902311707 1.550994225e-23)
(-0.01049575693 0.1379879983 -8.764096017e-22)
(-0.02441393135 0.1856802015 -1.157048407e-21)
(-0.04026729796 0.2101382442 -8.628891312e-22)
(-0.05630736543 0.2182346686 0)
(-0.07214864872 0.2146188362 3.513773451e-23)
(-0.08779231198 0.2018790519 -7.294802393e-23)
(-0.1034563864 0.1810004722 5.867835574e-23)
(-0.1193985048 0.151899691 3.021340667e-22)
(-0.1357932801 0.1139150749 -1.128187297e-23)
(-0.1526083623 0.06621431081 0)
(-0.1694522678 0.008177298545 -3.603902661e-22)
(-0.185276184 -0.06015975648 7.515618335e-22)
(-0.1980449629 -0.1372745621 8.831648451e-22)
(-0.2043547165 -0.2189260345 -5.296574566e-22)
(-0.199097824 -0.2959711232 5.162638233e-22)
(-0.1760605663 -0.3514070804 1.078200678e-23)
(-0.1300890716 -0.3584149029 -1.0955152e-23)
(-0.06688802848 -0.2843275089 -8.216362128e-23)
(-0.007083318409 -0.1169963804 0)
(-0.0009095803225 0.06540036681 -1.911470642e-23)
(-0.01167594126 0.1502815124 -1.326955382e-21)
(-0.02388887302 0.2000657736 1.094227434e-21)
(-0.03601348482 0.2244214914 6.734877469e-22)
(-0.04657319359 0.2316586253 6.014585755e-22)
(-0.05577051342 0.2272391999 6.643907686e-22)
(-0.06411260454 0.2141773625 -4.458645544e-23)
(-0.07227577875 0.1936493654 -3.461314816e-22)
(-0.08096990335 0.1656028112 2.152149404e-22)
(-0.09087210434 0.129270762 0)
(-0.1025549294 0.083530889 0)
(-0.1163623978 0.0272001985 2.655383816e-22)
(-0.1321591305 -0.04061995236 8.194334909e-23)
(-0.148925392 -0.1200127141 -2.82159946e-22)
(-0.164128566 -0.2089299464 -5.411239331e-23)
(-0.1727878696 -0.3006991209 1.301950757e-22)
(-0.1670312025 -0.3793327706 -3.400451753e-22)
(-0.1365292795 -0.4136450522 -1.594348875e-23)
(-0.08018250892 -0.3538324917 8.205133378e-23)
(-0.01050762247 -0.1594129948 -6.032260503e-22)
(-0.002260501075 0.07348880178 0)
(-0.01580358524 0.1626520789 2.145859071e-21)
(-0.02665049025 0.2117903268 0)
(-0.0342234972 0.2333945566 -1.351798029e-21)
(-0.03759411946 0.2377765145 6.18405884e-23)
(-0.03799701546 0.2312552083 -6.193048382e-22)
(-0.03668284405 0.2171897958 -4.756253364e-22)
(-0.03489056441 0.1968933917 8.301202678e-22)
(-0.03378858996 0.1703342274 -1.885686578e-22)
(-0.03449897847 0.1367221385 0)
(-0.03811593921 0.09479679984 0)
(-0.04565012968 0.04304295099 2.410621218e-23)
(-0.05790823778 -0.02013771651 -6.007169545e-22)
(-0.07514616504 -0.09620640515 -4.309544732e-22)
(-0.09645190862 -0.185555523 4.63783878e-22)
(-0.1183463924 -0.2853566843 -6.488682381e-22)
(-0.1332716349 -0.3838385561 9.119889177e-23)
(-0.1265351558 -0.4504357683 2.937864341e-23)
(-0.08899156047 -0.419853536 5.660490533e-22)
(-0.01526918041 -0.2111719169 6.020893055e-22)
(-0.005180901864 0.08598044307 0)
(-0.02525553691 0.1766290554 1.465580096e-22)
(-0.03483414893 0.22059605 -4.917113005e-23)
(-0.03640024898 0.2354858057 7.642877653e-22)
(-0.03018497862 0.2343405438 -7.005328685e-22)
(-0.01916597453 0.2241602736 4.746449917e-23)
(-0.00561535238 0.2083525002 -1.018604086e-22)
(0.008569390988 0.1881240626 -3.389868028e-22)
(0.02179863739 0.1633911199 2.062811774e-22)
(0.03262759262 0.1333243014 0)
(0.03958437164 0.09664091743 0)
(0.04116993149 0.0517406373 -2.902654942e-22)
(0.03578465159 -0.003255318572 0)
(0.021981677 -0.07058353037 -5.512163834e-22)
(-0.001264996131 -0.1525734798 -1.492364146e-23)
(-0.03310482517 -0.2505949215 2.55971193e-23)
(-0.06909245914 -0.3599340904 2.203094547e-22)
(-0.09227833612 -0.4575423928 4.788385254e-24)
(-0.08718092607 -0.4698128744 -5.789462107e-22)
(-0.02103127428 -0.269897186 0)
(-0.01111631685 0.1085974964 0)
(-0.04248904344 0.1947151376 -8.848430759e-22)
(-0.04795535024 0.2258194883 -5.411012028e-22)
(-0.03919546017 0.2282134703 4.543789597e-22)
(-0.01877844161 0.2182327217 -1.709984167e-24)
(0.007664142761 0.2028219519 -4.561019604e-23)
(0.03667973958 0.1847619136 5.696645383e-22)
(0.06582977752 0.164711784 -2.766874924e-23)
(0.09327109601 0.1423128098 -2.069770612e-22)
(0.1173889526 0.1166275132 3.14219803e-23)
(0.136545972 0.08641148006 -3.425901817e-23)
(0.1489667457 0.05017674568 -3.690579178e-23)
(0.1525274164 0.006159228303 3.205620386e-22)
(0.1449365621 -0.0479612111 6.119580171e-22)
(0.1235158572 -0.11530524 -5.101146075e-22)
(0.08633523371 -0.2004195247 -1.616036611e-22)
(0.03199080489 -0.3067806278 1.531329353e-22)
(-0.02362129449 -0.4239836828 7.293681488e-23)
(-0.06492415611 -0.4871612429 1.913295773e-21)
(-0.02509972054 -0.3291544463 2.95499617e-21)
(-0.02004680404 0.1460727491 -4.390192171e-23)
(-0.06416407414 0.2112955809 4.417364826e-23)
(-0.050702342 0.2177300216 1.000183761e-21)
(-0.0193410408 0.2014679533 -8.270464244e-24)
(0.02414454903 0.1809075636 0)
(0.07154108956 0.1606932816 4.363692713e-23)
(0.1190701858 0.1416495062 -2.273837011e-22)
(0.1644765631 0.1233181544 -9.027897324e-23)
(0.2062249398 0.1048117202 3.680711852e-23)
(0.2429641295 0.08507140977 -1.701647152e-23)
(0.273220596 0.06296150075 3.429955106e-23)
(0.2952534661 0.03726297241 -6.592651568e-23)
(0.3066969797 0.006535106935 -9.303875212e-23)
(0.3049737245 -0.03087766284 1.517035856e-22)
(0.2863935378 -0.07786287829 0)
(0.2470567388 -0.1399300151 1.505586979e-22)
(0.1810921671 -0.2266299652 2.560016405e-22)
(0.09604446019 -0.3443894822 0)
(-0.006697637491 -0.4552210084 -3.675641659e-21)
(-0.01922408554 -0.3777537464 -2.892625489e-21)
(-0.02591951116 0.2276828892 -9.514194007e-22)
(-0.0399832422 0.2238216595 -1.388971984e-22)
(0.03656136483 0.1810585319 -2.335569827e-22)
(0.1090502821 0.145105894 -1.193735946e-22)
(0.1817190734 0.1172445267 -4.295798451e-23)
(0.2490090021 0.09627905161 9.783097436e-23)
(0.3100335769 0.08002508257 -1.408580782e-22)
(0.3646208237 0.06656813842 1.297166482e-22)
(0.4126251314 0.05449178274 -8.620067913e-23)
(0.4536249117 0.0427089521 1.132190939e-25)
(0.4867877612 0.0303229947 1.527734331e-23)
(0.5107450381 0.01652903438 7.997168252e-23)
(0.5236596643 0.0005365314202 -1.811115341e-22)
(0.523179739 -0.01863371573 -1.617137997e-22)
(0.5052322959 -0.04286477592 -4.262900063e-23)
(0.4658714755 -0.07633230321 0)
(0.3952696259 -0.1286089356 -1.846490772e-22)
(0.2916070867 -0.2208468089 8.148776894e-22)
(0.1197454996 -0.3525016894 1.631603784e-21)
(0.02670546985 -0.3775497962 2.172657002e-21)
(0.2142894494 0.1347447236 9.864977763e-22)
(0.2776311266 0.09870503947 0)
(0.4316592379 0.05810415015 -2.594309792e-22)
(0.530474938 0.03846264938 -1.741655794e-22)
(0.6016965679 0.02623418931 0)
(0.6571198757 0.01831923216 -6.00903768e-23)
(0.7015213277 0.01313600609 6.377945811e-23)
(0.7376042081 0.009542124876 -1.800142083e-23)
(0.7669367949 0.006804463473 2.885952471e-23)
(0.7902106218 0.004464745135 2.315018465e-23)
(0.8074554589 0.002221322207 0)
(0.8182621012 -0.000150071892 -2.873018484e-23)
(0.821649947 -0.002723844991 0)
(0.8162394052 -0.005712666139 2.738124006e-23)
(0.7991333085 -0.009611381334 1.421665923e-23)
(0.7679986336 -0.01500255065 -5.799429543e-23)
(0.7106555767 -0.02502520022 -2.535668762e-22)
(0.6235183987 -0.04204285489 -6.918112289e-22)
(0.4230091018 -0.09182968165 0)
(0.2705674687 -0.1524021845 -2.11948484e-21)
)


// ************************************************************************* //
