/*--------------------------------*- C++ -*----------------------------------*\
  =========                 |
  \\      /  F ield         | OpenFOAM: The Open Source CFD Toolbox
   \\    /   O peration     | Website:  https://openfoam.org
    \\  /    A nd           | Version:  13
     \\/     M anipulation  |
\*---------------------------------------------------------------------------*/
FoamFile
{
    format      ascii;
    class       vectorField;
    location    "22.2";
    object      U_all;
}
// * * * * * * * * * * * * * * * * * * * * * * * * * * * * * * * * * * * * * //


400
(
(1.081679284e-05 -3.791574233e-05 0)
(-0.000666228904 0.0004129849403 -1.539990768e-23)
(-0.002185149736 0.000920263823 0)
(-0.004047280199 0.001312579483 0)
(-0.00597098659 0.001534825015 6.825507003e-25)
(-0.007761611506 0.001569600974 4.15362976e-24)
(-0.009283150139 0.001423342945 -7.310912666e-24)
(-0.01043440927 0.001119556308 7.595499047e-24)
(-0.01113524408 0.000695987872 -2.10052937e-25)
(-0.01132560537 0.0002030608307 -4.002505935e-24)
(-0.01097042993 -0.0003001785447 5.812250203e-24)
(-0.01007123477 -0.0007474099785 -5.93672497e-23)
(-0.008679096135 -0.001075433644 -6.560228813e-23)
(-0.006902402887 -0.001232925461 -7.792346604e-23)
(-0.004910603964 -0.001192559917 4.578770224e-24)
(-0.002927351282 -0.0009619028691 -4.143486046e-24)
(-0.001205575598 -0.0005912594029 -2.002584813e-22)
(-1.936901707e-05 -0.000169978236 0)
(0.0005179385069 0.0001719697859 1.526838624e-25)
(0.000222696074 0.0003059027 -2.777853674e-24)
(-0.0002634054765 0.0008287284908 1.391426878e-25)
(-0.002702956711 0.003383251153 1.549595031e-23)
(-0.006906147992 0.005603518226 1.537756478e-25)
(-0.01195027072 0.007006981331 -8.457808157e-25)
(-0.0171320717 0.007552476583 1.156501685e-24)
(-0.02197156421 0.007292987676 1.300445351e-23)
(-0.02610633763 0.006320906757 1.452499009e-24)
(-0.02926082931 0.004753534484 -7.345521725e-24)
(-0.03122178842 0.002736884173 1.018527509e-23)
(-0.03183722131 0.0004525396265 4.519071696e-24)
(-0.03102324315 -0.001883631178 -6.328271111e-24)
(-0.0287894393 -0.004022228711 2.96004588e-24)
(-0.02526845912 -0.005707395724 3.899380575e-23)
(-0.02072990031 -0.006706445139 -1.957427888e-24)
(-0.01558842758 -0.006853322902 3.760008146e-24)
(-0.01038465649 -0.006096919276 -9.760798034e-23)
(-0.005730300958 -0.004545981618 9.657896957e-23)
(-0.00223362781 -0.002507532966 -3.995562619e-25)
(-0.0001820157601 -0.0005026872067 4.096331143e-25)
(8.339961284e-05 0.0006096755139 0)
(-0.0004187576444 0.002934557262 -2.918296442e-25)
(-0.004647039252 0.008802406954 1.712697521e-23)
(-0.0113698334 0.01323797389 -8.175410387e-24)
(-0.0193236618 0.01578914424 -2.057225102e-25)
(-0.02746900097 0.01652704777 2.021008527e-25)
(-0.03511136029 0.0156417533 8.765268776e-27)
(-0.04170599971 0.0133578812 -1.282962988e-24)
(-0.04682761855 0.009918447481 -4.591873794e-25)
(-0.0501415576 0.00560199754 -1.066509088e-23)
(-0.05140415733 0.0007448973514 0)
(-0.05047033996 -0.004240487292 0)
(-0.04733040152 -0.008885247302 2.674915412e-23)
(-0.04215379692 -0.01267943684 2.816875108e-23)
(-0.03531020797 -0.01513363349 -1.648914872e-24)
(-0.02738711589 -0.01585971164 4.855481255e-23)
(-0.01916839592 -0.01467167329 9.438512375e-23)
(-0.01156016735 -0.01169263441 3.996680849e-23)
(-0.005465244288 -0.007450496297 4.21131494e-25)
(-0.001451169139 -0.002936331119 1.037554868e-25)
(-9.072790002e-05 0.0002255114594 0)
(-0.0005023582055 0.006044227343 -4.25815363e-23)
(-0.006401473446 0.01636764606 -1.702897892e-23)
(-0.01553197008 0.0235548646 8.102286541e-24)
(-0.02627402401 0.02743651157 0)
(-0.037280371 0.02831592534 0)
(-0.04768151408 0.02658320755 0)
(-0.05678638195 0.02262770511 -4.674861579e-26)
(-0.06404267218 0.01683392511 -2.099251984e-24)
(-0.06899924228 0.00962151876 0)
(-0.07129684843 0.001491916657 1.645212344e-24)
(-0.07069775176 -0.00693425398 2.808999129e-25)
(-0.06712068746 -0.01492681806 -2.816864267e-25)
(-0.06069078171 -0.02166318215 0)
(-0.05180089157 -0.02631170962 4.142594957e-23)
(-0.04114504174 -0.02815662796 -4.690920124e-23)
(-0.02971647963 -0.02677038628 -2.772704955e-23)
(-0.01873534942 -0.02221306224 -3.98217031e-23)
(-0.009487237215 -0.01521818997 7.794462362e-25)
(-0.002976704791 -0.007298168 9.765452906e-23)
(-0.0002318578313 -0.0008665217878 0)
(-0.0005314951491 0.01009307816 4.278873227e-23)
(-0.007982004364 0.02594718674 4.768459436e-25)
(-0.01939309373 0.03642188455 -4.659548729e-25)
(-0.03281756238 0.04184743897 0)
(-0.04663820771 0.04288722629 7.762901511e-25)
(-0.05984147155 0.0401940468 -7.655266306e-25)
(-0.07162037745 0.03434226164 3.665086903e-23)
(-0.0813137951 0.02585344257 1.840584448e-23)
(-0.08835169494 0.01527196693 6.21663268e-24)
(-0.09224038535 0.003247338594 -1.647129038e-24)
(-0.09259007354 -0.009404587144 0)
(-0.08916294201 -0.02166983873 4.384765025e-25)
(-0.08194874 -0.03236133349 1.01407707e-23)
(-0.07125969772 -0.04020585919 -4.35923822e-23)
(-0.05781311648 -0.04401401815 1.939244075e-24)
(-0.04278085534 -0.04294275079 4.238824064e-23)
(-0.02775144267 -0.03682939584 -3.87658795e-25)
(-0.014549102 -0.02652488704 0)
(-0.004858988889 -0.0140838252 5.435294639e-23)
(-0.0003640967045 -0.002847130867 -2.562286364e-22)
(-0.000527114302 0.01499638086 9.829806782e-23)
(-0.00937616564 0.03738305265 -4.899117602e-25)
(-0.02287762764 0.05169251933 0)
(-0.03882347626 0.05893112882 0)
(-0.0553769118 0.06024534096 -8.724842958e-23)
(-0.07141670437 0.05660992421 -8.491412939e-23)
(-0.08605252179 0.04879468592 -4.059618044e-23)
(-0.09853543106 0.03743540844 -1.500515966e-23)
(-0.1081782949 0.02315832858 -5.349198113e-24)
(-0.1143280534 0.006711097295 -8.16189786e-24)
(-0.1163886323 -0.01092875732 6.586746731e-24)
(-0.1138787624 -0.02848295152 8.799602836e-24)
(-0.1065352571 -0.04436224318 -1.891577982e-23)
(-0.09445657823 -0.05674418932 4.492625143e-24)
(-0.07825940477 -0.06377382568 0)
(-0.05922223771 -0.06392673093 -1.584347147e-23)
(-0.03933547934 -0.05653171783 -2.057530981e-26)
(-0.02113960078 -0.04235395916 0)
(-0.007317916964 -0.02398049334 -1.518001849e-22)
(-0.000521536184 -0.005925400086 6.050488365e-22)
(-0.0004990055423 0.02064183966 -9.762866577e-23)
(-0.01052775992 0.05044496963 2.830502808e-22)
(-0.02582534734 0.06911255594 1.526096816e-22)
(-0.044014334 0.07847886774 3.616906174e-24)
(-0.06309756403 0.08028151172 -7.317779877e-23)
(-0.08189171868 0.07586887801 9.035345598e-23)
(-0.0994632306 0.06620796805 -3.587436964e-24)
(-0.1150067822 0.05201123361 -1.727524031e-24)
(-0.1277349879 0.03392141897 2.521649601e-24)
(-0.1368299506 0.01270378098 7.370388971e-24)
(-0.14145396 -0.01058294593 -6.487260042e-24)
(-0.1408085235 -0.03445237558 -9.75830975e-24)
(-0.1342596524 -0.05691752177 -3.261197853e-23)
(-0.1215319411 -0.07552152173 -3.642476112e-23)
(-0.1029564786 -0.08753058775 5.607167836e-25)
(-0.07975550978 -0.09038088222 0)
(-0.05426132344 -0.08243587673 0)
(-0.02986858637 -0.06397094421 -2.901702242e-24)
(-0.01066175335 -0.03798467555 2.966054746e-24)
(-0.0007349886438 -0.01050025929 1.02767907e-22)
(-0.0004478849348 0.02686765448 0)
(-0.01134769091 0.06479605369 2.001644657e-22)
(-0.02801218532 0.08828092424 8.960759672e-23)
(-0.04799213064 0.1001069429 0)
(-0.06919695539 0.10269171 1.569023233e-22)
(-0.0904322801 0.09780189083 0)
(-0.1107697129 0.08660022073 -1.427716337e-22)
(-0.1293943868 0.06983245905 6.511843973e-24)
(-0.1454611481 0.04807940474 0)
(-0.1580186588 0.02201884111 0)
(-0.1659968371 -0.007329139674 -1.373256374e-24)
(-0.1682511669 -0.03837950637 -9.305140329e-25)
(-0.1636914939 -0.06882794954 1.490451806e-22)
(-0.1515074122 -0.09556893653 -4.703743907e-23)
(-0.1315019887 -0.114815173 -2.556425597e-24)
(-0.1045505679 -0.1225561222 1.530346445e-24)
(-0.0730871675 -0.1155394979 -1.554486583e-24)
(-0.04134658099 -0.09282208017 0)
(-0.01525091336 -0.05740258841 3.20132322e-24)
(-0.001044179885 -0.01714585398 -1.012258218e-21)
(-0.0003744907385 0.03345741191 0)
(-0.01174892454 0.07997591349 -1.127587495e-22)
(-0.02920413178 0.1086215843 -6.189134994e-22)
(-0.05031233128 0.1232044387 -3.754150907e-22)
(-0.07295585253 0.1268914684 0)
(-0.09598025762 0.1219096746 4.118026604e-22)
(-0.1185163029 0.1096224582 1.260331321e-22)
(-0.1398022905 0.09077426006 -5.579326713e-24)
(-0.1590089157 0.06581030931 5.551712047e-24)
(-0.1751323807 0.03520982832 0)
(-0.1869421677 -0.000191290572 2.910872215e-23)
(-0.1930036738 -0.03888807031 4.692984037e-24)
(-0.1917679875 -0.07842604183 -1.075952781e-22)
(-0.1817753892 -0.115171181 7.996137586e-23)
(-0.1620463594 -0.1442431779 -2.417909499e-22)
(-0.1326973608 -0.159838064 0)
(-0.09577234342 -0.1562961047 0)
(-0.05601235535 -0.1302862681 0)
(-0.02147697134 -0.08380420804 0)
(-0.001500232012 -0.02665306823 5.568765009e-22)
(-0.0002874750903 0.04015464998 0)
(-0.01169303458 0.09542165864 -3.491974703e-22)
(-0.02924269757 0.1293882661 8.930404579e-22)
(-0.05060632853 0.1469092338 3.616061571e-22)
(-0.07369615011 0.1519549934 0)
(-0.09744542197 0.1472585019 -3.861215793e-22)
(-0.1210997315 0.1344056971 -3.173377591e-23)
(-0.1440243752 0.1141303714 3.332079733e-22)
(-0.165505682 0.08669598186 1.768919122e-22)
(-0.1846159412 0.05229203537 -4.058878873e-23)
(-0.2001235973 0.01142259345 1.656598104e-23)
(-0.2104533177 -0.03470463934 -8.261809432e-24)
(-0.2137120733 -0.08375247774 3.370649385e-22)
(-0.2078130278 -0.1318596745 0)
(-0.1908158062 -0.1732577967 2.419077635e-22)
(-0.1616263834 -0.200240906 5.769198594e-24)
(-0.1211604765 -0.2039947708 -5.85523443e-24)
(-0.0738460487 -0.1771976689 1.546653645e-22)
(-0.0297161448 -0.118854995 -5.430090959e-24)
(-0.002179372489 -0.04005098193 0)
(-0.0002118638675 0.04671014273 0)
(-0.01125013889 0.1105349121 0)
(-0.0281561115 0.1497156975 -5.02150803e-22)
(-0.04874411404 0.1701302533 -1.880555833e-23)
(-0.07099952854 0.1766050597 2.037853217e-23)
(-0.09399256704 0.1724347409 -2.013791917e-23)
(-0.1171410388 0.1594732084 -2.31624074e-23)
(-0.1400153341 0.1384713701 -3.028885967e-22)
(-0.162130248 0.1095119556 6.697953478e-23)
(-0.1827933612 0.07245267786 4.5117414e-23)
(-0.2009811192 0.02735465239 -4.576235632e-23)
(-0.2152245912 -0.02507759244 0)
(-0.2235535879 -0.08297074962 -7.834422123e-23)
(-0.2234601726 -0.1427102253 0)
(-0.212064382 -0.1981645411 -3.738331616e-22)
(-0.1867395152 -0.2400587062 5.24274222e-22)
(-0.1464399737 -0.2560589548 0)
(-0.09394262815 -0.2331049302 -1.492253737e-22)
(-0.04021840259 -0.1639503057 1.935752764e-22)
(-0.003200916832 -0.05860669161 -3.40973983e-22)
(-0.0002017347657 0.05296987196 0)
(-0.01067347926 0.1248027339 9.181176014e-22)
(-0.02628602182 0.1687229594 -2.440199979e-23)
(-0.0450131161 0.1916242158 9.191603306e-22)
(-0.06494834119 0.1992716499 -2.511560734e-23)
(-0.08536893885 0.1955927992 2.838201555e-23)
(-0.1059335604 0.1827751892 -2.812293479e-23)
(-0.1264958542 0.1616497003 -1.660533913e-23)
(-0.1469036306 0.1321725987 -5.259033251e-22)
(-0.1668502482 0.09389761234 -8.904591279e-24)
(-0.1857350594 0.04641114718 9.658053291e-24)
(-0.2024829787 -0.01022891904 3.312455549e-22)
(-0.2154198792 -0.07498638127 -5.819466555e-22)
(-0.2220244643 -0.1450170579 0)
(-0.2188053472 -0.2146600954 8.884975678e-22)
(-0.201626324 -0.2739843412 -4.938808176e-22)
(-0.1668631268 -0.3075634549 -1.571558544e-23)
(-0.1140205375 -0.295364789 0)
(-0.05288364356 -0.2195680495 -1.888416705e-22)
(-0.004749013575 -0.0837680169 3.358828639e-22)
(-0.0003644288483 0.05901788439 1.550738671e-23)
(-0.01049729686 0.137974897 -8.762581763e-22)
(-0.02441709767 0.1856622586 -1.156876911e-21)
(-0.04027196983 0.2101184496 -8.627359087e-22)
(-0.05631334168 0.2182156247 0)
(-0.07215576959 0.2146025378 3.513133674e-23)
(-0.08780047288 0.2018668166 -7.293464477e-23)
(-0.1034655196 0.1809929745 5.866755617e-23)
(-0.1194085211 0.1518970075 3.02073915e-22)
(-0.1358040141 0.1139168316 -1.127986624e-23)
(-0.152619546 0.06621980978 0)
(-0.169463462 0.00818569188 -3.603243063e-22)
(-0.1852868451 -0.06014922353 7.514452699e-22)
(-0.1980544773 -0.1372624931 8.83044418e-22)
(-0.2043624132 -0.218912726 -5.295442655e-22)
(-0.1991031748 -0.2959566905 5.161680978e-22)
(-0.1760634099 -0.3513918021 1.077646623e-23)
(-0.1300897947 -0.358399908 -1.094952251e-23)
(-0.06688764294 -0.2843153679 -8.23127348e-23)
(-0.007083189031 -0.1169911473 0)
(-0.0009098288054 0.06539616987 -1.911201424e-23)
(-0.0116780599 0.1502704253 -1.326788575e-21)
(-0.02389345047 0.2000501253 1.094066091e-21)
(-0.03602050104 0.2244039341 6.734009905e-22)
(-0.04658239533 0.2316416359 6.013784413e-22)
(-0.05578158991 0.2272247385 6.642978643e-22)
(-0.0641252329 0.2141667305 -4.457953346e-23)
(-0.07228967365 0.1936432331 -3.460827759e-22)
(-0.08098477456 0.1656011798 2.151853984e-22)
(-0.09088761505 0.1292731849 0)
(-0.1025707197 0.08353657166 0)
(-0.1163780324 0.02720819128 2.655098913e-22)
(-0.1321741092 -0.04061057346 8.195112417e-23)
(-0.1489391255 -0.1200026222 -2.821010054e-22)
(-0.1641403781 -0.2089194053 -5.410604398e-23)
(-0.172797083 -0.3006880246 1.302078136e-22)
(-0.167037359 -0.3793208732 -3.399682905e-22)
(-0.1365323246 -0.4136327413 -1.601014762e-23)
(-0.0801831609 -0.3538215542 8.220024354e-23)
(-0.01050758474 -0.159407701 -6.033372952e-22)
(-0.002260749614 0.07348591037 0)
(-0.01580608734 0.1626436218 2.145606811e-21)
(-0.02665607212 0.2117777607 0)
(-0.0342322498 0.2333800392 -1.351641192e-21)
(-0.03760575153 0.2377622648 6.18482234e-23)
(-0.03801106285 0.2312430523 -6.192178185e-22)
(-0.03669872054 0.2171809587 -4.755658656e-22)
(-0.03490774497 0.1968886368 8.30011005e-22)
(-0.03380657192 0.1703334415 -1.885425329e-22)
(-0.03451722618 0.1367249128 0)
(-0.03813402113 0.09480235378 0)
(-0.04566764219 0.04305032481 2.411011302e-23)
(-0.05792483648 -0.02012946138 -6.006587206e-22)
(-0.07516145413 -0.09619808311 -4.309125584e-22)
(-0.09646540571 -0.1855474705 4.637526434e-22)
(-0.1183575047 -0.2853487925 -6.487865482e-22)
(-0.1332798488 -0.383830304 9.117209724e-23)
(-0.1265399996 -0.4504270448 2.944872096e-23)
(-0.08899323417 -0.4198449431 5.660899876e-22)
(-0.01526927505 -0.2111671509 6.022003407e-22)
(-0.005181115301 0.08597898785 0)
(-0.02525809925 0.1766235807 1.465641346e-22)
(-0.03484006782 0.2205870721 -4.916652666e-23)
(-0.03640974134 0.2354748689 7.642077622e-22)
(-0.03019777133 0.2343294839 -7.004550331e-22)
(-0.01918152027 0.2241506869 4.745920741e-23)
(-0.005632732982 0.2083455256 -1.01855391e-22)
(0.00855081468 0.1881203179 -3.389449575e-22)
(0.02177946508 0.1633906819 2.062599534e-22)
(0.03260865094 0.1333268384 0)
(0.03956614771 0.09664576393 0)
(0.04115281959 0.05174692926 -2.902408454e-22)
(0.0357687837 -0.003248508185 0)
(0.02196724767 -0.07057685082 -5.511885039e-22)
(-0.001277741365 -0.1525674403 -1.491327162e-23)
(-0.0331155526 -0.2505895621 2.559468465e-23)
(-0.06910102817 -0.3599289234 2.202609771e-22)
(-0.09228394636 -0.4575373546 4.790646244e-24)
(-0.0871832086 -0.469807231 -5.789906149e-22)
(-0.02103151263 -0.2698935025 0)
(-0.01111642961 0.108597364 0)
(-0.04249113811 0.1947125531 -8.847707535e-22)
(-0.04796053501 0.225814133 -5.410681005e-22)
(-0.03920410581 0.2282062275 4.54349256e-22)
(-0.01879040274 0.2182249687 -1.710214414e-24)
(0.007649381406 0.2028149518 -4.560633051e-23)
(0.03666301934 0.1847566827 5.696061683e-22)
(0.06581191731 0.1647087511 -2.766598458e-23)
(0.09325289364 0.1423122852 -2.069554738e-22)
(0.1173712043 0.1166292951 3.141920524e-23)
(0.1365292372 0.08641510093 -3.425637567e-23)
(0.1489513916 0.05018155752 -3.690353267e-23)
(0.1525137382 0.006164525201 3.205448389e-22)
(0.1449246511 -0.04795613407 6.119275984e-22)
(0.1235055845 -0.1153008998 -5.10091179e-22)
(0.08632676704 -0.2004161195 -1.615956995e-22)
(0.03198340415 -0.3067779966 1.531356896e-22)
(-0.02362658437 -0.4239810371 7.293808114e-23)
(-0.06492630832 -0.4871582342 1.913304373e-21)
(-0.02510001666 -0.3291520926 2.955005933e-21)
(-0.02004672602 0.14607345 -4.389996172e-23)
(-0.06416503706 0.2112951391 4.417167665e-23)
(-0.05070543558 0.217727677 1.000132655e-21)
(-0.01934683442 0.2014640144 -8.263754336e-24)
(0.02413587811 0.1809028779 0)
(0.0715297705 0.1606887513 4.363333775e-23)
(0.1190568576 0.1416458907 -2.273629159e-22)
(0.1644619729 0.1233158937 -9.027030364e-23)
(0.2062098827 0.1048110654 3.680355007e-23)
(0.242949395 0.08507230356 -1.701499024e-23)
(0.2732068301 0.06296367336 3.429690545e-23)
(0.2952411955 0.03726599855 -6.592223563e-23)
(0.3066863015 0.006538495061 -9.303343972e-23)
(0.3049647229 -0.03087440086 1.516970242e-22)
(0.2863862165 -0.07786017291 0)
(0.2470509074 -0.139928147 1.505503182e-22)
(0.181087447 -0.2266291163 2.560000976e-22)
(0.09604093438 -0.3443884406 0)
(-0.006699440667 -0.4552198977 -3.675652346e-21)
(-0.01922438072 -0.3777527179 -2.892634726e-21)
(-0.0259192924 0.2276836252 -9.51407213e-22)
(-0.03998289538 0.2238221656 -1.388927818e-22)
(0.03656098108 0.181058081 -2.33544527e-22)
(0.1090483429 0.1451044881 -1.193661466e-22)
(0.181715088 0.1172425024 -4.295594409e-23)
(0.2490028447 0.09627690866 9.782317961e-23)
(0.3100255284 0.08002325349 -1.408451431e-22)
(0.3646114105 0.06656691541 1.297042872e-22)
(0.4126150122 0.05449133367 -8.619238524e-23)
(0.4536147926 0.04270928387 1.132164435e-25)
(0.4867782703 0.03032398263 1.527623355e-23)
(0.5107366599 0.01653046411 7.996644423e-23)
(0.5236527548 0.0005380508978 -1.81101919e-22)
(0.5231744753 -0.0186322387 -1.617072043e-22)
(0.5052284302 -0.04286358457 -4.262614592e-23)
(0.4658687567 -0.07633155606 0)
(0.3952676576 -0.1286087021 -1.846492939e-22)
(0.2916056045 -0.2208467425 8.148774215e-22)
(0.1197446013 -0.3525016282 1.631604085e-21)
(0.02670524255 -0.3775496622 2.17265689e-21)
(0.214289676 0.1347449444 9.864842985e-22)
(0.277631832 0.09870532217 0)
(0.4316600242 0.05810428238 -2.594218894e-22)
(0.5304752646 0.03846260346 -1.741581819e-22)
(0.6016959735 0.02623400962 0)
(0.6571181443 0.01831900481 -6.008564275e-23)
(0.7015185237 0.01313581146 6.377329072e-23)
(0.7376006005 0.009542018762 -1.799944781e-23)
(0.7669327697 0.006804478053 2.885645934e-23)
(0.7902066074 0.004464880094 2.314793276e-23)
(0.8074518441 0.002221552477 0)
(0.8182591692 -0.0001497830123 -2.872815797e-23)
(0.8216478614 -0.002723541949 0)
(0.816238197 -0.005712437864 2.737930822e-23)
(0.7991327961 -0.009611247155 1.421580603e-23)
(0.7679985843 -0.01500251487 -5.799478316e-23)
(0.7106557049 -0.02502526001 -2.535668978e-22)
(0.6235184809 -0.04204292511 -6.918110136e-22)
(0.4230090933 -0.09182975433 0)
(0.2705674469 -0.1524022174 -2.11948473e-21)
)


// ************************************************************************* //
