/*--------------------------------*- C++ -*----------------------------------*\
  =========                 |
  \\      /  F ield         | OpenFOAM: The Open Source CFD Toolbox
   \\    /   O peration     | Website:  https://openfoam.org
    \\  /    A nd           | Version:  13
     \\/     M anipulation  |
\*---------------------------------------------------------------------------*/
FoamFile
{
    format      ascii;
    class       scalarField;
    location    "9.34";
    object      p_all;
}
// * * * * * * * * * * * * * * * * * * * * * * * * * * * * * * * * * * * * * //


400
(
3.783360541e-07
-0.000517452541
-0.0008332763123
-0.0009371240287
-0.0008388178673
-0.0005701896256
-0.0001679812398
0.0003327367092
0.0008965782593
0.001484501132
0.002052490302
0.002549694243
0.002922421275
0.003118699412
0.003097036032
0.002837915081
0.002357959409
0.001711984397
0.001081386647
0.000504806015
0.0005573969839
7.146412534e-06
-0.0003299949351
-0.0004483682273
-0.0003954246863
-0.0001975349806
0.0001160909799
0.0005163651078
0.0009723071574
0.001447433019
0.001904149369
0.002291920772
0.00256195349
0.0026678767
0.002575641013
0.002274772041
0.00178860192
0.00117826725
0.0006068467567
-3.688208969e-05
0.000894572423
0.0002848809306
-8.777785602e-05
-0.0002093802952
-0.0001782335177
-2.406350339e-05
0.0002287270995
0.000558220013
0.0009405099724
0.001345775816
0.001736500143
0.002066524085
0.002285547063
0.002345767351
0.002212026386
0.001872977924
0.001349576302
0.0006948082536
2.351382883e-05
-0.0007879163136
0.0009015047083
0.0002217939378
-0.000196903816
-0.0003225639241
-0.0003029233991
-0.0001743155598
4.154851278e-05
0.0003304242575
0.0006772685703
0.001060056819
0.001442408641
0.001778648498
0.002010902705
0.002080463189
0.001939160581
0.001562823101
0.0009610087223
0.0001775761055
-0.0007036919672
-0.001813994203
0.0004124353434
-0.0003135935439
-0.0007591292496
-0.0008815130879
-0.000868050208
-0.0007598212975
-0.0005739226835
-0.00031387237
1.784521517e-05
0.0004098573915
0.0008323110055
0.001237662705
0.001557234284
0.001712886309
0.001630304144
0.001257084934
0.0005783939621
-0.0003755645958
-0.001543634341
-0.003021684908
-0.0007154719498
-0.001458911447
-0.00191418581
-0.002032079749
-0.002032272122
-0.001957598231
-0.001816827102
-0.001597761071
-0.00128387639
-0.0008683122897
-0.0003678020773
0.0001738832932
0.0006767515935
0.001035224103
0.001131774877
0.0008619378504
0.0001621490508
-0.0009658292541
-0.002487676118
-0.004433141311
-0.002613612144
-0.003343832493
-0.003802196677
-0.003928713692
-0.003971956092
-0.003973616645
-0.003929670316
-0.003805538786
-0.003556008339
-0.003143162665
-0.002556448381
-0.001821062465
-0.001020982768
-0.0002925735166
0.0001833068911
0.0002137131935
-0.0003578117915
-0.001594935588
-0.00351521698
-0.006040079486
-0.005390372651
-0.006082808081
-0.006548026512
-0.006715078158
-0.006858885304
-0.007018216149
-0.007172495569
-0.007257654509
-0.007187670538
-0.006875518774
-0.006260213968
-0.005311857944
-0.004104420231
-0.002793591622
-0.001639371813
-0.0009715458698
-0.001113017862
-0.002269346138
-0.004575930006
-0.007794956289
-0.009120257066
-0.009755505151
-0.01023976676
-0.01049507351
-0.01082218276
-0.0112580517
-0.01176448137
-0.01224258137
-0.01255331032
-0.0125367431
-0.01203560206
-0.01096152361
-0.009293365185
-0.007180438873
-0.004959091398
-0.003144631813
-0.002331995607
-0.003004708625
-0.00555864992
-0.009553306992
-0.01382911822
-0.01439020945
-0.01490572416
-0.01529772848
-0.01589784409
-0.01674738996
-0.01779441063
-0.01890447526
-0.01987659491
-0.02045844971
-0.02037238009
-0.01937056742
-0.01730772968
-0.0142421475
-0.01053778797
-0.006912681018
-0.00435095272
-0.003821054872
-0.006245398497
-0.0109893879
-0.01948753757
-0.01995442365
-0.02049649085
-0.02104391502
-0.02197575667
-0.0233509027
-0.02511353043
-0.02709913611
-0.02904338705
-0.03058820052
-0.03130213607
-0.03073261796
-0.02852342912
-0.02452651953
-0.0190242541
-0.0128782244
-0.007534021197
-0.004694025104
-0.006235987545
-0.01146060028
-0.02602350121
-0.02636147575
-0.02688155218
-0.02752720815
-0.02876303576
-0.03068733052
-0.03325552257
-0.03628320222
-0.03944855738
-0.04228686463
-0.04419910758
-0.04449306075
-0.0425360353
-0.03785340635
-0.03047948866
-0.02124955036
-0.01201363605
-0.005398611692
-0.004818385752
-0.009797878467
-0.03336798789
-0.03349950755
-0.0338647868
-0.03441593119
-0.03577913305
-0.03812291612
-0.04143037709
-0.04550591612
-0.04997713014
-0.05427972809
-0.05765531841
-0.05918926832
-0.05787362262
-0.05288895022
-0.04384263419
-0.03128446377
-0.01722506367
-0.005188274971
-0.0007436632631
-0.00401569647
-0.04155808298
-0.04129090424
-0.04122301457
-0.04128317701
-0.04239723598
-0.04483991831
-0.04863151038
-0.05356232383
-0.05920571409
-0.06490142361
-0.06974094908
-0.0725872668
-0.07214197219
-0.06715310347
-0.05672589578
-0.04087872149
-0.02140636845
-0.002357212138
0.00812427419
0.009012787039
-0.05093544865
-0.0497629537
-0.04872469565
-0.04762105693
-0.04789613709
-0.04995047648
-0.053826327
-0.05927177957
-0.06577958834
-0.07257787908
-0.07860737962
-0.08252511585
-0.08276735748
-0.07768750224
-0.0658932032
-0.04672809751
-0.02144523233
0.006102431114
0.02523720614
0.03394349134
-0.06263024201
-0.05925202986
-0.05623884853
-0.05294268996
-0.05160434291
-0.05269725031
-0.05621619325
-0.0618034628
-0.06880859582
-0.07630676951
-0.08306253191
-0.08751813351
-0.08786100949
-0.08206554148
-0.06832004226
-0.04525748781
-0.01350436484
0.02464012752
0.05573303188
0.07748482948
-0.07928988956
-0.07027643248
-0.0634367725
-0.05655505406
-0.05280677279
-0.05246940434
-0.05533329315
-0.06080076368
-0.06801082103
-0.07582549404
-0.08279180879
-0.08710947186
-0.08669688869
-0.07916930703
-0.06227418337
-0.03406122975
0.005337821849
0.05858665676
0.1057148796
0.1479331428
-0.1098061376
-0.08525747143
-0.07115501632
-0.05860714432
-0.05155902931
-0.04938316901
-0.05139961213
-0.05659646263
-0.06379230766
-0.07158413668
-0.07827933853
-0.0818331559
-0.07995023898
-0.06957305166
-0.04820604997
-0.01292595397
0.03788874566
0.1067932571
0.1776416556
0.2561234643
-0.1679209834
-0.0994784123
-0.07475405127
-0.05464613566
-0.04444978983
-0.04127045316
-0.04318763832
-0.04862795652
-0.05609201085
-0.06396814466
-0.07039505741
-0.07315373569
-0.06951330819
-0.05674061398
-0.03104065951
0.01168864403
0.07520884491
0.1659667764
0.2757158262
0.4372830276
-0.3979244628
-0.1377117702
-0.07476903911
-0.04700957223
-0.03346362229
-0.02980909341
-0.03237115138
-0.03861074129
-0.04672581397
-0.05501410346
-0.06159117372
-0.06424413736
-0.06041908849
-0.04666566381
-0.01871486489
0.02975648818
0.1066231795
0.2330282905
0.4194653735
0.7796232249
)


// ************************************************************************* //
