/*--------------------------------*- C++ -*----------------------------------*\
  =========                 |
  \\      /  F ield         | OpenFOAM: The Open Source CFD Toolbox
   \\    /   O peration     | Website:  https://openfoam.org
    \\  /    A nd           | Version:  13
     \\/     M anipulation  |
\*---------------------------------------------------------------------------*/
FoamFile
{
    format      ascii;
    class       vectorField;
    location    "11.32";
    object      U_all;
}
// * * * * * * * * * * * * * * * * * * * * * * * * * * * * * * * * * * * * * //


400
(
(8.872180637e-06 -3.436565356e-05 0)
(-0.0006615291829 0.0004096720302 -1.504051814e-23)
(-0.002157576067 0.0009079472081 0)
(-0.003990205853 0.00129311514 0)
(-0.00588313649 0.001511281175 6.431047711e-25)
(-0.007646063142 0.001545395435 4.113985227e-24)
(-0.009145984752 0.001401734408 -5.88439451e-24)
(-0.01028381291 0.001103229773 9.138339565e-24)
(-0.01098078875 0.0006867140047 -2.237257834e-25)
(-0.01117740459 0.0002014058891 -4.220056077e-24)
(-0.01083836191 -0.0002948497808 6.066588267e-24)
(-0.009963863681 -0.000737016179 -6.157711552e-23)
(-0.008602395123 -0.001062779797 -6.817111672e-23)
(-0.006858826211 -0.001221260833 -8.081310579e-23)
(-0.00489835935 -0.001184900713 4.78365593e-24)
(-0.002940187523 -0.0009603230407 -4.382227184e-24)
(-0.001233839682 -0.0005961761691 -2.180922744e-22)
(-4.975933239e-05 -0.0001796179373 0)
(0.0004962810411 0.0001603303984 2.408732369e-25)
(0.0002171738181 0.0002982604881 -1.440013644e-23)
(-0.0002593631813 0.0008217919529 1.358206064e-25)
(-0.002659503133 0.003333117977 1.51347938e-23)
(-0.00678941932 0.005512002639 1.487568274e-25)
(-0.01174509983 0.006889456928 -7.983913325e-25)
(-0.01683757009 0.00742626965 1.078528674e-24)
(-0.0215974637 0.007174421078 1.175584969e-23)
(-0.02567025819 0.006223895281 2.741480612e-24)
(-0.02878586837 0.004688656079 -8.851815431e-24)
(-0.03073438707 0.002710495512 1.103540984e-23)
(-0.03136474516 0.0004659175462 4.769531582e-24)
(-0.03059185108 -0.001832966167 -6.60601899e-24)
(-0.02842158968 -0.003943180124 2.812237032e-24)
(-0.02498005482 -0.005612681797 4.020189843e-23)
(-0.02052836969 -0.006611169856 -2.063845717e-24)
(-0.0154712182 -0.006772683689 3.99028849e-24)
(-0.01033897073 -0.006043381143 -1.066526734e-22)
(-0.005734653247 -0.004526312355 1.060707997e-22)
(-0.002260587428 -0.002519598614 -5.742691155e-25)
(-0.0002064509487 -0.0005346557865 5.88753359e-25)
(7.97846418e-05 0.0005844349753 0)
(-0.0004101364417 0.002889760478 -2.83499407e-25)
(-0.004559398404 0.00865131335 1.63423449e-23)
(-0.01115572744 0.01300311713 -8.167054071e-24)
(-0.01896257973 0.01550850553 -1.893831274e-25)
(-0.02696232999 0.01623899948 1.860499004e-25)
(-0.03447572917 0.0153804763 4.37638816e-26)
(-0.04096953483 0.01315134684 -2.526329317e-24)
(-0.04602639841 0.009787186633 -5.466058741e-25)
(-0.0493164442 0.005558023288 -1.15559908e-23)
(-0.05059557665 0.0007908846589 0)
(-0.04971796746 -0.004113109827 0)
(-0.0466697989 -0.008693399106 2.807916789e-23)
(-0.04161002895 -0.01244834542 2.958237913e-23)
(-0.03489716561 -0.01489392406 -1.765088489e-24)
(-0.02710532456 -0.01564334396 5.285816292e-23)
(-0.01900436148 -0.01450675669 1.031662774e-22)
(-0.01148783519 -0.01159748254 5.048011052e-23)
(-0.005449538799 -0.007427392271 7.764677628e-25)
(-0.001458664223 -0.002966274211 -8.478007118e-26)
(-9.088270843e-05 0.0001884992546 0)
(-0.0004908518226 0.005938297923 -4.076944223e-23)
(-0.006273476972 0.01606828247 -1.623812739e-23)
(-0.0152271236 0.02312105688 8.089603625e-24)
(-0.02576757275 0.02693747229 0)
(-0.03657640308 0.02781629133 0)
(-0.0468027894 0.02613827328 0)
(-0.05576951143 0.02228145162 -9.579956843e-26)
(-0.06293354495 0.01661784104 -1.04008446e-24)
(-0.06784888976 0.009553509358 0)
(-0.07015903225 0.001575496333 1.99324364e-24)
(-0.06962294746 -0.00671254018 3.038351255e-25)
(-0.06615266958 -0.01459297525 -3.046859103e-25)
(-0.05986524808 -0.02125612913 0)
(-0.05114095896 -0.02587947429 4.563762162e-23)
(-0.04065876387 -0.02775088832 -5.109704139e-23)
(-0.02939532839 -0.0264390479 -3.309724588e-23)
(-0.01855458071 -0.0219910366 -5.05155313e-23)
(-0.009408819202 -0.01511717622 7.649406476e-25)
(-0.002959528869 -0.00729727035 8.369304057e-23)
(-0.0002296603867 -0.000902689622 0)
(-0.0005193105558 0.009905466421 4.096876855e-23)
(-0.007823139653 0.02545937713 4.813731029e-25)
(-0.01901630162 0.03574300712 -4.70380121e-25)
(-0.03219427624 0.04108509067 0)
(-0.04577421344 0.04213589374 7.424613716e-25)
(-0.05876368339 0.03953175298 -7.321674882e-25)
(-0.070370973 0.03382957553 3.447216918e-23)
(-0.07994498965 0.02553290547 1.596681028e-23)
(-0.08692135694 0.01516726528 5.346052592e-24)
(-0.09080875447 0.0033624916 -1.995565924e-24)
(-0.09121548497 -0.009084415204 0)
(-0.08789860691 -0.02117953829 5.008342472e-25)
(-0.08084016239 -0.03175260727 1.258438992e-23)
(-0.07034098298 -0.03954380469 -4.809121407e-23)
(-0.05710359282 -0.04337116321 2.250341303e-24)
(-0.04228193972 -0.04239005164 5.346687189e-23)
(-0.02744469495 -0.03642386815 -5.695202455e-25)
(-0.01439683443 -0.02629470733 0)
(-0.004811720281 -0.01401385675 5.300646822e-23)
(-0.0003589084306 -0.002865979632 -2.39321273e-22)
(-0.0005162288053 0.01471300382 9.798698599e-23)
(-0.009200265313 0.03667993248 -4.916523199e-25)
(-0.02245819188 0.05073794918 0)
(-0.03812848498 0.05787587668 0)
(-0.05441201346 0.05921564477 -8.526542522e-23)
(-0.07021012305 0.05570681879 -8.232231993e-23)
(-0.08464832809 0.04809492795 -3.818375183e-23)
(-0.09698787433 0.03699219438 -1.363740168e-23)
(-0.1065474586 0.02300138209 -4.573314495e-24)
(-0.1126766268 0.006846518958 -7.490749174e-24)
(-0.1147787963 -0.01051795243 5.8260955e-24)
(-0.1123695167 -0.02783706592 7.324665661e-24)
(-0.1051801428 -0.04354243608 -1.817453448e-23)
(-0.09330066701 -0.05582990357 -1.869144424e-24)
(-0.07733526871 -0.06285735339 0)
(-0.05854512935 -0.06310391593 -2.190104837e-23)
(-0.03889825037 -0.05588731281 1.840482883e-25)
(-0.0209093489 -0.04194173161 0)
(-0.007238942604 -0.02380196425 -1.363427461e-22)
(-0.0005134586272 -0.005912000241 5.692696496e-22)
(-0.0004911031766 0.02025738998 -9.731641903e-23)
(-0.01035212586 0.04951744202 2.795654744e-22)
(-0.0254013046 0.06787235177 1.504932844e-22)
(-0.04330692136 0.07712139228 3.547308579e-24)
(-0.06211041479 0.07896477138 -7.178262506e-23)
(-0.08065146955 0.07471599854 8.756925733e-23)
(-0.09801228323 0.06531058639 -3.471847222e-24)
(-0.1133973361 0.05143203046 -1.643507131e-24)
(-0.1260247547 0.03369559538 2.390767575e-24)
(-0.1350791696 0.0128399825 6.745636579e-24)
(-0.1397235039 -0.01010165877 -5.764231155e-24)
(-0.1391577889 -0.03366894103 -8.132668557e-24)
(-0.1327452006 -0.05589809665 -3.183841153e-23)
(-0.1202061032 -0.07435490913 -2.544478092e-23)
(-0.1018635607 -0.08632468816 3.350397575e-25)
(-0.07892620469 -0.08925514239 0)
(-0.05370459968 -0.08150655578 0)
(-0.02956293765 -0.06332704227 -2.634542744e-24)
(-0.01055088161 -0.0376577345 2.692970146e-24)
(-0.0007243912174 -0.01043748422 1.008021127e-22)
(-0.0004444163229 0.02638753657 0)
(-0.0111918886 0.06365607472 1.969280037e-22)
(-0.02762728416 0.08676970243 8.81519575e-23)
(-0.04734135961 0.09846224815 0)
(-0.06828054708 0.1011015517 1.535918761e-22)
(-0.08927300008 0.09640967432 0)
(-0.109405538 0.08551051904 -1.388026948e-22)
(-0.1278722544 0.06911554887 6.301028877e-24)
(-0.1438324776 0.04777443536 0)
(-0.1563363735 0.02213606674 0)
(-0.1643147774 -0.006806567439 -1.297489605e-24)
(-0.1666215624 -0.03749267249 -8.537902567e-25)
(-0.1621650934 -0.06764422098 1.389349017e-22)
(-0.1501356374 -0.09417989384 -4.598206083e-23)
(-0.1303344962 -0.1133364945 -2.263385587e-24)
(-0.1036310146 -0.1211243818 1.255172752e-24)
(-0.07244377611 -0.1143012698 -1.274972358e-24)
(-0.04097772272 -0.09190908333 0)
(-0.01511008998 -0.05689163114 3.038116654e-24)
(-0.001031103433 -0.01701686951 -9.686255994e-22)
(-0.0003765653181 0.03289849305 0)
(-0.01163270381 0.07865800448 -1.113453344e-22)
(-0.02890339007 0.1068803708 -6.097685355e-22)
(-0.0497903587 0.1213141318 -3.692598138e-22)
(-0.0722088862 0.125066821 0)
(-0.09502587505 0.1203120481 4.028986741e-22)
(-0.1173864936 0.108367099 1.225256948e-22)
(-0.1385368849 0.08993654724 -5.408573044e-24)
(-0.1576506224 0.06543069714 5.381803972e-24)
(-0.1737233535 0.03529785278 0)
(-0.1855207622 0.0003465550698 2.816267184e-23)
(-0.1916067955 -0.03794135669 4.486068708e-24)
(-0.1904323552 -0.07713531609 -1.016538865e-22)
(-0.1805387265 -0.1136234278 7.444299601e-23)
(-0.1609519529 -0.1425506553 -2.2853289e-22)
(-0.1317934925 -0.1581415312 0)
(-0.09510496086 -0.154762808 0)
(-0.05560726874 -0.129091388 0)
(-0.02131219006 -0.08308425997 0)
(-0.001484740426 -0.02644255288 5.342576918e-22)
(-0.000295651792 0.03954460085 0)
(-0.01163365521 0.09398180501 -3.441935595e-22)
(-0.02906672139 0.127483537 8.800578098e-22)
(-0.05027955779 0.1448410226 3.556642555e-22)
(-0.07321088635 0.1499602823 0)
(-0.09681338457 0.1455140452 -3.778070729e-22)
(-0.1203460712 0.1330351176 -3.100359238e-23)
(-0.1431808039 0.1132112705 3.255696068e-22)
(-0.1646045367 0.08626638105 1.726281145e-22)
(-0.1836855822 0.05235643332 -3.958678874e-23)
(-0.1991852666 0.01195815946 1.633811102e-23)
(-0.2095216488 -0.03374311819 -7.995257672e-24)
(-0.2127976434 -0.08242665306 3.275122491e-22)
(-0.2069282387 -0.1302465128 0)
(-0.1899834463 -0.171454237 2.286432727e-22)
(-0.1608855199 -0.1983739824 5.372719556e-24)
(-0.1205657451 -0.2022327729 -5.452843478e-24)
(-0.07345199929 -0.1757478215 1.422107681e-22)
(-0.02954019262 -0.1179211452 -5.063119103e-24)
(-0.002161792687 -0.03974777693 0)
(-0.0002259953079 0.04608514116 0)
(-0.01125967274 0.1090465505 0)
(-0.02813512863 0.1477351385 -4.949641256e-22)
(-0.04866357312 0.1679738752 -1.853161328e-23)
(-0.07084803178 0.1745262992 2.001846193e-23)
(-0.0937751617 0.1706229287 -1.978209936e-23)
(-0.1168748819 0.1580582092 -2.267904862e-23)
(-0.1397229243 0.1375302424 -2.958910996e-22)
(-0.1618326615 0.1090762796 6.629821823e-23)
(-0.1825043406 0.0725164411 4.399174304e-23)
(-0.2007028423 0.02788353154 -4.458594997e-23)
(-0.2149477431 -0.02413626415 0)
(-0.2232592625 -0.08168145965 -7.433876918e-23)
(-0.2231276712 -0.1411383398 0)
(-0.2116842339 -0.1963831173 -3.641525115e-22)
(-0.186325792 -0.238163133 5.073550569e-22)
(-0.1460394575 -0.2541920284 0)
(-0.093628252 -0.2314795127 -1.371399938e-22)
(-0.04005352206 -0.1628292317 1.810826798e-22)
(-0.003182174353 -0.0582080131 -3.285306863e-22)
(-0.0002209811974 0.05237088867 0)
(-0.01075682243 0.1233500864 9.069144782e-22)
(-0.02643499172 0.1667680581 -2.408700257e-23)
(-0.04520616383 0.1894837273 9.073054264e-22)
(-0.06517018903 0.1972080791 -2.475456296e-23)
(-0.08561603544 0.1938045438 2.790055711e-23)
(-0.1062122369 0.1813963524 -2.764587007e-23)
(-0.1268165669 0.1607548268 -1.629861112e-23)
(-0.1472743038 0.1317841457 -5.162793666e-22)
(-0.1672698037 0.09399512689 -8.738722833e-24)
(-0.1861883226 0.04694311255 9.480918915e-24)
(-0.2029430557 -0.009331101464 3.260884512e-22)
(-0.2158426399 -0.07378915588 -5.715241458e-22)
(-0.2223570262 -0.1435811094 0)
(-0.21900434 -0.2130342838 8.699199337e-22)
(-0.2016706388 -0.2722220593 -4.779801652e-22)
(-0.16677326 -0.3057572926 -1.521041266e-23)
(-0.1138655892 -0.293696613 0)
(-0.05276193802 -0.2183276441 -1.765597325e-22)
(-0.004731091696 -0.08328483075 3.236557268e-22)
(-0.0003874794767 0.05848616617 1.532200251e-23)
(-0.01065142871 0.1366445318 -8.655685373e-22)
(-0.02473314954 0.1838385663 -1.14440694e-21)
(-0.04073761925 0.2081018523 -8.516146847e-22)
(-0.05690874167 0.216268214 0)
(-0.07286558774 0.2129267788 3.461910133e-23)
(-0.08861540979 0.2005987787 -7.184698782e-23)
(-0.1043789584 0.1802039286 5.777057368e-23)
(-0.1204117901 0.1516005498 2.969754161e-22)
(-0.1368815165 0.1140784635 -1.110815117e-23)
(-0.153744406 0.06677092813 0)
(-0.1705917908 0.009040880414 -3.546343933e-22)
(-0.1863632817 -0.05906805283 7.414902086e-22)
(-0.1990157587 -0.1360182268 8.729584761e-22)
(-0.2051399252 -0.2175378083 -5.201304536e-22)
(-0.199642544 -0.2944651555 5.085558614e-22)
(-0.176348211 -0.349814024 1.035011313e-23)
(-0.1301593527 -0.3568536337 -1.05163246e-23)
(-0.06684570126 -0.2830646128 -9.28815804e-23)
(-0.007069644658 -0.1164527965 0)
(-0.0009351261476 0.06496866456 -1.891216728e-23)
(-0.01189213594 0.1491423372 -1.314493505e-21)
(-0.02435535975 0.198456779 1.082332355e-21)
(-0.03672831666 0.2226122644 6.670088992e-22)
(-0.04751121641 0.2299015415 5.95348927e-22)
(-0.05690098591 0.2257354562 6.570719939e-22)
(-0.06540478918 0.2130631387 -4.401014826e-23)
(-0.07369942038 0.192993474 -3.42049918e-22)
(-0.08249443028 0.1654135753 2.127008854e-22)
(-0.09246494852 0.1295047349 0)
(-0.1041788754 0.08410830371 0)
(-0.1179725843 0.0280237286 2.63111632e-22)
(-0.1337035328 -0.03964608753 8.273966289e-23)
(-0.1503425723 -0.1189596451 -2.769987262e-22)
(-0.1653482219 -0.2078271608 -5.35887492e-23)
(-0.1737391561 -0.2995378122 1.31638444e-22)
(-0.1676668677 -0.378088823 -3.344700494e-22)
(-0.136842853 -0.4123608436 -2.05436162e-23)
(-0.08024840065 -0.3526924988 9.275464055e-23)
(-0.01050348657 -0.1588620689 -6.100452599e-22)
(-0.002286176412 0.07319079781 0)
(-0.01606038791 0.161781814 2.127052546e-21)
(-0.02722283963 0.2104965232 0)
(-0.03512093 0.2318967971 -1.340245367e-21)
(-0.03878762435 0.236301452 6.260648104e-23)
(-0.03943965824 0.2299909457 -6.124524238e-22)
(-0.03831985077 0.2162668293 -4.709306839e-22)
(-0.03666447918 0.1963768416 8.210437713e-22)
(-0.03564399267 0.1702337967 -1.863409734e-22)
(-0.03638565284 0.1369947088 0)
(-0.03998807586 0.09536299846 0)
(-0.04746563494 0.04380405976 2.451051317e-23)
(-0.05963050889 -0.01927956973 -5.958662997e-22)
(-0.07673356779 -0.09533640342 -4.275397566e-22)
(-0.09785410758 -0.1847106751 4.616277114e-22)
(-0.1195008051 -0.2845279395 -6.42738536e-22)
(-0.1341260051 -0.3829727329 8.855259305e-23)
(-0.1270387611 -0.4495252448 3.419014891e-23)
(-0.08916455235 -0.4189566295 5.680685005e-22)
(-0.01527901823 -0.2106752555 6.088956547e-22)
(-0.005203027242 0.08583016738 0)
(-0.0255194203 0.1760650775 1.47183425e-22)
(-0.03544320898 0.2196708271 -4.884244865e-23)
(-0.03737682282 0.2343563461 7.584804098e-22)
(-0.03150140726 0.2331945855 -6.947833747e-22)
(-0.02076438455 0.2231611456 4.706479488e-23)
(-0.007422638685 0.2076193371 -1.016187975e-22)
(0.006635289603 0.1877214379 -3.355119759e-22)
(0.01981612134 0.1633320647 2.045663089e-22)
(0.03066133378 0.1335762545 0)
(0.03768884988 0.09713681953 0)
(0.03938707175 0.05239196941 -2.88238072e-22)
(0.03413069133 -0.002544073038 0)
(0.02047748548 -0.06988318821 -5.493976764e-22)
(-0.002594227105 -0.1519378286 -1.383947445e-23)
(-0.03422287749 -0.2500293655 2.548380906e-23)
(-0.06998888282 -0.3593884726 2.175478002e-22)
(-0.09286532065 -0.4570185586 4.878354842e-24)
(-0.08741751031 -0.4692237668 -5.811812694e-22)
(-0.02105634038 -0.2695130722 0)
(-0.01112809819 0.1085836569 0)
(-0.04270523875 0.1944486974 -8.796212969e-22)
(-0.04849012417 0.2252672272 -5.390154028e-22)
(-0.04008695205 0.227464668 4.526187904e-22)
(-0.02001301118 0.2174296584 -1.735305316e-24)
(0.00613916734 0.2020909722 -4.535037682e-23)
(0.03494383259 0.1842053248 5.653548856e-22)
(0.0639720014 0.1643930522 -2.745180536e-23)
(0.09137960545 0.1422504203 -2.052223524e-22)
(0.1155400622 0.1168050585 3.120232299e-23)
(0.1347999538 0.08678270156 -3.405221478e-23)
(0.1473635094 0.05067548995 -3.673820917e-23)
(0.1510967903 0.006713340941 3.193849421e-22)
(0.143688777 -0.04742835128 6.100122741e-22)
(0.1224409942 -0.1148481919 -5.089143607e-22)
(0.08545264506 -0.2000597775 -1.619025285e-22)
(0.03121104904 -0.3065033457 1.522460334e-22)
(-0.0241797476 -0.4237048771 7.292625545e-23)
(-0.06514563737 -0.4868458972 1.912031929e-21)
(-0.02513052649 -0.3289081979 2.953576065e-21)
(-0.02003894812 0.1461451207 -4.377295236e-23)
(-0.06426370261 0.2112502204 4.404387553e-23)
(-0.05102195006 0.2174885492 9.972522785e-22)
(-0.01993751377 0.2010614598 -7.581845335e-24)
(0.02325018464 0.18042267 0)
(0.0703696971 0.1602218366 4.340748565e-23)
(0.1176870156 0.1412681957 -2.259357071e-22)
(0.1629588472 0.1230792589 -8.965962575e-23)
(0.2046572002 0.1047378953 3.654110775e-23)
(0.2414266114 0.08515892486 -1.689670923e-23)
(0.2717814578 0.06318328154 3.409250332e-23)
(0.2939694306 0.0375751803 -6.561679774e-23)
(0.3055768261 0.006885299327 -9.262358579e-23)
(0.3040279713 -0.03053714345 1.51432562e-22)
(0.2856245365 -0.07757880944 0)
(0.2464450601 -0.1397334615 1.509560674e-22)
(0.1805955566 -0.2265437886 2.557179506e-22)
(0.09567276766 -0.3442769508 0)
(-0.006886282873 -0.4551035156 -3.673189267e-21)
(-0.01925509417 -0.3776454868 -2.891228815e-21)
(-0.0258971595 0.2277590367 -9.506987316e-22)
(-0.0399476492 0.2238743229 -1.386613915e-22)
(0.03652186815 0.1810126307 -2.328511204e-22)
(0.1088510142 0.1449619741 -1.188988098e-22)
(0.1813084954 0.1170348479 -4.289039428e-23)
(0.2483724448 0.09605653765 9.745343947e-23)
(0.3091991524 0.07983319548 -1.400857757e-22)
(0.3636419695 0.06643913604 1.288557108e-22)
(0.411571002 0.05444245815 -8.558298605e-23)
(0.4525681121 0.04274092898 1.130872947e-25)
(0.4857939043 0.03042378057 1.51959161e-23)
(0.509864907 0.01667679167 7.95964035e-23)
(0.5229325656 0.0006936577586 -1.805182853e-22)
(0.5226264847 -0.01847943867 -1.614405405e-22)
(0.5048250622 -0.0427394528 -4.261115037e-23)
(0.4655848544 -0.07625313838 0)
(0.3950615735 -0.1285844109 -1.839509089e-22)
(0.2914499377 -0.2208387645 8.141206679e-22)
(0.1196509439 -0.3524949814 1.630446633e-21)
(0.02668157086 -0.3775356163 2.172054543e-21)
(0.2143127149 0.1347675929 9.857023609e-22)
(0.2777037215 0.09873441691 0)
(0.4317402978 0.05811792132 -2.590615484e-22)
(0.5305089304 0.03845818323 -1.739661846e-22)
(0.6016357485 0.0262155982 0)
(0.6569411775 0.01829572765 -5.988086223e-23)
(0.7012308206 0.01311555295 6.341912902e-23)
(0.7372290401 0.009530919287 -1.786545215e-23)
(0.7665171521 0.006805664602 2.864422431e-23)
(0.7897907852 0.004478516862 2.298410664e-23)
(0.8070760843 0.002245191495 0)
(0.8179531749 -0.0001198023236 -2.858613077e-23)
(0.8214292497 -0.0026912491 0)
(0.8161108353 -0.005688179793 2.731593226e-23)
(0.7990778491 -0.009596915228 1.426496309e-23)
(0.7679922359 -0.01499846784 -5.790599596e-23)
(0.7106681724 -0.02503142195 -2.531458053e-22)
(0.6235263784 -0.04204999371 -6.912184803e-22)
(0.42300811 -0.09183726884 0)
(0.2705651832 -0.1524056264 -2.118896966e-21)
)


// ************************************************************************* //
