/*--------------------------------*- C++ -*----------------------------------*\
  =========                 |
  \\      /  F ield         | OpenFOAM: The Open Source CFD Toolbox
   \\    /   O peration     | Website:  https://openfoam.org
    \\  /    A nd           | Version:  13
     \\/     M anipulation  |
\*---------------------------------------------------------------------------*/
FoamFile
{
    format      ascii;
    class       scalarField;
    location    "48.62";
    object      p_all;
}
// * * * * * * * * * * * * * * * * * * * * * * * * * * * * * * * * * * * * * //


400
(
8.9033304e-09
-0.0005474975072
-0.0008895496742
-0.001017041424
-0.0009381836647
-0.0006853311997
-0.0002960505027
0.0001936725618
0.0007473126958
0.001324378443
0.001879222411
0.002358983677
0.002708270912
0.002873996574
0.0028146346
0.00251219318
0.001987139848
0.001296608699
0.0006376785358
4.177419117e-05
0.0005881612026
6.861109706e-06
-0.0003568829097
-0.0004992168507
-0.000468563083
-0.0002914949926
2.600393984e-06
0.0003844337783
0.0008226003917
0.001279837653
0.001716299596
0.002080827801
0.002323047714
0.002395592835
0.002264595843
0.001921288341
0.001392420651
0.0007430466561
0.0001453982902
-0.0005172998114
0.0009524180463
0.0003080111909
-9.32495766e-05
-0.0002395918607
-0.0002334788895
-0.0001049809599
0.0001218595525
0.0004257473881
0.0007829462274
0.001161450424
0.001529464557
0.001832859879
0.002021708712
0.002047286909
0.001874456682
0.001493400753
0.0009280999664
0.0002351134561
-0.0004633645277
-0.001300347312
0.0009761220052
0.0002579568786
-0.0001922929173
-0.0003445953498
-0.0003538673916
-0.0002568948858
-7.431017223e-05
0.0001812927672
0.0004963665314
0.0008506718106
0.00120301387
0.001510479449
0.001712272554
0.001747863339
0.001568381728
0.001150438134
0.0005058523684
-0.0003186386329
-0.001233981374
-0.002384788309
0.0004804588561
-0.0002850313493
-0.0007639346015
-0.000915636175
-0.0009366648724
-0.0008682463275
-0.0007253474576
-0.0005084175657
-0.0002171729635
0.000139136587
0.0005300759831
0.0009073728923
0.00119980525
0.001326489627
0.001211011898
0.0008001732992
7.99223377e-05
-0.0009176806424
-0.002127673311
-0.003656177437
-0.0006863812504
-0.001467174222
-0.001956226563
-0.002107281419
-0.002150060134
-0.00212671116
-0.002042332676
-0.001879713814
-0.00161760195
-0.001245570316
-0.0007791569088
-0.0002629003256
0.0002205781514
0.0005614482534
0.0006377975501
0.0003414916686
-0.0003930680581
-0.001564107813
-0.003134897067
-0.005142136612
-0.002661846228
-0.00342356187
-0.003915433917
-0.004080817433
-0.004178187499
-0.004247240395
-0.004278258039
-0.004229203109
-0.004047601151
-0.003689651299
-0.003140801718
-0.002426806565
-0.001633564209
-0.0009034954543
-0.0004248856552
-0.0003987499731
-0.0009882966532
-0.00226063733
-0.004232798661
-0.006828378565
-0.005555050666
-0.006269973398
-0.006768263657
-0.006982215721
-0.007195609525
-0.007443509366
-0.007697215335
-0.007882280406
-0.007902247039
-0.007660691125
-0.007087428073
-0.006159576051
-0.004943830685
-0.003604952969
-0.002414021426
-0.001714602349
-0.001843287707
-0.003015100734
-0.005368535595
-0.008662331102
-0.009435280559
-0.0100816135
-0.01059848257
-0.01091072558
-0.01132613249
-0.01187602026
-0.01251139905
-0.01311977453
-0.01354793453
-0.013623506
-0.01318263067
-0.0121212777
-0.01042818548
-0.008256719147
-0.005956491694
-0.004062067549
-0.003190331194
-0.003843231229
-0.006426627054
-0.01049181612
-0.01431705148
-0.01487604356
-0.01542303309
-0.0158822783
-0.01659011898
-0.01758025463
-0.01878711871
-0.02005925283
-0.02117774194
-0.02187379727
-0.02185757715
-0.02087246158
-0.01877212148
-0.01562029548
-0.01179526821
-0.008037529469
-0.00536008682
-0.004760345123
-0.007181366243
-0.0119794483
-0.02015455883
-0.02060478964
-0.02117498127
-0.02179698667
-0.02285234419
-0.02439060493
-0.02633947822
-0.02851386805
-0.0306278123
-0.0323037487
-0.0330955067
-0.03254095634
-0.03028273446
-0.02617893351
-0.02052512805
-0.01420415622
-0.008691764261
-0.005726833916
-0.007219480437
-0.01246662829
-0.02685658697
-0.02716234737
-0.02770278564
-0.02842320269
-0.02978940472
-0.0318893471
-0.03465913819
-0.03788990573
-0.04123419396
-0.04420532116
-0.04618839623
-0.04647904514
-0.04446334528
-0.03966029247
-0.03212127718
-0.0226989993
-0.01326680494
-0.00648616425
-0.005808856087
-0.01076545241
-0.03433494951
-0.03441835842
-0.03478969703
-0.03540478018
-0.03689209305
-0.03941024979
-0.04292029959
-0.04719794012
-0.05184033748
-0.056258654
-0.05968001161
-0.06119117518
-0.05977979878
-0.05465604361
-0.04544131848
-0.03269995774
-0.01845333598
-0.006246142494
-0.001674186049
-0.004873820783
-0.04261009336
-0.04227966392
-0.04219588133
-0.04229620024
-0.04351394772
-0.04611664767
-0.05009987012
-0.05522064708
-0.06101533383
-0.06679644794
-0.07164039427
-0.07441329475
-0.07383285421
-0.06867517193
-0.05807223232
-0.04206210286
-0.02244031067
-0.003257477491
0.007346816767
0.008341212875
-0.05201060047
-0.05076125353
-0.04967807229
-0.04857916784
-0.04892703374
-0.05112046643
-0.055173169
-0.06079652346
-0.06743583574
-0.07429020622
-0.08028308646
-0.08407654108
-0.08413097359
-0.0788378586
-0.06684311927
-0.04752372584
-0.02212775284
0.005501511205
0.02471511386
0.03352715435
-0.06365620024
-0.06018949657
-0.05709763641
-0.05376468187
-0.05246582556
-0.05368049968
-0.05736535274
-0.06313855717
-0.07026303367
-0.07780149926
-0.08449319055
-0.08878640471
-0.08889872379
-0.08283999755
-0.06885108006
-0.04562110053
-0.01375177705
0.02441665612
0.05553940971
0.07735565038
-0.08018675501
-0.07107531015
-0.06412156293
-0.05716586463
-0.05343202662
-0.05321611813
-0.05625988434
-0.06191491741
-0.06926006862
-0.0771180602
-0.08401332493
-0.08815278207
-0.08748121307
-0.07965693044
-0.06247977507
-0.03405068606
0.005564705756
0.05859388463
0.1058229248
0.1480676326
-0.1105081384
-0.08585544221
-0.07160740953
-0.05897244616
-0.05191485653
-0.04988461469
-0.05210443666
-0.05751060236
-0.06486143491
-0.07271032045
-0.07934173944
-0.08271503466
-0.08052075739
-0.0698876566
-0.04823271896
-0.01272275115
0.03823602837
0.1071319972
0.1779785601
0.2564763988
-0.1684383132
-0.09990960055
-0.0750096989
-0.05479932731
-0.04462048088
-0.04158702754
-0.0437196734
-0.04938361636
-0.05701928221
-0.0649728559
-0.07136372327
-0.07398199266
-0.07013078499
-0.05701425855
-0.03102885607
0.01192918795
0.07559937962
0.166404148
0.2761619267
0.4377041898
-0.3984295957
-0.1381007547
-0.07497186409
-0.04708988181
-0.03355096209
-0.0300317807
-0.03280400083
-0.03926682664
-0.04756062595
-0.05594118267
-0.0625021967
-0.06503126055
-0.06099649221
-0.04697028165
-0.01875706913
0.02993531506
0.1069555722
0.2334271616
0.4198801168
0.7800232984
)


// ************************************************************************* //
