/*--------------------------------*- C++ -*----------------------------------*\
  =========                 |
  \\      /  F ield         | OpenFOAM: The Open Source CFD Toolbox
   \\    /   O peration     | Website:  https://openfoam.org
    \\  /    A nd           | Version:  13
     \\/     M anipulation  |
\*---------------------------------------------------------------------------*/
FoamFile
{
    format      ascii;
    class       scalarField;
    location    "6.1";
    object      p_all;
}
// * * * * * * * * * * * * * * * * * * * * * * * * * * * * * * * * * * * * * //


400
(
2.548234017e-08
-0.0004475764788
-0.0006994933299
-0.0007440106604
-0.0005955124288
-0.0002849669509
0.0001527148193
0.0006845570655
0.0012778983
0.001897548544
0.00250368233
0.003050926013
0.00349005598
0.003772202944
0.003856003555
0.003717571095
0.003362886123
0.002843973561
0.002281658727
0.001761351934
0.000481234957
5.414235776e-06
-0.0002670223479
-0.0003259321557
-0.000216814865
3.434617714e-05
0.0003988091993
0.0008481309675
0.001352735741
0.001879386
0.002391090396
0.002844135913
0.003192670475
0.003392553608
0.003409042921
0.003226710418
0.002859317826
0.002357474561
0.001846998849
0.001274639339
0.0007494342571
0.0002246538017
-7.790533301e-05
-0.0001385523236
-4.558593679e-05
0.0001724519899
0.0004906699637
0.0008860593361
0.001334205856
0.001806059554
0.002266139961
0.002672148742
0.002977312924
0.003136277717
0.003113474327
0.002893100871
0.002487562727
0.001940237437
0.001342286581
0.0006032318362
0.0007090601347
0.0001257295175
-0.0002145257775
-0.0002748608917
-0.0001849445373
2.085510774e-05
0.0003191014314
0.0006922413094
0.001122239815
0.001585286387
0.002047828224
0.00246601207
0.002786847434
0.002955513302
0.002925124876
0.00266883078
0.002189511006
0.001522868076
0.0007363265809
-0.0002627166214
0.0002268086125
-0.0003973089113
-0.0007583956733
-0.0008091547123
-0.0007127814656
-0.0005084787441
-0.0002171955312
0.0001510394907
0.000587378197
0.00107595561
0.001586998923
0.002075171493
0.002477547281
0.002722403641
0.002740322867
0.002480278473
0.001924630615
0.001097992349
4.987029305e-05
-0.001284201731
-0.0008160382914
-0.001459091783
-0.001827320552
-0.001864226471
-0.001762160248
-0.001563343053
-0.001283688409
-0.0009220549643
-0.0004732222853
6.070716044e-05
0.0006591900052
0.001279641081
0.001848241205
0.002269415952
0.002436624765
0.002254397502
0.001663942464
0.00066636609
-0.0007114398069
-0.002477041848
-0.002531909288
-0.003172901033
-0.003543357711
-0.003574394288
-0.003486237327
-0.003322372175
-0.003090491923
-0.002773169892
-0.002343429059
-0.001779252451
-0.00107992776
-0.0002722715456
0.0005642184708
0.001307047926
0.001795032075
0.001856505273
0.001352997359
0.0002297961428
-0.001532479331
-0.003846653405
-0.005022332638
-0.005645606538
-0.00602261928
-0.006072841272
-0.006044058164
-0.005980217306
-0.005878119365
-0.005698380981
-0.005382133679
-0.004867209706
-0.004108163951
-0.00309647671
-0.001892178061
-0.0006376761354
0.0004360734646
0.001037069839
0.0008806173438
-0.0002126559224
-0.002369255956
-0.005359556115
-0.008369659691
-0.008963493558
-0.009359491256
-0.009470043591
-0.009572137731
-0.0097119358
-0.009875023747
-0.009995845092
-0.009972888368
-0.009683360664
-0.009003557407
-0.007855636666
-0.006230024172
-0.004257687847
-0.002237618529
-0.000629652069
3.536545972e-05
-0.0006732603357
-0.00312163867
-0.006892989465
-0.01262437354
-0.01317827088
-0.01360728773
-0.01382411785
-0.01414161269
-0.01461444034
-0.01522116365
-0.01587004753
-0.01640915002
-0.01663556181
-0.01631529011
-0.0152284131
-0.01324134593
-0.01039845665
-0.007023585265
-0.003767305921
-0.001525402876
-0.001180823672
-0.003592293306
-0.008154918742
-0.01779755609
-0.01829692175
-0.01876019194
-0.01910827086
-0.01970687084
-0.02063181563
-0.02186463745
-0.02329349265
-0.02471506536
-0.02583255492
-0.02626708604
-0.02560050806
-0.02349486904
-0.01978479658
-0.01471546104
-0.009081165292
-0.004228869465
-0.001750231757
-0.003417798751
-0.008550966493
-0.02386896752
-0.02428338393
-0.02474440192
-0.02518499213
-0.02605996198
-0.02748646496
-0.02946405677
-0.03187186054
-0.03446170106
-0.03684067659
-0.03846862357
-0.03869548487
-0.03686899211
-0.03251872987
-0.02563326412
-0.01699078472
-0.008355178586
-0.002247259355
-0.001945500543
-0.006971799441
-0.03082550895
-0.03107968542
-0.03142403461
-0.03179510375
-0.0328071708
-0.03464610314
-0.0373454412
-0.04078540501
-0.04468146149
-0.04855172786
-0.05169736366
-0.053225145
-0.0521277095
-0.0475321219
-0.03899501995
-0.02701783983
-0.01355345112
-0.002069723199
0.001989864467
-0.001489442952
-0.03875697471
-0.03865768146
-0.03862926456
-0.03857260846
-0.03938821555
-0.04136120122
-0.04456785782
-0.04888864257
-0.05400202037
-0.05934192278
-0.06406224975
-0.06703874679
-0.06693563738
-0.06242926946
-0.05253939867
-0.03722650091
-0.01824238556
0.00034116703
0.01043640029
0.01099433688
-0.0480502699
-0.04708720113
-0.04617057849
-0.04505004124
-0.04511353502
-0.0467591978
-0.05009099397
-0.05496373456
-0.06099673833
-0.06752588235
-0.07355974782
-0.07776258489
-0.07850862055
-0.07405075343
-0.06287357394
-0.04423530641
-0.01931312752
0.007957926626
0.02682239875
0.03515473733
-0.059873267
-0.05674037641
-0.05394695512
-0.05075630681
-0.04930222057
-0.05004255347
-0.05304304648
-0.05806611722
-0.06462509102
-0.07190871265
-0.07875770853
-0.08362256809
-0.08461139362
-0.07959399722
-0.06660317544
-0.04413378639
-0.01264943259
0.02532114355
0.05635484514
0.07779003428
-0.07689813989
-0.06815850663
-0.06164340721
-0.0549865791
-0.0511897246
-0.05051746158
-0.05284229493
-0.05771968531
-0.06445920567
-0.0720600859
-0.07915174554
-0.08394347425
-0.08427479148
-0.07762881403
-0.06158575096
-0.03403328808
0.005291664403
0.05772822677
0.1052660938
0.1473375218
-0.1079720258
-0.08371375472
-0.07003246729
-0.05779780856
-0.05068512191
-0.04815591726
-0.04957657591
-0.05412525547
-0.06080103359
-0.06834339385
-0.07514102972
-0.07915560951
-0.07797570754
-0.06856408515
-0.04811843813
-0.01359455964
0.03678290378
0.1054222126
0.1764539888
0.2548656079
-0.1666069712
-0.09839819842
-0.07418712091
-0.05439189475
-0.04415944787
-0.04058955538
-0.04187863268
-0.04663802797
-0.05354589815
-0.06113015152
-0.06761276534
-0.07078993749
-0.06790421867
-0.05590189686
-0.03108330635
0.01088320294
0.07389881361
0.1643981353
0.2741639869
0.4358090489
-0.3966369184
-0.1367482513
-0.07434284011
-0.04695423582
-0.03340805899
-0.02938977782
-0.0313474392
-0.03691550948
-0.04446146593
-0.05241742197
-0.0589778441
-0.06194162354
-0.05869252528
-0.04572650172
-0.01860753738
0.02913318154
0.1054852831
0.2316167832
0.4180193351
0.7782266647
)


// ************************************************************************* //
