/*--------------------------------*- C++ -*----------------------------------*\
  =========                 |
  \\      /  F ield         | OpenFOAM: The Open Source CFD Toolbox
   \\    /   O peration     | Website:  https://openfoam.org
    \\  /    A nd           | Version:  13
     \\/     M anipulation  |
\*---------------------------------------------------------------------------*/
FoamFile
{
    format      ascii;
    class       scalarField;
    location    "22.09";
    object      p_all;
}
// * * * * * * * * * * * * * * * * * * * * * * * * * * * * * * * * * * * * * //


400
(
1.693688348e-06
-0.0005454208921
-0.0008873529347
-0.001014733217
-0.0009357965237
-0.0006828703929
-0.0002935086878
0.0001962869232
0.0007499723655
0.001327062433
0.001881937981
0.00236176747
0.002711168881
0.002877047836
0.002817866164
0.002515622125
0.001990770256
0.001300439
0.0006416406475
4.582655879e-05
0.0005899525933
8.799036739e-06
-0.0003548158185
-0.0004970240809
-0.0004662760364
-0.0002891382495
5.031562729e-06
0.0003869620991
0.0008252382901
0.001282576856
0.001719126429
0.002083743192
0.002326072792
0.002398762472
0.002267942589
0.001924830993
0.001396158929
0.0007469629405
0.0001494413865
-0.0005131716035
0.0009540810754
0.0003098309157
-9.130158863e-05
-0.0002375087088
-0.0002312578852
-0.0001026412549
0.0001242971633
0.0004282809019
0.0007855923273
0.001164241399
0.001532364814
0.001835885576
0.002024865386
0.002050589853
0.001877927357
0.001497056072
0.0009319430867
0.0002391315931
-0.0004592155569
-0.001296076084
0.0009777276733
0.0002597393122
-0.0001903860043
-0.0003425711602
-0.0003516934875
-0.000254553202
-7.18080087e-05
0.000183937215
0.0004991407072
0.0008535596748
0.001206050513
0.00151365304
0.001715585076
0.001751324153
0.001572006837
0.001154244063
0.0005098476513
-0.0003144571323
-0.001229639209
-0.002380256566
0.0004820956097
-0.0002831951652
-0.0007619524758
-0.0009135366232
-0.0009344141759
-0.0008658035971
-0.0007226921731
-0.0005055565825
-0.0002141287246
0.000142336582
0.0005334154181
0.000910836967
0.001203388733
0.001330197288
0.001214859742
0.0008041841583
8.411717657e-05
-0.0009132891146
-0.00212308962
-0.003651366037
-0.0006845688907
-0.001465177929
-0.001954061514
-0.002104965298
-0.002147558372
-0.002123979521
-0.002039339469
-0.001876455828
-0.00161410407
-0.001241875065
-0.0007753085992
-0.0002589396134
0.0002246217552
0.0005655624716
0.0006419915579
0.0003457950017
-0.0003886139258
-0.001559461507
-0.003130030031
-0.005136994491
-0.002659658551
-0.003421242248
-0.003912949232
-0.004078141829
-0.004175261175
-0.004244009601
-0.004274687995
-0.0042252911
-0.00404338042
-0.003685184131
-0.003136165702
-0.002422077416
-0.00162880746
-0.0008987525326
-0.0004201653156
-0.0003940227752
-0.0009834992119
-0.002255688418
-0.004227620193
-0.006822887266
-0.005552301434
-0.006267144202
-0.006765287081
-0.006979014569
-0.007192081318
-0.007439575722
-0.007692832544
-0.007877447689
-0.00789701036
-0.007655139729
-0.007081685785
-0.006153758319
-0.004938058913
-0.003599313468
-0.002408553131
-0.001709284651
-0.001838038443
-0.003009792986
-0.005363026796
-0.008656495362
-0.009431834061
-0.01007812942
-0.01059486106
-0.01090684288
-0.01132184033
-0.01187120731
-0.01250600698
-0.01311380339
-0.0135414437
-0.01361660963
-0.01317548146
-0.01211407561
-0.01042110685
-0.008249912293
-0.005950043614
-0.004055981218
-0.00318451481
-0.003837512131
-0.006420787382
-0.010485673
-0.01431282258
-0.01487182532
-0.01541868033
-0.01587762453
-0.01658497408
-0.01757447148
-0.0187806207
-0.02005204198
-0.02116989603
-0.02186546021
-0.02184894443
-0.02086376624
-0.01876360459
-0.0156121725
-0.01178768868
-0.00803054259
-0.005353615989
-0.004754188557
-0.007175233076
-0.01197308682
-0.02014952443
-0.02059982925
-0.02116989602
-0.02179157095
-0.0228463754
-0.02438390435
-0.02633194889
-0.02850551141
-0.03061872694
-0.03229411442
-0.03308555746
-0.03253096253
-0.03027296875
-0.02616964528
-0.02051651026
-0.01419630944
-0.008684658168
-0.005720279541
-0.007213149796
-0.01246020894
-0.02685080697
-0.02715671701
-0.02769706203
-0.02841714692
-0.02978277164
-0.03188193768
-0.03465084384
-0.03788073003
-0.04122425272
-0.04419483047
-0.04617763533
-0.04646834329
-0.04445291429
-0.03965039431
-0.03211209763
-0.02269065236
-0.01325930875
-0.006479388478
-0.00580250944
-0.01075921596
-0.03432857042
-0.03441220794
-0.03478352141
-0.03539832021
-0.03688508337
-0.03940247243
-0.04291164316
-0.04718842638
-0.05183010405
-0.05624795126
-0.05966914898
-0.06118044186
-0.0597695224
-0.05464638654
-0.04543239145
-0.03269181249
-0.01844598814
-0.006239521979
-0.001668118891
-0.004868076784
-0.04260333726
-0.04227320482
-0.04218950329
-0.04228965047
-0.04350694288
-0.04610893543
-0.0500913192
-0.05521130691
-0.06100537336
-0.0667861652
-0.07163013878
-0.0744033955
-0.07382357212
-0.06866663525
-0.05806445614
-0.04205501519
-0.02243384905
-0.003251572885
0.007352196961
0.008346131512
-0.05200375118
-0.05075475516
-0.04967178515
-0.04857286933
-0.04892042911
-0.05111325885
-0.05516516586
-0.06078779966
-0.06742655726
-0.07428074058
-0.08027383342
-0.08406786426
-0.08412314696
-0.0788309632
-0.06683709187
-0.04751834623
-0.02212284253
0.005506086966
0.02471936357
0.03353095382
-0.06364958238
-0.06018327964
-0.05709178023
-0.05375898532
-0.05245996196
-0.05367411725
-0.05735812308
-0.0631308132
-0.07025465908
-0.07779299407
-0.08448501632
-0.08877898402
-0.08889244255
-0.08283476928
-0.06884687816
-0.04561759567
-0.01374876692
0.02441958666
0.05554221938
0.0773582026
-0.08018071408
-0.07106971086
-0.0641164983
-0.05716112685
-0.05342720145
-0.05321077441
-0.05625375205
-0.06190800699
-0.0692525777
-0.07711042858
-0.08400604161
-0.08814629618
-0.08747576931
-0.0796529138
-0.06247697076
-0.03404879533
0.005565599478
0.05859592867
0.105824445
0.1480690549
-0.1105029671
-0.08585071204
-0.07160336069
-0.05896883398
-0.05191120773
-0.049880344
-0.05209927335
-0.05750454521
-0.06485472718
-0.07270340659
-0.07933514101
-0.08270925331
-0.08051629018
-0.06988436712
-0.0482306656
-0.01272166912
0.03823649971
0.1071325504
0.1779791015
0.2564768772
-0.1684339919
-0.09990561217
-0.07500647346
-0.05479658061
-0.04461765785
-0.0415835673
-0.04371526648
-0.0493782479
-0.05701318711
-0.06496646091
-0.071357529
-0.07397645942
-0.07012624089
-0.05701111555
-0.03102694285
0.01193011908
0.07559967693
0.1664042657
0.2761620041
0.4377043763
-0.3984253645
-0.1380970139
-0.07496891617
-0.04708746181
-0.0335485004
-0.03002872444
-0.03280002634
-0.03926189135
-0.04755493062
-0.05593511513
-0.06249623207
-0.06502586224
-0.06099201616
-0.04696698736
-0.01875491658
0.02993651708
0.106956123
0.2334274413
0.4198803292
0.7800235749
)


// ************************************************************************* //
