/*--------------------------------*- C++ -*----------------------------------*\
  =========                 |
  \\      /  F ield         | OpenFOAM: The Open Source CFD Toolbox
   \\    /   O peration     | Website:  https://openfoam.org
    \\  /    A nd           | Version:  13
     \\/     M anipulation  |
\*---------------------------------------------------------------------------*/
FoamFile
{
    format      ascii;
    class       vectorField;
    location    "21.8";
    object      U_all;
}
// * * * * * * * * * * * * * * * * * * * * * * * * * * * * * * * * * * * * * //


400
(
(1.081168895e-05 -3.791019019e-05 0)
(-0.0006662212366 0.0004129782162 -1.539820889e-23)
(-0.0021850975 0.0009202401191 0)
(-0.004047171674 0.001312542212 0)
(-0.005970819894 0.001534780172 6.824643703e-25)
(-0.007761392681 0.001569555145 4.15352559e-24)
(-0.009282890619 0.001423302195 -7.307656082e-24)
(-0.01043412448 0.00111952554 7.598940964e-24)
(-0.01113495221 0.0006959703443 -2.100824653e-25)
(-0.01132532542 0.0002030575441 -4.002971656e-24)
(-0.01097018041 -0.0003001686563 5.812784881e-24)
(-0.01007103168 -0.0007473905712 -5.937179147e-23)
(-0.008678950575 -0.001075409929 -6.560750658e-23)
(-0.006902319413 -0.001232903461 -7.792925035e-23)
(-0.004910579178 -0.001192545262 4.579180431e-24)
(-0.002927373456 -0.000961899503 -4.143962444e-24)
(-0.001205626769 -0.0005912682074 -2.002937624e-22)
(-1.942455991e-05 -0.0001699959495 0)
(0.0005178987166 0.0001719482178 1.528544418e-25)
(0.000222685887 0.0003058884948 -2.800300229e-24)
(-0.0002633985162 0.0008287132414 1.391444096e-25)
(-0.002702874484 0.003383154719 1.549423201e-23)
(-0.006905926519 0.005603343847 1.537483252e-25)
(-0.01194988143 0.007006758014 -8.456550766e-25)
(-0.01713151358 0.007552237331 1.156306536e-24)
(-0.02197085648 0.007292763603 1.300172783e-23)
(-0.02610551406 0.006320724047 1.455308526e-24)
(-0.02925993357 0.004753412687 -7.348889822e-24)
(-0.03122087034 0.002736834778 1.018710167e-23)
(-0.03183633194 0.0004525644764 4.519608854e-24)
(-0.03102243134 -0.001883536113 -6.328855278e-24)
(-0.02878874706 -0.004022080529 2.959731412e-24)
(-0.02526791579 -0.005707218293 3.899623844e-23)
(-0.02072951961 -0.006706266563 -1.957639047e-24)
(-0.01558820473 -0.0068531714 3.76046324e-24)
(-0.01038456764 -0.006096818063 -9.762570759e-23)
(-0.005730306092 -0.004545943433 9.659772642e-23)
(-0.00223367594 -0.002507554015 -3.998982024e-25)
(-0.0001820601129 -0.0005027456753 4.099836879e-25)
(8.339311293e-05 0.0006096289797 0)
(-0.0004187415228 0.002934470471 -2.918213125e-25)
(-0.004646873182 0.008802118538 1.712644082e-23)
(-0.01136942818 0.01323752802 -8.174597702e-24)
(-0.01932297903 0.0157886131 -2.056708719e-25)
(-0.02746804402 0.01652650391 2.020501398e-25)
(-0.03511016157 0.01564126131 8.84639402e-27)
(-0.04170461316 0.01335749368 -1.285678248e-24)
(-0.04682611262 0.009918202564 -4.593778569e-25)
(-0.0501400094 0.005601917158 -1.066700641e-23)
(-0.05140264132 0.0007449861723 0)
(-0.05046892999 -0.004240247103 0)
(-0.04732916463 -0.008884887329 2.675191446e-23)
(-0.0421527789 -0.01267900423 2.817164389e-23)
(-0.03530943413 -0.01513318518 -1.649146399e-24)
(-0.02738658696 -0.01585930684 4.856333489e-23)
(-0.01916808679 -0.01467136403 9.440233201e-23)
(-0.01156002967 -0.01169245468 3.998722752e-23)
(-0.005465212905 -0.007450450574 4.218248336e-25)
(-0.001451181845 -0.002936384572 1.033875167e-25)
(-9.072791926e-05 0.0002254435383 0)
(-0.0005023366532 0.006044024882 -4.257945918e-23)
(-0.006401231782 0.01636707713 -1.70284348e-23)
(-0.0155313952 0.02355404331 8.101467243e-24)
(-0.02627307017 0.02743556981 0)
(-0.03727904695 0.02831498532 0)
(-0.04767986381 0.02658237323 0)
(-0.05678447539 0.02262705859 -4.685766525e-26)
(-0.06404059602 0.01683352446 -2.096980738e-24)
(-0.06899709194 0.009621396313 0)
(-0.07129472524 0.001492078024 1.645925986e-24)
(-0.07069574921 -0.006933836156 2.809462577e-25)
(-0.06711888517 -0.01492619246 -2.817329012e-25)
(-0.06068924547 -0.02166242143 0)
(-0.05179966357 -0.02631090302 4.143434182e-23)
(-0.0411441364 -0.02815587114 -4.691749335e-23)
(-0.02971588097 -0.02676976774 -2.773756882e-23)
(-0.01873501169 -0.02221264645 -3.984247241e-23)
(-0.0094870901 -0.01521799872 7.794179549e-25)
(-0.002976672148 -0.007298163157 9.762759493e-23)
(-0.0002318537279 -0.0008665874955 0)
(-0.0005314725577 0.010092722 4.278664734e-23)
(-0.007981706085 0.02594626348 4.768344566e-25)
(-0.01939238652 0.03642060325 -4.659436621e-25)
(-0.03281639396 0.04184600446 0)
(-0.04663659038 0.04288581723 7.76210795e-25)
(-0.05983945727 0.04019280959 -7.654483748e-25)
(-0.07161804652 0.03434130874 3.664628108e-23)
(-0.08131124597 0.02585285175 1.840073599e-23)
(-0.0883490356 0.01527178009 6.214853916e-24)
(-0.09223772776 0.003247560768 -1.647843512e-24)
(-0.09258752521 -0.009403984397 0)
(-0.0891606004 -0.02166892156 4.385997848e-25)
(-0.08194668839 -0.03236019838 1.014555494e-23)
(-0.07125799814 -0.04020462684 -4.36013425e-23)
(-0.05781180383 -0.04401282257 1.939858449e-24)
(-0.04277993181 -0.04294172282 4.240993476e-23)
(-0.02775087424 -0.03682864054 -3.880136019e-25)
(-0.01454881938 -0.02652445644 0)
(-0.004858900912 -0.01408369182 5.435053206e-23)
(-0.0003640871308 -0.002847163836 -2.561962685e-22)
(-0.0005270944144 0.01499584526 9.82964862e-23)
(-0.009375837424 0.03738172687 -4.899055687e-25)
(-0.02287684481 0.05169072364 0)
(-0.03882218036 0.05892914942 0)
(-0.05537511515 0.06024341624 -8.724415743e-23)
(-0.0714144614 0.05660824337 -8.490871525e-23)
(-0.08604991618 0.04879339094 -4.05911051e-23)
(-0.09853256473 0.03743459598 -1.500234374e-23)
(-0.1081752796 0.02315805075 -5.347613403e-24)
(-0.1143250047 0.006711362147 -8.160573e-24)
(-0.116385664 -0.01092798368 6.585245931e-24)
(-0.1138759821 -0.02848174529 8.796713021e-24)
(-0.1065327624 -0.04436071811 -1.891437824e-23)
(-0.09445445109 -0.05674249214 4.4803479e-24)
(-0.07825770422 -0.06377212633 0)
(-0.05922099129 -0.06392520573 -1.585532939e-23)
(-0.03933467384 -0.05653052266 -2.017651669e-26)
(-0.02113917605 -0.04235319306 0)
(-0.007317770981 -0.02398015953 -1.517705449e-22)
(-0.0005215212497 -0.005925373295 6.049805075e-22)
(-0.0004989914012 0.02064111568 -9.762709314e-23)
(-0.01052743438 0.05044322658 2.830425952e-22)
(-0.02582456096 0.06911023039 1.526050839e-22)
(-0.04401302296 0.07847632956 3.616757348e-24)
(-0.06309573693 0.0802790587 -7.317517129e-23)
(-0.08188942684 0.07586674009 9.034764607e-23)
(-0.09946055417 0.066206314 -3.587202032e-24)
(-0.1150038188 0.05201017658 -1.727359607e-24)
(-0.1277318444 0.03392102016 2.521393843e-24)
(-0.1368267375 0.01270405221 7.369154513e-24)
(-0.1414507878 -0.01058203943 -6.48583372e-24)
(-0.1408054996 -0.03445091501 -9.755125234e-24)
(-0.1342568793 -0.05691563011 -3.261051716e-23)
(-0.1215295135 -0.07551936242 -3.640360971e-23)
(-0.1029544772 -0.08752835866 5.602836418e-25)
(-0.07975399048 -0.09037880232 0)
(-0.05426030278 -0.08243415932 0)
(-0.02986802538 -0.06396975294 -2.90118914e-24)
(-0.01066154945 -0.03798406897 2.965530257e-24)
(-0.0007349690743 -0.01050014154 1.027642442e-22)
(-0.0004478791444 0.02686675361 0)
(-0.01134740448 0.06479391822 2.001583877e-22)
(-0.02801147695 0.08827809914 8.960488706e-23)
(-0.04799093321 0.1001038771 0)
(-0.06919527108 0.1026887572 1.568955686e-22)
(-0.09043015274 0.09779931815 0)
(-0.1107672138 0.08659821992 -1.427638879e-22)
(-0.1293916033 0.06983115598 6.511430177e-24)
(-0.1454581747 0.04807886671 0)
(-0.158015592 0.02201908221 0)
(-0.1659937735 -0.00732815435 -1.373111195e-24)
(-0.1682482002 -0.0383778556 -9.303659211e-25)
(-0.1636887154 -0.06882575827 1.490257962e-22)
(-0.1515049143 -0.09556637276 -4.703547261e-23)
(-0.1314998614 -0.114812448 -2.555864364e-24)
(-0.104548891 -0.1225534853 1.529822394e-24)
(-0.07308599303 -0.1155372172 -1.553954272e-24)
(-0.04134590689 -0.09282039723 0)
(-0.01525065557 -0.05740164493 3.201012456e-24)
(-0.001044155859 -0.0171456147 -1.01217537e-21)
(-0.0003744952955 0.03345636691 0)
(-0.0117487136 0.07997345239 -1.127555145e-22)
(-0.02920358434 0.1086183389 -6.188951164e-22)
(-0.05031138026 0.1232009253 -3.754029074e-22)
(-0.07295449232 0.1268880903 0)
(-0.09597852212 0.1219067319 4.117855787e-22)
(-0.1185142519 0.1096201616 1.260262844e-22)
(-0.1397999973 0.09077274336 -5.578998271e-24)
(-0.1590064579 0.06580964081 5.551385232e-24)
(-0.1751298341 0.03521001981 0)
(-0.186939601 -0.0001902761596 2.910694263e-23)
(-0.1930011522 -0.03888631142 4.692593442e-24)
(-0.1917655752 -0.07842365843 -1.075839538e-22)
(-0.1817731532 -0.1151683322 7.995083696e-23)
(-0.1620443776 -0.1442400679 -2.417658547e-22)
(-0.1326957212 -0.1598349488 0)
(-0.09577113067 -0.1562932893 0)
(-0.05601161802 -0.1302840727 0)
(-0.02147667087 -0.08380288357 0)
(-0.001500203692 -0.02665267985 5.568336111e-22)
(-0.0002874909266 0.04015351317 0)
(-0.01169293036 0.09541897778 -3.491875516e-22)
(-0.02924238476 0.1293847259 8.930150139e-22)
(-0.05060574457 0.1469054005 3.615943934e-22)
(-0.07369528138 0.1519513107 0)
(-0.0974442909 0.1472552981 -3.861056258e-22)
(-0.1210983849 0.1344031978 -3.173239004e-23)
(-0.1440228709 0.1141287137 3.331935891e-22)
(-0.165504078 0.08669522818 1.768838758e-22)
(-0.1846142873 0.05229218698 -4.058690285e-23)
(-0.2001219302 0.01142360327 1.656555663e-23)
(-0.2104516616 -0.03470285662 -8.261311499e-24)
(-0.2137104449 -0.08375003604 3.37047131e-22)
(-0.2078114475 -0.1318567138 0)
(-0.190814314 -0.1732544923 2.418826561e-22)
(-0.1616250501 -0.2002374878 5.768447896e-24)
(-0.1211594024 -0.2039915447 -5.854472533e-24)
(-0.07384533485 -0.1771950127 1.546418072e-22)
(-0.02971582516 -0.1188532824 -5.429396777e-24)
(-0.002179340436 -0.04005042475 0)
(-0.0002118905959 0.04670898168 0)
(-0.0112501626 0.1105321485 0)
(-0.02815608683 0.1497120259 -5.021368529e-22)
(-0.04874398799 0.1701262669 -1.880503012e-23)
(-0.07099927985 0.176601232 2.037783949e-23)
(-0.09399220476 0.1724314226 -2.013723468e-23)
(-0.1171405942 0.1594706359 -2.316149957e-23)
(-0.1400148481 0.1384696792 -3.028754184e-22)
(-0.1621297578 0.1095111963 6.697834886e-23)
(-0.1827928894 0.07245283137 4.511529358e-23)
(-0.2009806673 0.02735565004 -4.576014773e-23)
(-0.2152241395 -0.0250758499 0)
(-0.2235530997 -0.08296838127 -7.833673401e-23)
(-0.2234596078 -0.1427073488 0)
(-0.2120637221 -0.1981612869 -3.738151583e-22)
(-0.1867387851 -0.2400552456 5.242426553e-22)
(-0.1464392589 -0.2560555459 0)
(-0.09394206291 -0.2331019603 -1.492025149e-22)
(-0.04021810455 -0.1639482554 1.935516895e-22)
(-0.003200882762 -0.0586059613 -3.409505248e-22)
(-0.0002017708134 0.05296876258 0)
(-0.01067363887 0.1248000434 9.180959181e-22)
(-0.02628631018 0.1687193437 -2.440139419e-23)
(-0.04501349414 0.1916202677 9.191378545e-22)
(-0.06494878008 0.1992678593 -2.511492017e-23)
(-0.0853694307 0.1955895325 2.838109973e-23)
(-0.1059341154 0.18277269 -2.812202734e-23)
(-0.1264964907 0.1616480996 -1.660476711e-23)
(-0.146904362 0.1321719289 -5.25885397e-22)
(-0.1668510703 0.09389782848 -8.904283504e-24)
(-0.1857359418 0.04641214883 9.657724388e-24)
(-0.202483871 -0.0102272609 3.312360136e-22)
(-0.2154206987 -0.07498418744 -5.819273086e-22)
(-0.2220251123 -0.1450144377 0)
(-0.2188057438 -0.2146571346 8.884630569e-22)
(-0.2016264305 -0.2739811335 -4.93851151e-22)
(-0.1668629803 -0.3075601661 -1.571464364e-23)
(-0.1140202649 -0.2953617486 0)
(-0.05288342553 -0.2195657866 -1.888184811e-22)
(-0.004748981174 -0.08376713414 3.358598135e-22)
(-0.0003644717911 0.05901690233 1.550703023e-23)
(-0.01049758599 0.1379724388 -8.76237483e-22)
(-0.02441769157 0.1856588925 -1.156852878e-21)
(-0.04027284613 0.2101147369 -8.627148308e-22)
(-0.056314463 0.2182120541 0)
(-0.07215710583 0.2145994832 3.513036989e-23)
(-0.08780200412 0.2018645245 -7.293259355e-23)
(-0.103467233 0.1809915712 5.866586969e-23)
(-0.1194104 0.1518965071 3.020644284e-22)
(-0.1358060277 0.1139171639 -1.127954725e-23)
(-0.1526216441 0.06622084373 0)
(-0.1694655621 0.008187268308 -3.603137752e-22)
(-0.1852888453 -0.06014724637 7.514268747e-22)
(-0.1980562624 -0.1372602285 8.830257855e-22)
(-0.2043638572 -0.2189102296 -5.295267931e-22)
(-0.1991041788 -0.2959539838 5.16153936e-22)
(-0.1760639436 -0.3513889372 1.077566861e-23)
(-0.1300899306 -0.3583970965 -1.094871209e-23)
(-0.06688757078 -0.2843130915 -8.233271308e-23)
(-0.007083164755 -0.1169901661 0)
(-0.0009098756045 0.06539538199 -1.911163442e-23)
(-0.01167845779 0.1502683452 -1.326765246e-21)
(-0.0238943095 0.2000471899 1.094043472e-21)
(-0.03602181719 0.2244006409 6.733887193e-22)
(-0.04658412143 0.23163845 6.01366969e-22)
(-0.05578366795 0.2272220278 6.642842713e-22)
(-0.06412760222 0.214164739 -4.457846948e-23)
(-0.07229228056 0.1936420861 -3.460752746e-22)
(-0.08098756443 0.165600877 2.151807729e-22)
(-0.0908905246 0.1292736422 0)
(-0.1025736816 0.08353763991 0)
(-0.1163809649 0.02720969234 2.655054685e-22)
(-0.1321769188 -0.04060881291 8.195258184e-23)
(-0.1489417016 -0.1200007285 -2.820915691e-22)
(-0.1641425938 -0.208917428 -5.410508883e-23)
(-0.1727988112 -0.3006859437 1.302104481e-22)
(-0.1670385139 -0.3793186426 -3.399579576e-22)
(-0.1365328959 -0.4136304335 -1.601874103e-23)
(-0.08018328329 -0.3538195038 8.222019451e-23)
(-0.01050757766 -0.1594067086 -6.033502231e-22)
(-0.002260796176 0.07348536716 0)
(-0.01580655696 0.1626420349 2.14557165e-21)
(-0.02665711993 0.2117754036 0)
(-0.03423389216 0.2333773164 -1.35161933e-21)
(-0.03760793364 0.2377595926 6.184958098e-23)
(-0.03801369789 0.2312407733 -6.192050926e-22)
(-0.03670169864 0.2171793029 -4.755570633e-22)
(-0.0349109678 0.1968877477 8.299943814e-22)
(-0.03380994514 0.170333297 -1.885384323e-22)
(-0.03452064897 0.136725436 0)
(-0.0381374125 0.09480339794 0)
(-0.04567092648 0.04305170976 2.411084038e-23)
(-0.05792794929 -0.02012791168 -6.006498923e-22)
(-0.0751643213 -0.0961965215 -4.309063384e-22)
(-0.0964679368 -0.18554596 4.637486716e-22)
(-0.1183595886 -0.2853473127 -6.487752665e-22)
(-0.1332813891 -0.383828757 9.116730493e-23)
(-0.126540908 -0.4504254098 2.945771448e-23)
(-0.0889935481 -0.4198433327 5.660939399e-22)
(-0.01526929279 -0.2111662577 6.022132443e-22)
(-0.005181155155 0.08597871419 0)
(-0.0252585799 0.1766225528 1.465651653e-22)
(-0.03484117875 0.2205853877 -4.916591123e-23)
(-0.03641152275 0.2354728177 7.641967959e-22)
(-0.03020017156 0.2343274101 -7.004441565e-22)
(-0.01918443665 0.2241488898 4.745844601e-23)
(-0.005635992755 0.2083442188 -1.018548762e-22)
(0.008547330812 0.1881196173 -3.389386439e-22)
(0.02177586909 0.1633906019 2.062567834e-22)
(0.03260509853 0.1333273166 0)
(0.03956273021 0.09664667509 0)
(0.041149611 0.0517481111 -2.902371409e-22)
(0.03576580852 -0.003247229765 0)
(0.02196454232 -0.07057559742 -5.511851406e-22)
(-0.001280130783 -0.1525663074 -1.49113319e-23)
(-0.03311756363 -0.2505885573 2.559446612e-23)
(-0.06910263459 -0.359927955 2.202557378e-22)
(-0.09228499812 -0.4575364107 4.790825993e-24)
(-0.08718363655 -0.4698061737 -5.789949751e-22)
(-0.02103155733 -0.2698928124 0)
(-0.01111645079 0.1085973391 0)
(-0.04249153125 0.1947120677 -8.847608953e-22)
(-0.04796150807 0.2258131279 -5.410640707e-22)
(-0.03920572824 0.228204869 4.543458594e-22)
(-0.01879264701 0.2182235151 -1.710260103e-24)
(0.007646612078 0.2028136399 -4.560584116e-23)
(0.03665988308 0.1847557031 5.695979939e-22)
(0.06580856764 0.1647081836 -2.766558085e-23)
(0.09324948003 0.1423121882 -2.069522391e-22)
(0.1173678763 0.1166296308 3.141879984e-23)
(0.1365260995 0.08641578153 -3.425599565e-23)
(0.148948513 0.05018246126 -3.690322517e-23)
(0.1525111742 0.006165519499 3.205426609e-22)
(0.1449224187 -0.04795518136 6.11923994e-22)
(0.1235036594 -0.1153000856 -5.100889035e-22)
(0.08632518053 -0.200415481 -1.61596107e-22)
(0.03198201729 -0.3067775036 1.531342836e-22)
(-0.0236275757 -0.4239805417 7.2938075e-23)
(-0.0649267116 -0.4871576708 1.9133024e-21)
(-0.02510007217 -0.3291516518 2.955003707e-21)
(-0.02004671167 0.1460735817 -4.389971496e-23)
(-0.06416521834 0.2112950562 4.417142837e-23)
(-0.05070601651 0.2177272371 1.000126917e-21)
(-0.01934792181 0.2014632756 -8.26252908e-24)
(0.02413425109 0.1809019993 0)
(0.07152764686 0.1606879021 4.363290153e-23)
(0.1190543574 0.1416452135 -2.273601831e-22)
(0.1644592363 0.1233154707 -9.026914219e-23)
(0.2062070589 0.1048109436 3.680305406e-23)
(0.2429466322 0.0850724722 -1.701477029e-23)
(0.2732042493 0.06296408172 3.429652498e-23)
(0.2952388956 0.03726656683 -6.5921664e-23)
(0.3066843004 0.006539131069 -9.303267767e-23)
(0.3049630363 -0.03087378878 1.51696495e-22)
(0.2863848451 -0.07785966548 0)
(0.2470498153 -0.1399277968 1.505508852e-22)
(0.1810865631 -0.2266289575 2.559995692e-22)
(0.09604027411 -0.3443882457 0)
(-0.006699778356 -0.45521969 -3.675648423e-21)
(-0.01922443602 -0.3777525254 -2.892632531e-21)
(-0.02591925163 0.2276837635 -9.514058103e-22)
(-0.03998283092 0.2238222609 -1.388923221e-22)
(0.03656090844 0.1810579967 -2.335431291e-22)
(0.1090479785 0.1451042246 -1.193652206e-22)
(0.1817143398 0.1172421228 -4.295579497e-23)
(0.2490016893 0.09627650689 9.782241809e-23)
(0.3100240184 0.08002291069 -1.408436474e-22)
(0.3646096448 0.06656668635 1.297026662e-22)
(0.4126131145 0.05449124986 -8.619123405e-23)
(0.4536128953 0.04270934653 1.132160718e-25)
(0.4867764912 0.03032416829 1.527608301e-23)
(0.5107350898 0.01653073253 7.996575091e-23)
(0.5236514604 0.0005383360026 -1.811008133e-22)
(0.5231734897 -0.01863196167 -1.617066703e-22)
(0.5052277067 -0.04286336123 -4.262608138e-23)
(0.4658682482 -0.07633141609 0)
(0.3952672896 -0.1286086584 -1.846481342e-22)
(0.2916053274 -0.2208467302 8.148761564e-22)
(0.1197444333 -0.3525016169 1.63160217e-21)
(0.02670520001 -0.3775496372 2.17265589e-21)
(0.2142897184 0.1347449859 9.864827519e-22)
(0.2776319641 0.09870537541 0)
(0.4316601714 0.05810430736 -2.594211342e-22)
(0.5304753255 0.03846259502 -1.741577278e-22)
(0.6016958616 0.02623397601 0)
(0.6571178192 0.0183189622 -6.008521198e-23)
(0.7015179975 0.01313577494 6.377258933e-23)
(0.7375999238 0.009541998832 -1.799919094e-23)
(0.766932015 0.006804480786 2.885605403e-23)
(0.7902058549 0.004464905428 2.314762347e-23)
(0.8074511668 0.002221595694 0)
(0.81825862 -0.0001497288135 -2.872789118e-23)
(0.8216474711 -0.002723485103 0)
(0.8162379712 -0.005712395076 2.737917493e-23)
(0.7991327008 -0.009611222033 1.421587704e-23)
(0.7679985757 -0.0150025082 -5.799464206e-23)
(0.7106557294 -0.02502527127 -2.53566197e-22)
(0.6235184966 -0.04204293829 -6.918100231e-22)
(0.4230090919 -0.09182976797 0)
(0.2705674429 -0.1524022236 -2.119483754e-21)
)


// ************************************************************************* //
