/*--------------------------------*- C++ -*----------------------------------*\
  =========                 |
  \\      /  F ield         | OpenFOAM: The Open Source CFD Toolbox
   \\    /   O peration     | Website:  https://openfoam.org
    \\  /    A nd           | Version:  13
     \\/     M anipulation  |
\*---------------------------------------------------------------------------*/
FoamFile
{
    format      ascii;
    class       vectorField;
    location    "18.02";
    object      U_all;
}
// * * * * * * * * * * * * * * * * * * * * * * * * * * * * * * * * * * * * * //


400
(
(1.080650208e-05 -3.768103144e-05 0)
(-0.0006658899955 0.0004128233823 -1.543676924e-23)
(-0.002183721751 0.0009196405637 0)
(-0.004044381666 0.001311598442 0)
(-0.005966554286 0.001533640729 6.814023009e-25)
(-0.007755800404 0.001568386111 4.14974215e-24)
(-0.009276266347 0.001422260588 -7.264236763e-24)
(-0.01042686311 0.001118739969 7.646978679e-24)
(-0.01112751325 0.0006955247124 -2.105365504e-25)
(-0.01131819035 0.000202976155 -4.010362197e-24)
(-0.01096382022 -0.0002999139567 5.821657672e-24)
(-0.01006585535 -0.0007468928334 -5.94502696e-23)
(-0.008675240064 -0.001074802611 -6.570277043e-23)
(-0.006900189821 -0.001232341253 -7.80385525e-23)
(-0.004909944634 -0.001192171877 4.587205883e-24)
(-0.002927937422 -0.0009618141952 -4.153573228e-24)
(-0.001206932604 -0.0005914920721 -2.010286552e-22)
(-2.084308927e-05 -0.0001704459926 0)
(0.0005168825285 0.00017139967 1.565718508e-25)
(0.0002224256907 0.0003055267614 -3.291316604e-24)
(-0.0002631592959 0.0008284500962 1.385360547e-25)
(-0.002700706772 0.00338075268 1.553370427e-23)
(-0.006900231772 0.005598934831 1.543903075e-25)
(-0.01193992919 0.007001092618 -8.451121429e-25)
(-0.01711727256 0.007546159776 1.15512484e-24)
(-0.02195280627 0.007287064239 1.296891195e-23)
(-0.02608451168 0.00631607159 1.490242676e-24)
(-0.02923709437 0.0047503106 -7.395878183e-24)
(-0.03119746489 0.002735579238 1.021509859e-23)
(-0.03181365997 0.0004532027134 4.528102385e-24)
(-0.03100173612 -0.001881108821 -6.33856831e-24)
(-0.02877110002 -0.004018298538 2.95263723e-24)
(-0.02525406556 -0.005702689635 3.90392789e-23)
(-0.02071981453 -0.00670170921 -1.961822176e-24)
(-0.01558252122 -0.006849306325 3.769634354e-24)
(-0.0103822985 -0.00609423659 -9.799612055e-23)
(-0.00573043428 -0.004544968179 9.698970633e-23)
(-0.002234903647 -0.002508087443 -4.072747671e-25)
(-0.0001831937426 -0.0005042332043 4.175463603e-25)
(8.322567659e-05 0.0006084442242 0)
(-0.0004183157897 0.002932313587 -2.909737657e-25)
(-0.00464260386 0.008794827314 1.702991861e-23)
(-0.01135906568 0.0132262116 -8.230091892e-24)
(-0.01930555317 0.01577511177 -2.057400874e-25)
(-0.02744364433 0.01651267346 2.021181732e-25)
(-0.03507960818 0.01562874747 9.694328514e-27)
(-0.04166927354 0.0133476344 -1.3192505e-24)
(-0.0467877289 0.009911970742 -4.619124814e-25)
(-0.0501005463 0.00559987435 -1.069631823e-23)
(-0.05136399857 0.0007472526645 0)
(-0.05043298856 -0.004234122568 0)
(-0.04729763153 -0.008875708773 2.68015332e-23)
(-0.04212682467 -0.01266797122 2.822576302e-23)
(-0.03528970577 -0.01512174921 -1.653807382e-24)
(-0.02737310228 -0.01584897959 4.873909583e-23)
(-0.019160204 -0.01466347409 9.476201256e-23)
(-0.01155651622 -0.01168786905 4.042906526e-23)
(-0.005464410981 -0.007449282056 4.368350541e-25)
(-0.001451506908 -0.002937744646 9.538639366e-26)
(-9.073001187e-05 0.0002237143331 0)
(-0.0005017805532 0.006038908327 -4.243567922e-23)
(-0.006395058832 0.01635264993 -1.693169221e-23)
(-0.01551673011 0.02353318023 8.156708342e-24)
(-0.02624875018 0.02741161936 0)
(-0.03724529915 0.02829106545 0)
(-0.04763780836 0.02656113752 0)
(-0.05673588817 0.02261060068 -4.839340265e-26)
(-0.06398768303 0.0168233257 -2.059977516e-24)
(-0.06894228487 0.009618282835 0)
(-0.07124060459 0.001496194841 1.659240525e-24)
(-0.07064469713 -0.006923182718 2.818305464e-25)
(-0.06707293372 -0.01491024275 -2.826196671e-25)
(-0.06065007412 -0.0216430253 0)
(-0.05176835146 -0.02629033306 4.16073029e-23)
(-0.04112105311 -0.02813656656 -4.708862144e-23)
(-0.02970061777 -0.02675398737 -2.796357301e-23)
(-0.01872639959 -0.02220203759 -4.029197484e-23)
(-0.009483336662 -0.01521311838 7.787320579e-25)
(-0.002975838059 -0.007298037791 9.702472518e-23)
(-0.0002317488836 -0.000868261519 0)
(-0.0005308919446 0.01008367942 4.264214553e-23)
(-0.007974097388 0.02592280953 4.779363225e-25)
(-0.01937436094 0.03638803109 -4.670204013e-25)
(-0.03278661506 0.0418095115 0)
(-0.04659537208 0.04284995239 7.754327578e-25)
(-0.05978812252 0.04016130669 -7.646811194e-25)
(-0.07155863806 0.03431703805 3.656705424e-23)
(-0.08124626871 0.02583779936 1.831011573e-23)
(-0.08828124215 0.01526701976 6.180009417e-24)
(-0.09216997316 0.003253226781 -1.661173564e-24)
(-0.09252255069 -0.009388616471 0)
(-0.08910089025 -0.02164553721 4.411554641e-25)
(-0.0818943668 -0.0323312565 1.024821031e-23)
(-0.07121465088 -0.04017320216 -4.378623585e-23)
(-0.05777832555 -0.04398233012 1.952911697e-24)
(-0.04275638057 -0.04291549973 4.287986291e-23)
(-0.0277363803 -0.03680936944 -3.957543219e-25)
(-0.0145416125 -0.02651346848 0)
(-0.004856655511 -0.01408028787 5.428627989e-23)
(-0.0003638415657 -0.002848004706 -2.554547165e-22)
(-0.0005265817642 0.01498222949 9.833759764e-23)
(-0.009367464517 0.03734801336 -4.904274163e-25)
(-0.02285689074 0.05164504504 0)
(-0.03878915105 0.0588787751 0)
(-0.05532932078 0.06019441212 -8.717531119e-23)
(-0.07135728748 0.0565654319 -8.480969672e-23)
(-0.08598349201 0.04876039517 -4.050313433e-23)
(-0.09845948398 0.03741388444 -1.494931255e-23)
(-0.1080983891 0.02315095947 -5.316508076e-24)
(-0.1142472559 0.006718105776 -8.131722693e-24)
(-0.1163099627 -0.01090826301 6.552383154e-24)
(-0.1138050722 -0.02845098889 8.73271148e-24)
(-0.1064691308 -0.04432182824 -1.887890424e-23)
(-0.09440018783 -0.05669921083 4.20431378e-24)
(-0.07821432025 -0.06372878651 0)
(-0.05918919388 -0.06388630212 -1.611407384e-23)
(-0.03931412797 -0.05650003181 -1.13530253e-26)
(-0.02112834474 -0.04233364464 0)
(-0.007314048313 -0.02397164038 -1.510971084e-22)
(-0.0005211399123 -0.005924689123 6.03404999e-22)
(-0.0004986259104 0.02062270291 -9.76676082e-23)
(-0.01051912797 0.05039887907 2.829307281e-22)
(-0.02580450824 0.06905104578 1.525307031e-22)
(-0.04397959618 0.07841171025 3.614249522e-24)
(-0.06304915036 0.0802165825 -7.310892313e-23)
(-0.08183098644 0.0758122688 9.024105089e-23)
(-0.09939230236 0.06616415577 -3.582464766e-24)
(-0.1149282408 0.0519832214 -1.723740158e-24)
(-0.1276516606 0.03391083416 2.515733045e-24)
(-0.1367447657 0.0127109466 7.342325374e-24)
(-0.1413698528 -0.01055894033 -6.454567312e-24)
(-0.1407283481 -0.0344136754 -9.684559125e-24)
(-0.1341861258 -0.05686738611 -3.257265064e-23)
(-0.1214675759 -0.07546428588 -3.592293715e-23)
(-0.1029034089 -0.08747150004 5.503906834e-25)
(-0.07971522101 -0.09032574713 0)
(-0.0542342574 -0.08239034793 0)
(-0.02985371182 -0.06393935986 -2.889435916e-24)
(-0.01065634872 -0.03796859077 2.953516341e-24)
(-0.0007344706731 -0.01049713553 1.026717746e-22)
(-0.0004477282418 0.02684383202 0)
(-0.01134009327 0.06473956747 2.000035542e-22)
(-0.02799340378 0.08820617791 8.953413027e-23)
(-0.04796038877 0.1000258023 0)
(-0.06915230474 0.1026135285 1.567629133e-22)
(-0.09037587891 0.0977337468 0)
(-0.1107034547 0.08654720392 -1.42587877e-22)
(-0.1293205827 0.06979791533 6.502147991e-24)
(-0.1453823022 0.04806512432 0)
(-0.1579373248 0.02202520288 0)
(-0.1659155815 -0.00730305283 -1.369705397e-24)
(-0.1681724784 -0.0383357726 -9.269270467e-25)
(-0.1636177987 -0.06876987413 1.485721252e-22)
(-0.1514411632 -0.09550097368 -4.698501325e-23)
(-0.1314455706 -0.1147429287 -2.542782521e-24)
(-0.1045060929 -0.1224862119 1.517620009e-24)
(-0.07305601666 -0.1154790308 -1.54155936e-24)
(-0.04132870034 -0.09277746047 0)
(-0.01524407519 -0.05737757316 3.193752044e-24)
(-0.001043542674 -0.01713950892 -1.010230768e-21)
(-0.0003746094869 0.03342976589 0)
(-0.01174332407 0.07991079326 -1.127148738e-22)
(-0.02918960387 0.1085356923 -6.185106207e-22)
(-0.05028710378 0.1231114304 -3.751349811e-22)
(-0.07291977293 0.1268020085 0)
(-0.09593421698 0.1218317104 4.113868624e-22)
(-0.1184618868 0.1095615801 1.258707366e-22)
(-0.1397414473 0.09073403428 -5.5712671e-24)
(-0.1589437073 0.06579255938 5.543692355e-24)
(-0.1750648158 0.03521487399 0)
(-0.1868740651 -0.0001644295866 2.906372398e-23)
(-0.1929367611 -0.038841469 4.6831858e-24)
(-0.191703976 -0.07836287516 -1.073155029e-22)
(-0.1817160612 -0.115095662 7.97023183e-23)
(-0.1619937825 -0.1441607223 -2.411655258e-22)
(-0.132653867 -0.1597554641 0)
(-0.09574017386 -0.1562214491 0)
(-0.05599279519 -0.1302280542 0)
(-0.0214689984 -0.08376908912 0)
(-0.001499479364 -0.02664277098 5.558233102e-22)
(-0.0002878939628 0.040124565 0)
(-0.01169026036 0.09535070383 -3.489741519e-22)
(-0.02923437749 0.1292945472 8.924470769e-22)
(-0.05059081155 0.1468077293 3.613358428e-22)
(-0.07367307969 0.1518574509 0)
(-0.09741538648 0.14717361 -3.857334367e-22)
(-0.1210639656 0.1343394352 -3.169921557e-23)
(-0.1439844175 0.114086389 3.328441051e-22)
(-0.1654630781 0.08667595431 1.766884442e-22)
(-0.1845720189 0.05229601364 -4.05409425e-23)
(-0.2000793278 0.01144933564 1.655495983e-23)
(-0.2104093421 -0.0346573969 -8.249118605e-24)
(-0.2136688342 -0.08368775626 3.366102111e-22)
(-0.2077710691 -0.1317811832 0)
(-0.1907761948 -0.1731701831 2.412820358e-22)
(-0.1615909984 -0.2001502678 5.750555291e-24)
(-0.121131975 -0.2039092187 -5.836313078e-24)
(-0.07382710913 -0.17712723 1.540822898e-22)
(-0.02970766398 -0.1188095787 -5.412944757e-24)
(-0.002178521315 -0.04003620733 0)
(-0.0002125723168 0.04667940763 0)
(-0.01125075654 0.1104617523 0)
(-0.02815542493 0.1496184791 -5.018188645e-22)
(-0.04874071944 0.1700246685 -1.87927668e-23)
(-0.0709928744 0.1765036501 2.036150714e-23)
(-0.09398289695 0.172346798 -2.012109515e-23)
(-0.1171291783 0.1594050004 -2.313936148e-23)
(-0.1400023626 0.1384265039 -3.025552119e-22)
(-0.1621171564 0.1094917668 6.694669061e-23)
(-0.1827807608 0.07245669135 4.506367286e-23)
(-0.2009690522 0.02738106179 -4.570621845e-23)
(-0.2152125439 -0.02503141475 0)
(-0.2235405795 -0.08290796305 -7.815340987e-23)
(-0.2234451417 -0.1426339547 0)
(-0.2120468341 -0.1980782521 -3.733745025e-22)
(-0.186720116 -0.2399669366 5.23474865e-22)
(-0.1464209915 -0.2559685523 0)
(-0.09392762394 -0.2330261656 -1.486595509e-22)
(-0.04021049385 -0.1638959285 1.929914461e-22)
(-0.003200013056 -0.05858732332 -3.403930991e-22)
(-0.000202688521 0.05294049438 0)
(-0.01067769909 0.1247314963 9.175904121e-22)
(-0.02629363761 0.1686272085 -2.438720105e-23)
(-0.0450230827 0.1915196287 9.186004862e-22)
(-0.06495990201 0.1991711951 -2.509854116e-23)
(-0.08538189724 0.1955061992 2.835907305e-23)
(-0.1059481916 0.1827089079 -2.810020171e-23)
(-0.1265126479 0.1616072229 -1.659068309e-23)
(-0.146922939 0.1321547892 -5.254435926e-22)
(-0.1668719571 0.09390328664 -8.896665969e-24)
(-0.1857583742 0.04643765683 9.649612856e-24)
(-0.2025065658 -0.0101849848 3.310003734e-22)
(-0.2154415494 -0.07492822406 -5.814515265e-22)
(-0.2220415978 -0.1449475796 0)
(-0.2188158232 -0.2145815761 8.876186947e-22)
(-0.2016291115 -0.2738992684 -4.931295851e-22)
(-0.1668592145 -0.3074762278 -1.569176611e-23)
(-0.1140132904 -0.2952841482 0)
(-0.05287785396 -0.21950803 -1.882676882e-22)
(-0.004748153824 -0.08374460371 3.353120834e-22)
(-0.0003655616772 0.05899186896 1.549862474e-23)
(-0.01050494437 0.137909792 -8.75755138e-22)
(-0.02443281622 0.1855731047 -1.156287772e-21)
(-0.04029515625 0.2100200934 -8.622107404e-22)
(-0.05634300174 0.2181209931 0)
(-0.07219111327 0.2145215405 3.510691743e-23)
(-0.08784098326 0.2018060066 -7.288276569e-23)
(-0.1035108685 0.1809557191 5.86247542e-23)
(-0.1194582713 0.1518836891 3.018304661e-22)
(-0.135857341 0.1139255954 -1.127167912e-23)
(-0.1526751165 0.06624718465 0)
(-0.1695190935 0.008227461136 -3.600537679e-22)
(-0.1853398362 -0.06009681548 7.509740687e-22)
(-0.198101774 -0.137202449 8.825695565e-22)
(-0.2044006754 -0.2188465211 -5.290995832e-22)
(-0.199129774 -0.2958848986 5.15811859e-22)
(-0.1760775432 -0.3513158085 1.075651462e-23)
(-0.1300933841 -0.3583253281 -1.092925057e-23)
(-0.06688572187 -0.2842549835 -8.280173003e-23)
(-0.007082544657 -0.1169651204 0)
(-0.0009110643491 0.06537529803 -1.910255106e-23)
(-0.01168858752 0.1502153176 -1.326207888e-21)
(-0.0239161931 0.199972358 1.093511724e-21)
(-0.03605535464 0.2243166793 6.7309897e-22)
(-0.04662810693 0.2315572001 6.010933044e-22)
(-0.05583662127 0.2271528625 6.639553263e-22)
(-0.06418797634 0.2141138828 -4.455240999e-23)
(-0.07235872161 0.1936127664 -3.458913407e-22)
(-0.08105869267 0.1655930903 2.15067302e-22)
(-0.09096472236 0.1292852602 0)
(-0.1026492264 0.08356486052 0)
(-0.1164557707 0.02724796781 2.653969878e-22)
(-0.1322485933 -0.04056390471 8.198988675e-23)
(-0.1490074218 -0.1199524148 -2.818589753e-22)
(-0.1641991206 -0.2088669696 -5.408184072e-23)
(-0.1728429023 -0.3006328321 1.302788263e-22)
(-0.1670679771 -0.3792616994 -3.397154164e-22)
(-0.1365474678 -0.4135715152 -1.621768122e-23)
(-0.08018640226 -0.3537671578 8.26885703e-23)
(-0.01050739695 -0.1593813738 -6.03638796e-22)
(-0.002261985535 0.07347152749 0)
(-0.01581852645 0.1626015791 2.144731012e-21)
(-0.02668381987 0.2117153018 0)
(-0.03427575015 0.2333078786 -1.351103903e-21)
(-0.0376635601 0.2376914287 6.188521448e-23)
(-0.03808088526 0.2311826188 -6.188971276e-22)
(-0.03677762981 0.2171370105 -4.753439746e-22)
(-0.03499314823 0.1968650383 8.295880646e-22)
(-0.0338959851 0.1703295597 -1.884378539e-22)
(-0.03460796443 0.1367387347 0)
(-0.03822394157 0.09483000194 0)
(-0.04575473431 0.04308702518 2.412963815e-23)
(-0.05800739177 -0.02008837424 -6.004343393e-22)
(-0.07523750059 -0.09615667804 -4.307552835e-22)
(-0.09653253839 -0.1855074146 4.636567246e-22)
(-0.1184127751 -0.2853095415 -6.48507829e-22)
(-0.1333207055 -0.3837892637 9.10461148e-23)
(-0.1265640934 -0.4503836679 2.966559498e-23)
(-0.08900155884 -0.4198022123 5.661750009e-22)
(-0.01526974643 -0.2111434504 6.025012729e-22)
(-0.005182177233 0.08597174568 0)
(-0.02527084274 0.1765963585 1.465943232e-22)
(-0.03486950376 0.2205424451 -4.915133813e-23)
(-0.03645693886 0.2354205045 7.639383905e-22)
(-0.03026137056 0.2342745001 -7.001879346e-22)
(-0.01925882238 0.2241030239 4.744035178e-23)
(-0.005719098923 0.2083108499 -1.018451027e-22)
(0.008458491007 0.1881017123 -3.387845203e-22)
(0.02168410026 0.1633885198 2.061798954e-22)
(0.03251444556 0.1333394738 0)
(0.03947551359 0.09666988444 0)
(0.04106772409 0.05177823336 -2.901472363e-22)
(0.03568985749 -0.003214641512 0)
(0.02189546528 -0.07054362958 -5.511089225e-22)
(-0.001341140273 -0.1525374036 -1.486144834e-23)
(-0.0331689109 -0.2505629104 2.559012677e-23)
(-0.06914365808 -0.3599032281 2.201420656e-22)
(-0.0923118576 -0.4575123157 4.794125383e-24)
(-0.08719456061 -0.4697791726 -5.790851647e-22)
(-0.02103269946 -0.2698751878 0)
(-0.01111699285 0.1085967022 0)
(-0.04250155848 0.1946996951 -8.845288259e-22)
(-0.04798632315 0.2257875087 -5.409736689e-22)
(-0.03924710332 0.2281702294 4.542709221e-22)
(-0.01884987808 0.2181864364 -1.711434286e-24)
(0.007575982888 0.2027801613 -4.559446745e-23)
(0.03657990062 0.1847307058 5.694043606e-22)
(0.06572312311 0.1646936549 -2.765590885e-23)
(0.09316236666 0.142309679 -2.068736434e-22)
(0.1172829335 0.1166381658 3.140904923e-23)
(0.1364460003 0.08643311832 -3.424687609e-23)
(0.1488750123 0.0502054939 -3.689594013e-23)
(0.1524457017 0.006190860739 3.204923276e-22)
(0.1448654202 -0.04793088722 6.118428448e-22)
(0.1234544951 -0.1152793187 -5.100418619e-22)
(0.08628466336 -0.2003991905 -1.616167304e-22)
(0.03194658 -0.3067649208 1.530879294e-22)
(-0.02365290939 -0.4239678857 7.293660175e-23)
(-0.06493700641 -0.4871432765 1.913232367e-21)
(-0.0251014899 -0.3291403899 2.954924634e-21)
(-0.02004634638 0.1460769407 -4.389406772e-23)
(-0.06416983671 0.2112929398 4.416574599e-23)
(-0.05072082229 0.2177160152 1.000001759e-21)
(-0.01937564587 0.2014444342 -8.230872539e-24)
(0.02409275836 0.1808795914 0)
(0.07147348003 0.1606662371 4.362294251e-23)
(0.1189905854 0.1416279313 -2.272964116e-22)
(0.1643894262 0.1233046536 -9.024186895e-23)
(0.2061350028 0.1048078138 3.679128136e-23)
(0.2428761166 0.08507675398 -1.700944694e-23)
(0.2731383651 0.06297448339 3.428739463e-23)
(0.2951801678 0.03728105268 -6.590827672e-23)
(0.3066331903 0.006555352199 -9.301428825e-23)
(0.3049199514 -0.03085817798 1.51686715e-22)
(0.2863498016 -0.07784672297 0)
(0.2470219035 -0.1399188655 1.50576873e-22)
(0.1810639656 -0.226624913 2.559846999e-22)
(0.09602339106 -0.3443832611 0)
(-0.006708409869 -0.4552143764 -3.675515691e-21)
(-0.01922584958 -0.3777476038 -2.892554981e-21)
(-0.0259182163 0.2276872974 -9.513752435e-22)
(-0.03998118988 0.2238246975 -1.388824023e-22)
(0.03655906532 0.1810558467 -2.335128869e-22)
(0.1090386978 0.1450975013 -1.193449915e-22)
(0.1816952675 0.1172324392 -4.295330886e-23)
(0.2489722205 0.09626625748 9.780689999e-23)
(0.309985502 0.0800141663 -1.408105207e-22)
(0.3645646006 0.06656083667 1.296648808e-22)
(0.4125646895 0.05448910295 -8.616393936e-23)
(0.45356447 0.04271093497 1.132018906e-25)
(0.4867310708 0.03032889561 1.527254201e-23)
(0.5106949917 0.0165375729 7.994956315e-23)
(0.5236183935 0.0005456028278 -1.810762554e-22)
(0.523148305 -0.01862489853 -1.616967433e-22)
(0.5052092097 -0.04285766505 -4.26269913e-23)
(0.4658552374 -0.07632784582 0)
(0.3952578674 -0.1286075475 -1.846119603e-22)
(0.2915982287 -0.2208464147 8.148371167e-22)
(0.1197401319 -0.3525013251 1.631542331e-21)
(0.02670411185 -0.3775489959 2.172624901e-21)
(0.2142907981 0.1347460487 9.864489835e-22)
(0.2776353278 0.09870674028 0)
(0.431663922 0.05810494781 -2.594065999e-22)
(0.5304768801 0.03846237807 -1.741510749e-22)
(0.6016930118 0.02623311633 0)
(0.6571095296 0.01831787411 -6.007678828e-23)
(0.7015045764 0.01313484455 6.37571821e-23)
(0.7375826592 0.009541491341 -1.799324696e-23)
(0.7669127526 0.00680455103 2.884660868e-23)
(0.790186645 0.004465551507 2.314031948e-23)
(0.8074338703 0.002222697795 0)
(0.8182445912 -0.00014834635 -2.872167611e-23)
(0.8216374942 -0.002722033142 0)
(0.8162321934 -0.005711302524 2.737701255e-23)
(0.7991302525 -0.009610580306 1.421894503e-23)
(0.7679983413 -0.01500233756 -5.798976167e-23)
(0.710656343 -0.02502555876 -2.535444299e-22)
(0.6235188884 -0.04204327496 -6.917794661e-22)
(0.4230090509 -0.09183011623 0)
(0.2705673391 -0.1524023812 -2.119453527e-21)
)


// ************************************************************************* //
