/*--------------------------------*- C++ -*----------------------------------*\
  =========                 |
  \\      /  F ield         | OpenFOAM: The Open Source CFD Toolbox
   \\    /   O peration     | Website:  https://openfoam.org
    \\  /    A nd           | Version:  13
     \\/     M anipulation  |
\*---------------------------------------------------------------------------*/
FoamFile
{
    format      ascii;
    class       vectorField;
    location    "9.92";
    object      U_all;
}
// * * * * * * * * * * * * * * * * * * * * * * * * * * * * * * * * * * * * * //


400
(
(7.293664417e-06 -3.15196467e-05 0)
(-0.0006581290275 0.0004072476007 -1.48182017e-23)
(-0.002136487443 0.0008985100283 0)
(-0.003946191209 0.001278070204 0)
(-0.005815059305 0.001493000143 6.131655893e-25)
(-0.007556212855 0.001526537246 4.079120535e-24)
(-0.009039035226 0.001384854442 -4.796064317e-24)
(-0.01016614117 0.00109045037 1.031626987e-23)
(-0.01085991879 0.0006794507222 -2.342209401e-25)
(-0.0110613914 0.0002001591828 -4.387248305e-24)
(-0.01073508128 -0.0002906361507 6.262993822e-24)
(-0.009880131297 -0.0007288262094 -6.329039333e-23)
(-0.008543019388 -0.00105284476 -7.017306188e-23)
(-0.006825786106 -0.001212171166 -8.307246751e-23)
(-0.004890212895 -0.001179060157 4.944551051e-24)
(-0.002951895806 -0.0009593731471 -4.570399919e-24)
(-0.001257607356 -0.0006004150687 -2.321938426e-22)
(-7.484471248e-05 -0.0001875898665 0)
(0.0004785814301 0.0001508554247 3.108330294e-25)
(0.0002126992245 0.0002920839221 -2.362154868e-23)
(-0.0002562398943 0.0008167387169 1.327509898e-25)
(-0.002625992865 0.003294566106 1.491236789e-23)
(-0.006698934199 0.005441038523 1.458590911e-25)
(-0.0115855347 0.006797904605 -7.634791658e-25)
(-0.01660788683 0.007327576601 1.020718095e-24)
(-0.02130495819 0.007081363781 1.081036989e-23)
(-0.02532849739 0.006147472235 3.714428729e-24)
(-0.02841286231 0.004637334583 -1.000221921e-23)
(-0.03035092114 0.002689484954 1.168559801e-23)
(-0.03099269555 0.0004764806167 4.962001344e-24)
(-0.03025212513 -0.00179293842 -6.820555528e-24)
(-0.0281320573 -0.003880611664 2.696376192e-24)
(-0.02475358999 -0.005537679026 4.114177486e-23)
(-0.02037100573 -0.006535818561 -2.14740455e-24)
(-0.01538093173 -0.006709173195 4.171434758e-24)
(-0.01030545224 -0.00600170181 -1.137927846e-22)
(-0.005740565834 -0.004511837207 1.135764754e-22)
(-0.002283785241 -0.00253049961 -7.127491098e-25)
(-0.000226821391 -0.0005612424884 7.307255732e-25)
(7.677180438e-05 0.0005637643607 0)
(-0.0004033765767 0.002855396959 -2.763656234e-25)
(-0.004491095557 0.008534091829 1.564085216e-23)
(-0.01098845811 0.01281998462 -8.243079207e-24)
(-0.01867985912 0.01528879286 -1.77822177e-25)
(-0.02656471597 0.01601258698 1.746938926e-25)
(-0.03397576399 0.01517422264 6.990584701e-26)
(-0.04038893039 0.01298748057 -3.46475286e-24)
(-0.04539334083 0.009682263437 -6.126409705e-25)
(-0.04866312019 0.005521934729 -1.223738418e-23)
(-0.04995457899 0.0008260064786 0)
(-0.04912113648 -0.00401277967 0)
(-0.04614541749 -0.008541357383 2.911207164e-23)
(-0.0411785515 -0.01226476445 3.068562426e-23)
(-0.03456997437 -0.0147034126 -1.856372968e-24)
(-0.02688296229 -0.01547164858 5.624720044e-23)
(-0.01887598715 -0.01437652805 1.100984425e-22)
(-0.01143241203 -0.0115234156 5.881040086e-23)
(-0.005438728873 -0.00741114617 1.058277196e-24)
(-0.00146561696 -0.002992213896 -2.343923271e-25)
(-9.115352957e-05 0.0001579534544 0)
(-0.0004817552667 0.005856119499 -3.922794366e-23)
(-0.006172910316 0.01583465935 -1.553139288e-23)
(-0.0149872203 0.02278116069 8.161888717e-24)
(-0.02536827675 0.02654495468 0)
(-0.03602022389 0.0274216362 0)
(-0.04610697687 0.0257850974 0)
(-0.05496243988 0.02200491443 -1.327913942e-25)
(-0.06205127864 0.01644357342 -2.356159825e-25)
(-0.06693204186 0.009496517949 0)
(-0.06925022417 0.001639236144 2.262112946e-24)
(-0.06876296458 -0.00653777124 3.21634887e-25)
(-0.06537749751 -0.01432781204 -3.225355627e-25)
(-0.05920391181 -0.02093171804 0)
(-0.05061242308 -0.02553451604 4.894548267e-23)
(-0.04026975577 -0.02742716553 -5.439531996e-23)
(-0.02913905073 -0.02617532749 -3.73462944e-23)
(-0.01841100446 -0.02181550204 -5.89892327e-23)
(-0.009347096481 -0.01503906674 7.531892589e-25)
(-0.0029463973 -0.007299239929 7.257532627e-23)
(-0.0002279112723 -0.0009330485586 0)
(-0.0005095706256 0.009758886689 3.942052365e-23)
(-0.007697316477 0.02507669475 4.867462798e-25)
(-0.01871752667 0.03520857817 -4.756329434e-25)
(-0.03169921897 0.04048264438 0)
(-0.04508657049 0.04153946497 7.176680119e-25)
(-0.05790391038 0.03900313634 -7.077189947e-25)
(-0.06937187078 0.03341749055 3.281818765e-23)
(-0.07884775861 0.02527232622 1.410579895e-23)
(-0.08577223246 0.01507845145 4.675545717e-24)
(-0.08965619333 0.003450027044 -2.264748652e-24)
(-0.09010695568 -0.008831752006 0)
(-0.08687776109 -0.02078910795 5.495350208e-25)
(-0.07994436968 -0.03126579318 1.450062971e-23)
(-0.06959840579 -0.03901321814 -5.162477036e-23)
(-0.05653027288 -0.04285566892 2.495796063e-24)
(-0.0418792005 -0.0419473154 6.224013699e-23)
(-0.02719755314 -0.03610015829 -7.137285145e-25)
(-0.01427455082 -0.02611266312 0)
(-0.004774022224 -0.013960665 5.190369031e-23)
(-0.000354726393 -0.002882860709 -2.258006833e-22)
(-0.0005073963531 0.01449029108 9.791845353e-23)
(-0.009059755403 0.0361255865 -4.942049264e-25)
(-0.0221228818 0.04998295358 0)
(-0.03757205824 0.05703801045 0)
(-0.05363795739 0.05839414539 -8.377191683e-23)
(-0.06923993057 0.05498202557 -8.034660045e-23)
(-0.08351641313 0.04752894582 -3.635175525e-23)
(-0.09573727678 0.03662914336 -1.258997498e-23)
(-0.1052264851 0.02286699556 -3.975555237e-24)
(-0.1113361719 0.006947558487 -6.966761551e-24)
(-0.1134698976 -0.01019377325 5.230393527e-24)
(-0.1111408944 -0.02732146123 6.165726268e-24)
(-0.1040760868 -0.04288448185 -1.75820663e-23)
(-0.0923585926 -0.05509405998 -6.893720068e-24)
(-0.07658220682 -0.06211885605 0)
(-0.05799374016 -0.0624410079 -2.67017901e-23)
(-0.03854265771 -0.05536910256 3.465874188e-25)
(-0.02072247194 -0.04161179687 0)
(-0.007175094573 -0.02366093173 -1.240038727e-22)
(-0.0005069245259 -0.005902982107 5.406133189e-22)
(-0.0004845222913 0.01995358551 -9.724546583e-23)
(-0.01021046229 0.04878262945 2.769853976e-22)
(-0.02505921112 0.06688689557 1.488999975e-22)
(-0.04273553887 0.07603852588 3.494729553e-24)
(-0.06131160268 0.07790911206 -7.06851208e-23)
(-0.079645537 0.07378583744 8.544620559e-23)
(-0.09683249385 0.0645805069 -3.382847595e-24)
(-0.1120853658 0.05095449405 -1.578083528e-24)
(-0.1246273502 0.03350149304 2.288694311e-24)
(-0.1336456651 0.01293877204 6.257931492e-24)
(-0.1383044302 -0.009721677624 -5.197919679e-24)
(-0.1378026417 -0.03304180609 -6.855162508e-24)
(-0.1315010877 -0.05507688126 -3.120869573e-23)
(-0.1191167801 -0.07341192568 -1.675440648e-23)
(-0.100965916 -0.0853483035 1.562528749e-25)
(-0.07824563628 -0.08834332912 0)
(-0.05324832919 -0.0807545593 0)
(-0.02931291885 -0.06280743609 -2.420729027e-24)
(-0.01046047832 -0.03739560181 2.474414598e-24)
(-0.0007157672602 -0.01038840472 9.917694242e-23)
(-0.0004412742383 0.02600614737 0)
(-0.01106469625 0.06274870335 1.943776832e-22)
(-0.02731335204 0.08556348532 8.699892372e-23)
(-0.04681025744 0.09714432892 0)
(-0.06753148441 0.09982067453 1.510520251e-22)
(-0.08832335531 0.09528073486 0)
(-0.1082852646 0.08461908973 -1.356882332e-22)
(-0.1266190815 0.06852095207 6.136037419e-24)
(-0.1424883707 0.04751148394 0)
(-0.1549450557 0.02221602903 0)
(-0.1629219317 -0.006395202925 -1.237483209e-24)
(-0.1652712444 -0.03678120756 -7.926782767e-25)
(-0.1608996605 -0.06668719087 1.308861038e-22)
(-0.1489986557 -0.09305229159 -4.511513e-23)
(-0.1293676133 -0.1121336035 -2.029964502e-24)
(-0.1028704724 -0.1199588306 1.035390697e-24)
(-0.07191258606 -0.113293738 -1.051723529e-24)
(-0.04067388476 -0.09116753461 0)
(-0.01499447262 -0.05647827343 2.906821731e-24)
(-0.0010204059 -0.01691365434 -9.334777424e-22)
(-0.000377806482 0.03245227391 0)
(-0.01153608029 0.07760425217 -1.1032605e-22)
(-0.02865429133 0.1054845774 -6.02689268e-22)
(-0.04935837759 0.1197928868 -3.644556272e-22)
(-0.07159020116 0.123590529 0)
(-0.09423396534 0.1190104106 3.958864853e-22)
(-0.1164468052 0.1073348782 1.197732869e-22)
(-0.1374817397 0.08923791323 -5.27322817e-24)
(-0.1565153344 0.06510225406 5.247129398e-24)
(-0.1725434533 0.03535090498 0)
(-0.1843284296 0.000769276354 2.7403313e-23)
(-0.1904339911 -0.03717998673 4.320351974e-24)
(-0.1893114295 -0.07608790849 -9.690826019e-23)
(-0.1795020229 -0.1123615463 7.003152333e-23)
(-0.1600361828 -0.1411673467 -2.178566521e-22)
(-0.131038973 -0.1567535991 0)
(-0.09454941201 -0.153508713 0)
(-0.05527114154 -0.1281154312 0)
(-0.02117600603 -0.08249794612 0)
(-0.001471996969 -0.02627223398 5.160127236e-22)
(-0.0003018028387 0.03905521223 0)
(-0.01158200349 0.09282557641 -3.403172451e-22)
(-0.0289162433 0.1259504458 8.699127987e-22)
(-0.05000194318 0.1431699307 3.510269733e-22)
(-0.07279941629 0.1483397577 0)
(-0.09627716759 0.1440865569 -3.7126027e-22)
(-0.1197053752 0.1319027245 -3.042395446e-23)
(-0.1424616567 0.1124405874 3.194624248e-22)
(-0.1638340099 0.08589271608 1.692055151e-22)
(-0.1828880506 0.05238766002 -3.877898028e-23)
(-0.1983794718 0.01237902001 1.614886735e-23)
(-0.2087213027 -0.03296805983 -7.780117959e-24)
(-0.2120133574 -0.0813469441 3.197653239e-22)
(-0.2061719043 -0.1289257122 0)
(-0.1892752163 -0.1699733154 2.179618584e-22)
(-0.1602584743 -0.1968392013 5.052889463e-24)
(-0.1200650863 -0.2007843998 -5.128244205e-24)
(-0.07312205338 -0.1745574572 1.321465405e-22)
(-0.02939369598 -0.1171563693 -4.766941504e-24)
(-0.002147238037 -0.03950065882 0)
(-0.0002370261219 0.04558145935 0)
(-0.01126344503 0.1078465225 0)
(-0.02810919384 0.1461349984 -4.893304388e-22)
(-0.04858395122 0.1662251608 -1.831587599e-23)
(-0.07070537598 0.1728312055 1.973276983e-23)
(-0.09357362486 0.169134398 -1.949978006e-23)
(-0.1166286563 0.1568837475 -2.229217058e-23)
(-0.1394508359 0.1367364607 -2.902953221e-22)
(-0.1615527378 0.1086937003 6.57278048e-23)
(-0.1822289989 0.07254469284 4.308482949e-23)
(-0.2004352582 0.02829810398 -4.363534458e-23)
(-0.2146816824 -0.0233765626 0)
(-0.2229807604 -0.080628398 -7.112176427e-23)
(-0.2228213453 -0.1398462215 0)
(-0.2113436512 -0.1949137083 -3.562458843e-22)
(-0.1859636247 -0.2365972245 4.935602729e-22)
(-0.1456948113 -0.2526497817 0)
(-0.09336117408 -0.2301382706 -1.273737666e-22)
(-0.03991488581 -0.1619064283 1.709452317e-22)
(-0.003166528106 -0.0578811579 -3.184148889e-22)
(-0.0002362945997 0.05188610325 0)
(-0.01082076448 0.1221744876 8.980533514e-22)
(-0.02654739879 0.1651832606 -2.383819725e-23)
(-0.04534934763 0.1877422561 8.978931393e-22)
(-0.06533207747 0.1955199141 -2.446788884e-23)
(-0.08579430885 0.1923302206 2.75149866e-23)
(-0.1064127276 0.1802470566 -2.726381848e-23)
(-0.1270485555 0.1599953126 -1.605072664e-23)
(-0.1475451563 0.1314377653 -5.084861504e-22)
(-0.1675797395 0.09404986114 -8.604112305e-24)
(-0.1865260775 0.0473605035 9.336116215e-24)
(-0.2032870309 -0.008604970656 3.218553755e-22)
(-0.2161574867 -0.0728088283 -5.629791401e-22)
(-0.2226006627 -0.142396532 0)
(-0.2191419382 -0.2116874095 8.546895862e-22)
(-0.2016856693 -0.2707592345 -4.650155019e-22)
(-0.1666832952 -0.3042578007 -1.479770606e-23)
(-0.1137282711 -0.2923131171 0)
(-0.05265780205 -0.2173015829 -1.66593166e-22)
(-0.004715946529 -0.08288658516 3.137153079e-22)
(-0.0004060663097 0.05805412863 1.517508137e-23)
(-0.010773793 0.1355643101 -8.571136514e-22)
(-0.02498311701 0.1823557254 -1.134501434e-21)
(-0.04110521393 0.206456631 -8.427850978e-22)
(-0.05737860552 0.2146708461 0)
(-0.07342632065 0.2115412491 3.420742259e-23)
(-0.08926051821 0.1995379476 -7.097057147e-23)
(-0.1051039366 0.1795296866 5.704490134e-23)
(-0.1212103569 0.1513290943 2.928366146e-22)
(-0.1377417252 0.114186093 -1.096816274e-23)
(-0.1546446875 0.0672049479 0)
(-0.1714970684 0.009733313284 -3.499650533e-22)
(-0.1872277331 -0.05818164407 7.332799083e-22)
(-0.199786874 -0.134989077 8.646075868e-22)
(-0.2057619068 -0.2163944818 -5.123864256e-22)
(-0.2000709037 -0.2932213324 5.022709088e-22)
(-0.1765697091 -0.348497619 1.000103116e-23)
(-0.1302076904 -0.3555645815 -1.016163797e-23)
(-0.06680695232 -0.2820249684 -1.015005539e-22)
(-0.007057913748 -0.1160068366 0)
(-0.0009557289588 0.06462008657 -1.875330597e-23)
(-0.01206457026 0.1482237539 -1.30471698e-21)
(-0.02472671605 0.1971580104 1.073011216e-21)
(-0.03729720834 0.2211472738 6.619135667e-22)
(-0.04825858369 0.2284714468 5.905288482e-22)
(-0.05780357185 0.224501586 6.512683828e-22)
(-0.06643921602 0.2121374183 -4.354924395e-23)
(-0.07484199903 0.1924344451 -3.387733737e-22)
(-0.08372091815 0.1652332844 2.106735237e-22)
(-0.09374969673 0.1296719393 0)
(-0.1054916491 0.08456125262 0)
(-0.1192770047 0.02868468163 2.611289915e-22)
(-0.1349554339 -0.03885556007 8.337635952e-23)
(-0.1514913 -0.1180956251 -2.727878537e-22)
(-0.1663368039 -0.206916255 -5.315901809e-23)
(-0.1745091481 -0.2985746116 1.327981693e-22)
(-0.1681788772 -0.3770559227 -3.299334542e-22)
(-0.1370930567 -0.4112946898 -2.426345542e-23)
(-0.08029888789 -0.3517495026 1.013618294e-22)
(-0.01049937839 -0.1584078438 -6.154900919e-22)
(-0.00230702898 0.07294942545 0)
(-0.01626693548 0.161078434 2.112298504e-21)
(-0.02768256595 0.2094501181 0)
(-0.03584163364 0.2306819091 -1.331168121e-21)
(-0.03974755114 0.2350997999 6.322432455e-23)
(-0.04060275669 0.2289527755 -6.070195172e-22)
(-0.03964369508 0.2154998555 -4.672024867e-22)
(-0.03810279932 0.1959333704 8.137546273e-22)
(-0.03715159536 0.170129282 -1.845440824e-22)
(-0.03792288953 0.1371967962 0)
(-0.04151726262 0.0958093586 0)
(-0.04895320964 0.04441457998 2.483725371e-23)
(-0.06104138656 -0.01858853762 -5.918840144e-22)
(-0.07803339466 -0.09462355717 -4.247352965e-22)
(-0.09900379013 -0.184011862 4.598511202e-22)
(-0.1204476107 -0.2838384375 -6.377231346e-22)
(-0.134824514 -0.382250852 8.638641731e-23)
(-0.1274490564 -0.4487639163 3.808020592e-23)
(-0.08930475943 -0.4182108706 5.696713795e-22)
(-0.01528621572 -0.2102636252 6.143302167e-22)
(-0.005221092303 0.0857080834 0)
(-0.02573270697 0.1756085271 1.476885199e-22)
(-0.03593497862 0.2189215784 -4.858508419e-23)
(-0.03816449725 0.233438752 7.539221443e-22)
(-0.03256508027 0.2322613277 -6.902614886e-22)
(-0.02205936604 0.2223403848 4.674929632e-23)
(-0.008893973873 0.2070093986 -1.014377948e-22)
(0.005056572586 0.1873769185 -3.327146203e-22)
(0.01819657797 0.1632671159 2.031875977e-22)
(0.029048906 0.1337675189 0)
(0.03612810117 0.09753266709 0)
(0.03790767674 0.05292315651 -2.865781037e-22)
(0.03276578297 -0.00194858465 0)
(0.0192422147 -0.0693014707 -5.478959295e-22)
(-0.003691189207 -0.1514092684 -1.294042873e-23)
(-0.03514844372 -0.2495575934 2.539253543e-23)
(-0.07072738961 -0.3589325883 2.153142349e-22)
(-0.09334784435 -0.4565748873 4.949846445e-24)
(-0.08761308244 -0.4687306784 -5.829578187e-22)
(-0.02107602901 -0.2691929084 0)
(-0.01113773 0.108572024 0)
(-0.04288032825 0.194232442 -8.755368863e-22)
(-0.0489234467 0.2248188829 -5.374135123e-22)
(-0.04080660226 0.2268527748 4.512442498e-22)
(-0.02101204865 0.2167802567 -1.755995991e-24)
(0.004899043936 0.2014917635 -4.514821825e-23)
(0.03352843131 0.1837421584 5.61956102e-22)
(0.06245322094 0.164123542 -2.727824317e-23)
(0.08983001348 0.1421885688 -2.038102234e-22)
(0.1140212493 0.1169406797 3.102540466e-23)
(0.1333632825 0.08708072049 -3.388505217e-23)
(0.1460474586 0.05108433298 -3.660655639e-23)
(0.1499116496 0.007181583526 3.184705438e-22)
(0.1426396139 -0.04698363258 6.084076441e-22)
(0.1215415952 -0.1144672719 -5.079329531e-22)
(0.0847125526 -0.1997591 -1.621811421e-22)
(0.03056606439 -0.3062692763 1.51486672e-22)
(-0.0246397008 -0.4234706545 7.291147534e-23)
(-0.06533255007 -0.486581404 1.91091562e-21)
(-0.02515563273 -0.3287026027 2.95230351e-21)
(-0.02003268714 0.1462036046 -4.367333485e-23)
(-0.0643448689 0.2112132506 4.39436434e-23)
(-0.05128383866 0.2172930409 9.950370571e-22)
(-0.02041205416 0.2007317569 -7.018060223e-24)
(0.02253378526 0.1800291855 0)
(0.06941371527 0.1598356423 4.322941902e-23)
(0.1165583504 0.1409521774 -2.247993234e-22)
(0.1617174696 0.1228782206 -8.917089275e-23)
(0.2033715108 0.1046705336 3.632954244e-23)
(0.2401620523 0.08522363977 -1.679985279e-23)
(0.2705945537 0.06335867646 3.392514317e-23)
(0.2929102054 0.03782477704 -6.536580601e-23)
(0.3046463085 0.007158990002 -9.232095878e-23)
(0.3032364836 -0.03026107754 1.512173606e-22)
(0.2849812837 -0.07734433117 0)
(0.2459325414 -0.1395691713 1.513208095e-22)
(0.1801811416 -0.2264664731 2.554623475e-22)
(0.09536414193 -0.3441834862 0)
(-0.007043858942 -0.4550048631 -3.67103341e-21)
(-0.01928061528 -0.3775551813 -2.889978365e-21)
(-0.02587909243 0.2278207232 -9.501490712e-22)
(-0.03991853998 0.2239170507 -1.384854383e-22)
(0.0364894243 0.1809762985 -2.323207207e-22)
(0.1086925965 0.1448507963 -1.185061591e-22)
(0.1809802819 0.1168617954 -4.284533965e-23)
(0.2478553775 0.09587381694 9.717294653e-23)
(0.3085198899 0.07967446486 -1.394921277e-22)
(0.36284233 0.06633105127 1.281786859e-22)
(0.4107068395 0.05439895884 -8.509117857e-23)
(0.4516985087 0.04276397655 1.131128947e-25)
(0.4849726248 0.03050353035 1.513012377e-23)
(0.5091335654 0.01679605152 7.929257544e-23)
(0.5223264137 0.0008186249505 -1.800378217e-22)
(0.5221661213 -0.0183534608 -1.612247946e-22)
(0.5044840615 -0.04263548807 -4.26057499e-23)
(0.4653432464 -0.07618683978 0)
(0.3948864628 -0.1285624223 -1.833476743e-22)
(0.291318962 -0.2208317635 8.134625345e-22)
(0.1195718238 -0.3524887707 1.629441709e-21)
(0.02666168033 -0.3775235155 2.17153004e-21)
(0.2143314791 0.1347860407 9.850960284e-22)
(0.2777625221 0.09875815695 0)
(0.4318056576 0.05812865174 -2.588012524e-22)
(0.5305369557 0.03845543431 -1.738407912e-22)
(0.6015883768 0.02620016955 0)
(0.6567967448 0.01827678472 -5.972802345e-23)
(0.7009946859 0.01309882368 6.31434019e-23)
(0.7369226842 0.009521557599 -1.775851337e-23)
(0.7661729779 0.006806341124 2.847447849e-23)
(0.7894448932 0.004489527858 2.285168188e-23)
(0.8067619501 0.002264682883 0)
(0.8176959528 -9.460306359e-05 -2.846987524e-23)
(0.8212442308 -0.002662628762 0)
(0.8160018275 -0.005666853566 2.726695295e-23)
(0.7990292605 -0.009584133222 1.430903793e-23)
(0.7679847119 -0.0149945391 -5.78277456e-23)
(0.7106772839 -0.02503602845 -2.527810298e-22)
(0.6235325745 -0.04205581301 -6.907028189e-22)
(0.423006957 -0.0918434661 0)
(0.2705632312 -0.1524084534 -2.118385158e-21)
)


// ************************************************************************* //
