/*--------------------------------*- C++ -*----------------------------------*\
  =========                 |
  \\      /  F ield         | OpenFOAM: The Open Source CFD Toolbox
   \\    /   O peration     | Website:  https://openfoam.org
    \\  /    A nd           | Version:  13
     \\/     M anipulation  |
\*---------------------------------------------------------------------------*/
FoamFile
{
    format      ascii;
    class       scalarField;
    location    "25.47";
    object      p_all;
}
// * * * * * * * * * * * * * * * * * * * * * * * * * * * * * * * * * * * * * //


400
(
9.931912004e-07
-0.0005463329746
-0.0008883600336
-0.001015828074
-0.0009369485979
-0.0006840669159
-0.0002947568827
0.0001949802917
0.0007486150498
0.001325669827
0.001880516966
0.00236030395
0.00270963452
0.002875408599
0.002816090708
0.002513689254
0.001988676848
0.001298192063
0.0006392975234
4.341797976e-05
0.0005892578421
7.996056936e-06
-0.0003557134213
-0.0004980220928
-0.0004673580095
-0.000290278524
3.844282881e-06
0.0003857188129
0.0008239232807
0.001281181323
0.001717650291
0.002082185135
0.002324424963
0.002397008902
0.002266063203
0.001922808283
0.00139398712
0.0007446530055
0.0001470340242
-0.0005156383737
0.0009534797809
0.0003091086319
-9.211265172e-05
-0.0002384133306
-0.000232269625
-0.0001037557437
0.0001230961738
0.0004270053807
0.0007842406709
0.001162791211
0.001530838614
0.001834262242
0.002023133659
0.002048737936
0.00187594413
0.001494933747
0.0009296808043
0.0002367389366
-0.000461703844
-0.001298653978
0.0009771790278
0.000259045519
-0.0001911774487
-0.0003434431296
-0.0003526688149
-0.0002556532864
-7.303745876e-05
0.0001825881923
0.0004976866891
0.0008520213029
0.001204406099
0.001511911731
0.001713739175
0.00174935947
0.001569908937
0.001152003709
0.0005074635638
-0.0003169786007
-0.001232276203
-0.00238303468
0.0004815289003
-0.000283916857
-0.0007627963053
-0.0009144744515
-0.0009354633379
-0.0008669913503
-0.0007240371456
-0.0005070602305
-0.0002157780826
0.0001405638872
0.0005315357742
0.0009088661277
0.001201331244
0.001328045612
0.001212597142
0.0008017921744
8.158277442e-05
-0.0009159710958
-0.002125912146
-0.003654359151
-0.0006852777617
-0.001466017789
-0.001955032423
-0.002106058365
-0.002148798596
-0.002125395953
-0.00204095215
-0.001878266566
-0.001616096204
-0.001244018387
-0.0007775704426
-0.0002612879254
0.0002222112843
0.0005630995523
0.000639467609
0.0003431857239
-0.0003913402172
-0.001562334432
-0.003133068611
-0.005140241044
-0.002660661235
-0.003422338707
-0.00391416484
-0.004079501816
-0.00417681588
-0.004245801787
-0.004276742533
-0.004227606592
-0.00404592872
-0.00368791662
-0.003139024349
-0.002425006564
-0.001631758429
-0.0009016936935
-0.0004230895048
-0.0003969523877
-0.0009864828814
-0.002258788198
-0.004230894887
-0.006826400257
-0.005553727549
-0.006268634213
-0.006766884854
-0.00698077846
-0.007194092153
-0.007441897111
-0.007695500659
-0.007880463102
-0.007900335399
-0.007658702695
-0.007085390064
-0.006157516428
-0.004941780757
-0.003602935419
-0.00241204614
-0.001712663853
-0.001841365689
-0.003013164971
-0.005366552426
-0.008660270563
-0.009433785254
-0.01008011381
-0.01059695112
-0.01090913014
-0.01132443677
-0.01187419868
-0.01250944041
-0.01311768134
-0.01354572144
-0.01362119827
-0.01318026147
-0.01211889253
-0.01042582653
-0.008254423719
-0.005954282485
-0.004059945997
-0.003188274852
-0.00384119832
-0.006424565565
-0.01048968242
-0.0143153712
-0.01487436518
-0.0154213239
-0.01588049818
-0.01658822181
-0.01757820445
-0.01878489771
-0.02005686302
-0.02117520314
-0.02187114402
-0.02185485482
-0.02086972366
-0.01876942393
-0.01561768965
-0.01179279092
-0.008035193775
-0.005357874891
-0.004758208598
-0.007179235398
-0.0119772628
-0.02015269105
-0.02060293659
-0.02117309732
-0.02179502353
-0.02285024946
-0.02438833592
-0.02633701213
-0.02851120608
-0.03062497819
-0.03230078497
-0.03309246867
-0.03253790788
-0.03027973989
-0.02617605176
-0.02052240509
-0.01420161652
-0.0086894011
-0.005724602455
-0.007217302336
-0.01246442881
-0.02685454243
-0.02716033787
-0.0277007531
-0.02842108947
-0.02978715227
-0.03188690798
-0.0346564875
-0.0378870466
-0.0412311551
-0.04420215312
-0.04618516389
-0.04647582603
-0.04446018998
-0.03965726379
-0.03211841966
-0.0226963402
-0.0132643486
-0.006483879617
-0.005806673579
-0.01076329599
-0.03433276057
-0.03441622508
-0.03478755931
-0.03540257455
-0.0368897544
-0.0394077247
-0.04291756159
-0.04719499705
-0.0518372252
-0.05625543293
-0.05967675393
-0.06118794788
-0.05977667907
-0.0546530706
-0.04543851933
-0.0326973453
-0.01845091405
-0.006243894205
-0.001672069569
-0.004871781247
-0.04260781388
-0.04227745574
-0.04219369563
-0.04229397547
-0.04351161341
-0.04611414108
-0.05009715961
-0.05521774596
-0.06101228507
-0.0667933244
-0.0716372792
-0.07441026522
-0.07382997118
-0.06867246567
-0.05806970686
-0.04205974161
-0.02243809909
-0.003255399129
0.007348769981
0.008343055954
-0.05200829862
-0.05075903479
-0.04967590759
-0.04857700469
-0.04892479832
-0.05111808228
-0.055170591
-0.06079377194
-0.06743295228
-0.07428727911
-0.0802802108
-0.0840738029
-0.08412843759
-0.07883554394
-0.06684101109
-0.04752177196
-0.02212591099
0.005503272999
0.02471679772
0.03352873063
-0.06365395248
-0.06018734307
-0.05709557119
-0.05376266172
-0.05246377302
-0.05367831774
-0.05736296182
-0.06313604023
-0.07026036739
-0.07779880343
-0.08449057429
-0.08878396758
-0.08889655712
-0.08283808106
-0.06884940771
-0.04561959414
-0.01375038864
0.02441802534
0.05554074994
0.07735692901
-0.08018464421
-0.07107330503
-0.06411968253
-0.05716406532
-0.05343022251
-0.05321418981
-0.05625776043
-0.06191260248
-0.06925761413
-0.07711557318
-0.08401092188
-0.08815056897
-0.0874792475
-0.07965530385
-0.06247843678
-0.03404956528
0.005565588823
0.05859504186
0.105823957
0.1480686414
-0.1105062353
-0.08585365312
-0.07160577597
-0.05897091186
-0.05191332196
-0.04988293462
-0.05210254127
-0.0575084908
-0.06485916713
-0.07270800401
-0.07933949903
-0.08271298928
-0.08051902477
-0.06988620399
-0.04823156044
-0.01272182392
0.03823680992
0.1071327983
0.1779793584
0.2564771818
-0.1684366137
-0.09990800633
-0.0750082447
-0.05479800646
-0.04461914357
-0.04158553563
-0.04371795318
-0.0493816658
-0.05701715886
-0.06497066228
-0.07136157859
-0.07398000606
-0.0701290341
-0.05701284116
-0.0310277314
0.0119300787
0.07560011923
0.1664048448
0.2761626139
0.4377049029
-0.398427913
-0.1380991895
-0.07497048477
-0.04708863662
-0.03354970909
-0.03003038352
-0.03280238221
-0.03926497829
-0.0475585974
-0.05593906696
-0.06250010678
-0.06502930617
-0.06099475754
-0.04696882825
-0.01875588751
0.02993627027
0.1069563722
0.2334278969
0.419880836
0.7800240328
)


// ************************************************************************* //
