/*--------------------------------*- C++ -*----------------------------------*\
  =========                 |
  \\      /  F ield         | OpenFOAM: The Open Source CFD Toolbox
   \\    /   O peration     | Website:  https://openfoam.org
    \\  /    A nd           | Version:  13
     \\/     M anipulation  |
\*---------------------------------------------------------------------------*/
FoamFile
{
    format      ascii;
    class       scalarField;
    location    "23.54";
    object      p_all;
}
// * * * * * * * * * * * * * * * * * * * * * * * * * * * * * * * * * * * * * //


400
(
1.321166058e-06
-0.000545916031
-0.0008879108253
-0.001015333498
-0.0009364162196
-0.0006835238519
-0.0002942237449
0.0001955102122
0.0007491694286
0.001326271292
0.00188116359
0.002360978265
0.002710321485
0.002876111548
0.002816831142
0.002514491721
0.001989552095
0.001299136308
0.0006402828918
4.443002689e-05
0.0005895910743
8.374821167e-06
-0.0003553131384
-0.0004975929443
-0.0004668779186
-0.0002897429355
4.412134976e-06
0.0003862875135
0.0008244816991
0.001281748294
0.001718254982
0.00208284763
0.002325146279
0.002397778378
0.002266873631
0.001923663549
0.001394895802
0.0007456172102
0.000148039961
-0.000514605684
0.0009537719586
0.000309464925
-9.172196614e-05
-0.0002380103721
-0.0002318447937
-0.0001032835425
0.0001236315144
0.0004275949525
0.0007848603207
0.001163428983
0.001531484976
0.001834939067
0.002023860803
0.002049525255
0.001876790491
0.00149583422
0.000930632349
0.0002377389644
-0.0004606665814
-0.001297579244
0.0009774389861
0.0002593719296
-0.0001907887735
-0.0003430193985
-0.0003522241403
-0.0002551826714
-7.252141401e-05
0.0001831663357
0.0004983261913
0.0008527025053
0.001205123826
0.001512656094
0.001714517281
0.001750184958
0.001570791878
0.00115294665
0.0005084639472
-0.0003159251752
-0.001231178643
-0.002381881055
0.0004818055465
-0.0002835978595
-0.0007624166526
-0.0009140359118
-0.0009349714584
-0.0008664543005
-0.0007234554911
-0.0005064255334
-0.0002150819129
0.0001413193305
0.0005323411185
0.0009097078143
0.001202202682
0.001328950368
0.001213545046
0.0008027925544
8.264076148e-05
-0.000914854385
-0.002124740524
-0.003653120286
-0.0006849241919
-0.001465633734
-0.001954610838
-0.002105583171
-0.00214824985
-0.002124767216
-0.00204024781
-0.001877493475
-0.001615258944
-0.00124312203
-0.0007766230047
-0.000260302277
0.0002232223648
0.0005641300645
0.0006405211263
0.0003442728897
-0.0003902063708
-0.001561142293
-0.003131811324
-0.005138901919
-0.002660196794
-0.003421833117
-0.003913627138
-0.004078918928
-0.004176155794
-0.00424503925
-0.004275868701
-0.004226628631
-0.004044862834
-0.003686782069
-0.003137840744
-0.002423793452
-0.001630535431
-0.0009004747826
-0.0004218779405
-0.0003957386928
-0.0009852472342
-0.002257505975
-0.004229543491
-0.0068249552
-0.005553115469
-0.00626798003
-0.006766185514
-0.00698002176
-0.007193245907
-0.007440929442
-0.007694391765
-0.007879212505
-0.007898961511
-0.007657236987
-0.007083870416
-0.006155975094
-0.004940252404
-0.00360144631
-0.002410608999
-0.001711272708
-0.001839995196
-0.003011775975
-0.005365101835
-0.00865872122
-0.009432969293
-0.0100792792
-0.01059606439
-0.01090816285
-0.01132335128
-0.01187296167
-0.0125080296
-0.01311609221
-0.01354397137
-0.01361932552
-0.01317831565
-0.0121169336
-0.01042390502
-0.008252582766
-0.005952548722
-0.004058321472
-0.003186732523
-0.003839685633
-0.006423015978
-0.01048804079
-0.01431430801
-0.01487331302
-0.01542022672
-0.01587930403
-0.01658687771
-0.01757667048
-0.0187831516
-0.0200549024
-0.0211730473
-0.02186883622
-0.02185245817
-0.02086731173
-0.01876706881
-0.01561545363
-0.01179071725
-0.008033297321
-0.005356133737
-0.004756562746
-0.007177597052
-0.0119755557
-0.02015137619
-0.0206016528
-0.02117178011
-0.02179360494
-0.02284866051
-0.02438652431
-0.02633495169
-0.02850889952
-0.03062245258
-0.03229809007
-0.03308967486
-0.03253510053
-0.03027700434
-0.02617346321
-0.02052001967
-0.01419946267
-0.008687469264
-0.005722836361
-0.007215603902
-0.0124627041
-0.02685300482
-0.02715884553
-0.02769923754
-0.0284194772
-0.02978536687
-0.03188488655
-0.03465419523
-0.03788448838
-0.0412283698
-0.0441992041
-0.04618213124
-0.046472808
-0.04445725252
-0.03965448837
-0.032115863
-0.02269403567
-0.01326230037
-0.00648204784
-0.005804970769
-0.01076162645
-0.03433104837
-0.03441457675
-0.03478590255
-0.03540083382
-0.0368878529
-0.0394055978
-0.04291516757
-0.04719233766
-0.05183434619
-0.05625241516
-0.05967369119
-0.06118492465
-0.0597737923
-0.05465036933
-0.0454360381
-0.03269510046
-0.01844891018
-0.006242109646
-0.001670451658
-0.00487026056
-0.04260598977
-0.04227571934
-0.04219198063
-0.04229220384
-0.04350970251
-0.04611202777
-0.05009480343
-0.05521514996
-0.06100949377
-0.06679043053
-0.07163439381
-0.07440749016
-0.07382738443
-0.06867010415
-0.05806757415
-0.04205781605
-0.02243636218
-0.003253830207
0.007350180706
0.008344327603
-0.05200644295
-0.05075728645
-0.04967422614
-0.0485753183
-0.04892300544
-0.05111610665
-0.05516838801
-0.06079136189
-0.06743037525
-0.0742846395
-0.08027762992
-0.08407139427
-0.08412628666
-0.07883367563
-0.06683940548
-0.04752036182
-0.02212464213
0.005504441222
0.02471786769
0.03352966491
-0.06365216649
-0.06018567333
-0.05709401246
-0.05376116588
-0.05246221816
-0.05367659513
-0.05736098225
-0.0631339114
-0.07025805492
-0.07779645324
-0.08448832191
-0.08878193997
-0.08889487205
-0.08283671404
-0.06884835114
-0.04561874853
-0.01374969252
0.02441869754
0.0555413858
0.07735748733
-0.08018304099
-0.07107182835
-0.06411834636
-0.05716284212
-0.05342898039
-0.05321279434
-0.05625612468
-0.06191072882
-0.06925556445
-0.07711348162
-0.0840089359
-0.08814882339
-0.0874778159
-0.07965430243
-0.06247780116
-0.0340492056
0.005565647492
0.05859544715
0.1058242043
0.1480688591
-0.110504893
-0.08585246374
-0.0716047606
-0.05897001084
-0.051912411
-0.04988184926
-0.05210119709
-0.05750687994
-0.06485735818
-0.07270613014
-0.07933771869
-0.082711455
-0.08051788695
-0.06988542174
-0.04823115124
-0.01272170786
0.0382367417
0.1071327544
0.1779793109
0.2564771153
-0.1684354914
-0.09990702418
-0.07500754134
-0.05479740073
-0.04461849481
-0.04158469343
-0.04371683173
-0.04938025971
-0.05701553515
-0.06496894675
-0.07135992152
-0.07397854703
-0.07012787303
-0.05701210273
-0.03102736422
0.01193014941
0.07559999863
0.1664046698
0.2761624266
0.4377047485
-0.3984267805
-0.1380982365
-0.07496980682
-0.04708812182
-0.03354917869
-0.03002967211
-0.0328013943
-0.03926370177
-0.04755709225
-0.05593744916
-0.06249851899
-0.06502788819
-0.06099361724
-0.04696804431
-0.01875544814
0.02993642269
0.106956328
0.2334277708
0.4198806895
0.7800239056
)


// ************************************************************************* //
