/*--------------------------------*- C++ -*----------------------------------*\
  =========                 |
  \\      /  F ield         | OpenFOAM: The Open Source CFD Toolbox
   \\    /   O peration     | Website:  https://openfoam.org
    \\  /    A nd           | Version:  13
     \\/     M anipulation  |
\*---------------------------------------------------------------------------*/
FoamFile
{
    format      ascii;
    class       vectorField;
    location    "23.54";
    object      U_all;
}
// * * * * * * * * * * * * * * * * * * * * * * * * * * * * * * * * * * * * * //


400
(
(1.086253902e-05 -3.790498275e-05 0)
(-0.0006662102663 0.0004130052493 -1.54256638e-23)
(-0.002185260035 0.0009203197849 0)
(-0.004047527191 0.001312666689 0)
(-0.005971373152 0.001534929562 6.830836475e-25)
(-0.007762122407 0.001569708186 4.153260813e-24)
(-0.009283757372 0.001423438782 -7.328014805e-24)
(-0.01043507572 0.001119628948 7.577692442e-24)
(-0.01113592687 0.0006960293105 -2.099114076e-25)
(-0.01132626006 0.0002030685632 -4.000307926e-24)
(-0.01097101343 -0.0003002020032 5.809809719e-24)
(-0.01007170965 -0.0007474559471 -5.93468047e-23)
(-0.008679436547 -0.001075489715 -6.558021275e-23)
(-0.006902598254 -0.001232977298 -7.789932798e-23)
(-0.004910662164 -0.001192594238 4.577174956e-24)
(-0.002927299492 -0.000961910563 -4.141741097e-24)
(-0.001205455642 -0.0005912386351 -2.001356373e-22)
(-1.923860272e-05 -0.0001699367647 0)
(0.0005180319849 0.0001720201928 1.521152759e-25)
(0.0002227200469 0.000305935847 -2.703372103e-24)
(-0.0002634049516 0.0008287973565 1.389634602e-25)
(-0.002703129419 0.0033834919 1.552213967e-23)
(-0.006906653192 0.005603935846 1.541768167e-25)
(-0.01195117209 0.007007508986 -8.467092645e-25)
(-0.017133371 0.007553038581 1.157907515e-24)
(-0.02197321615 0.007293512984 1.302147474e-23)
(-0.02610826288 0.006321335171 1.435557173e-24)
(-0.02926292498 0.004753820426 -7.328171228e-24)
(-0.03122393717 0.0027370005 1.017617026e-23)
(-0.03183930312 0.0004524818053 4.516533547e-24)
(-0.03102514343 -0.001883853787 -6.325616323e-24)
(-0.02879105945 -0.004022576081 2.96078731e-24)
(-0.02526973038 -0.005707811864 3.89827608e-23)
(-0.02073079073 -0.006706863959 -1.956615212e-24)
(-0.01558894868 -0.00685367803 3.75829515e-24)
(-0.01038486423 -0.006097156292 -9.754480179e-23)
(-0.005730288824 -0.004546070926 9.651385345e-23)
(-0.002233514875 -0.002507483708 -3.984224396e-25)
(-0.0001819116084 -0.0005025504929 4.084706973e-25)
(8.341499321e-05 0.0006097842308 0)
(-0.0004187908487 0.002934771796 -2.916749064e-25)
(-0.00464741552 0.00880309346 1.710548049e-23)
(-0.0113707706 0.0132390281 -8.199364699e-24)
(-0.01932525063 0.01579039571 -2.061626257e-25)
(-0.0274712337 0.01652832614 2.025332159e-25)
(-0.03511416078 0.01564290783 8.264644459e-27)
(-0.04170924159 0.01335878969 -1.266558493e-24)
(-0.04683114134 0.009919021426 -4.581136779e-25)
(-0.05014518046 0.005602186031 -1.065553517e-23)
(-0.05140770558 0.0007446896203 0)
(-0.05047364047 -0.004241049456 0)
(-0.04733329713 -0.008886090041 2.673767683e-23)
(-0.04215618006 -0.01268044998 2.815725502e-23)
(-0.03531201915 -0.01513468374 -1.648062219e-24)
(-0.02738835346 -0.01586066018 4.852445673e-23)
(-0.01916911896 -0.014672398 9.432381493e-23)
(-0.0115604893 -0.01169305554 3.989805706e-23)
(-0.005465317543 -0.007450603486 4.188355111e-25)
(-0.001451139223 -0.002936206111 1.049599066e-25)
(-9.072774686e-05 0.0002256702764 0)
(-0.0005024063317 0.00604470821 -4.25648308e-23)
(-0.006402031821 0.01636898733 -1.700755438e-23)
(-0.01553330719 0.02355679721 8.126248334e-24)
(-0.02627624896 0.02743872538 0)
(-0.03728346417 0.0283181334 0)
(-0.04768537239 0.02658516614 0)
(-0.05679084164 0.02262922216 -4.618508742e-26)
(-0.06404753009 0.01683486502 -2.109813747e-24)
(-0.06900427476 0.009621806267 0)
(-0.071301818 0.001491538987 1.642309455e-24)
(-0.07070243946 -0.006935232447 2.807126011e-25)
(-0.06712490676 -0.01492828311 -2.814985901e-25)
(-0.06069437837 -0.02166496363 0)
(-0.05180376652 -0.02631359873 4.139625405e-23)
(-0.04114716097 -0.02815840075 -4.687969382e-23)
(-0.02971788061 -0.02677183542 -2.769184588e-23)
(-0.01873613959 -0.02221403648 -3.975180473e-23)
(-0.009487581357 -0.01521863811 7.79510869e-25)
(-0.002976781162 -0.007298179473 9.773932089e-23)
(-0.000231867429 -0.0008663680674 0)
(-0.0005315474596 0.01009391642 4.277191646e-23)
(-0.007982699216 0.02594935621 4.772046841e-25)
(-0.01939474376 0.03642489337 -4.663054411e-25)
(-0.03282029182 0.04185080625 0)
(-0.04664198886 0.04289053293 7.768057502e-25)
(-0.05984618314 0.04019694968 -7.6603507e-25)
(-0.07162583153 0.03434449734 3.667147392e-23)
(-0.08131976117 0.02585482914 1.842793649e-23)
(-0.08835791988 0.01527240636 6.223425389e-24)
(-0.09224660669 0.003246819205 -1.644222768e-24)
(-0.09259603939 -0.009405998462 0)
(-0.08916842421 -0.02167198672 4.380303743e-25)
(-0.08195354357 -0.03236399194 1.012434636e-23)
(-0.07126367725 -0.04020874542 -4.356071673e-23)
(-0.05781618995 -0.04401681844 1.937173279e-24)
(-0.04278301738 -0.04294515876 4.231697672e-23)
(-0.02775277305 -0.03683116534 -3.865024035e-25)
(-0.01454976328 -0.02652589596 0)
(-0.004859194754 -0.0140841378 5.435845783e-23)
(-0.0003641191372 -0.002847053782 -2.563262664e-22)
(-0.000527161006 0.01499763735 9.832466994e-23)
(-0.009376932799 0.03738616349 -4.9010082e-25)
(-0.02287945748 0.05169673226 0)
(-0.03882650648 0.05893577207 0)
(-0.05538111455 0.06024985536 -8.726873401e-23)
(-0.07142195264 0.05661386628 -8.493663443e-23)
(-0.0860586199 0.04879772308 -4.06188873e-23)
(-0.09854214054 0.03743731457 -1.501662837e-23)
(-0.1081853542 0.02315898178 -5.355228068e-24)
(-0.1143351914 0.006710478678 -8.166239072e-24)
(-0.1163955821 -0.01093056839 6.591559341e-24)
(-0.1138852721 -0.02848577639 8.808744603e-24)
(-0.1065410983 -0.04436581509 -1.891899155e-23)
(-0.09446155921 -0.05674816442 4.531578977e-24)
(-0.07826338701 -0.06377780585 0)
(-0.05922515641 -0.06393030336 -1.580516973e-23)
(-0.03933736524 -0.05653451748 -2.183351349e-26)
(-0.02114059488 -0.04235575399 0)
(-0.007318258496 -0.02398127555 -1.51891455e-22)
(-0.0005215710636 -0.005925463078 6.052525836e-22)
(-0.0004990388242 0.02064353593 -9.765503044e-23)
(-0.01052852163 0.0504490561 2.83090597e-22)
(-0.02582718725 0.06911800882 1.526311701e-22)
(-0.04401740161 0.07848481934 3.617581281e-24)
(-0.06310183985 0.0802872636 -7.318433653e-23)
(-0.0818970829 0.07587389091 9.037752909e-23)
(-0.09946949559 0.0662118464 -3.588298957e-24)
(-0.1150137195 0.05201371261 -1.728067803e-24)
(-0.1277423477 0.0339223557 2.522485382e-24)
(-0.1368374744 0.01270314787 7.374441178e-24)
(-0.1414613885 -0.01058506762 -6.491823084e-24)
(-0.1408156048 -0.03445579579 -9.76837402e-24)
(-0.1342661464 -0.05692195233 -3.261484708e-23)
(-0.1215376258 -0.07552657954 -3.649015094e-23)
(-0.1029611655 -0.08753580903 5.620536034e-25)
(-0.07975906783 -0.09038575402 0)
(-0.05426371373 -0.08243989948 0)
(-0.02986989995 -0.06397373473 -2.903234529e-24)
(-0.01066223058 -0.03798609665 2.967621013e-24)
(-0.0007350343017 -0.01050053545 1.027763395e-22)
(-0.0004478985389 0.02686976469 0)
(-0.01134836136 0.06480105809 2.001788053e-22)
(-0.02801384342 0.08828754595 8.961357341e-23)
(-0.04799493331 0.1001141295 0)
(-0.06920089807 0.1026986323 1.569285079e-22)
(-0.09043726047 0.09780792224 0)
(-0.1107755637 0.08660491168 -1.427950773e-22)
(-0.1294009038 0.06983551453 6.5131199e-24)
(-0.1454681101 0.04808066745 0)
(-0.1580258402 0.02201827847 0)
(-0.1660040115 -0.007331445775 -1.373674346e-24)
(-0.1682581149 -0.03838337159 -9.309359523e-25)
(-0.1636980012 -0.06883308152 1.491006033e-22)
(-0.1515132623 -0.09557494169 -4.704166851e-23)
(-0.1315069707 -0.1148215562 -2.558055216e-24)
(-0.1045544952 -0.122562299 1.531900349e-24)
(-0.07308991812 -0.1155448402 -1.556064991e-24)
(-0.04134815975 -0.09282602234 0)
(-0.01525151707 -0.05740479852 3.202220191e-24)
(-0.001044236058 -0.01714641475 -1.012495801e-21)
(-0.0003744800795 0.03345985977 0)
(-0.01174941847 0.07998168013 -1.127773756e-22)
(-0.02920541361 0.1086291899 -6.189778771e-22)
(-0.05031455761 0.1232126728 -3.754539391e-22)
(-0.07295903675 0.126899386 0)
(-0.09598432095 0.1219165724 4.118533884e-22)
(-0.1185211055 0.1096278424 1.260538478e-22)
(-0.1398076604 0.09077781648 -5.580248229e-24)
(-0.159014671 0.06581187789 5.552629e-24)
(-0.1751383439 0.03520938167 0)
(-0.1869481784 -0.0001936651666 2.911351479e-23)
(-0.1930095796 -0.03889218895 4.694056636e-24)
(-0.1917736377 -0.07843162362 -1.076269159e-22)
(-0.1817806265 -0.1151778535 7.999101302e-23)
(-0.1620510011 -0.1442504628 -2.418597776e-22)
(-0.1327012008 -0.1598453614 0)
(-0.09577518367 -0.1563027002 0)
(-0.05601408221 -0.130291411 0)
(-0.02147767511 -0.08380731073 0)
(-0.001500298323 -0.02665397819 5.569985824e-22)
(-0.0002874379945 0.04015731275 0)
(-0.01169327863 0.0954279397 -3.492313086e-22)
(-0.02924343029 0.1293965618 8.931214936e-22)
(-0.05060769592 0.1469182171 3.616436956e-22)
(-0.07369818376 0.1519636237 0)
(-0.09744806979 0.1472660103 -3.86169021e-22)
(-0.1211028845 0.1344115554 -3.173766707e-23)
(-0.144027898 0.1141342583 3.332469528e-22)
(-0.1655094384 0.08669775063 1.769132992e-22)
(-0.1846198142 0.05229168257 -4.059373686e-23)
(-0.2001275014 0.01142022944 1.656695691e-23)
(-0.2104571963 -0.0347088143 -8.263134509e-24)
(-0.2137158875 -0.08375819657 3.3711187e-22)
(-0.2078167297 -0.1318666094 0)
(-0.1908193016 -0.173265537 2.419766246e-22)
(-0.1616295065 -0.2002489132 5.771274325e-24)
(-0.1211629924 -0.2040023285 -5.857341113e-24)
(-0.07384772059 -0.1772038914 1.547314397e-22)
(-0.02971689339 -0.1188590072 -5.432055967e-24)
(-0.002179447493 -0.04005228739 0)
(-0.0002118012549 0.04671286217 0)
(-0.01125008315 0.1105413865 0)
(-0.02815616925 0.1497243004 -5.021939356e-22)
(-0.04874440944 0.1701395951 -1.880712666e-23)
(-0.07100011071 0.1766140298 2.038046653e-23)
(-0.09399341458 0.1724425174 -2.013983069e-23)
(-0.1171420789 0.1594792375 -2.316485742e-23)
(-0.1400164718 0.138475334 -3.029242709e-22)
(-0.1621313961 0.1095137377 6.698238404e-23)
(-0.1827944662 0.07245232122 4.512298755e-23)
(-0.2009821779 0.02735231744 -4.576813722e-23)
(-0.2152256489 -0.02508167324 0)
(-0.2235547314 -0.08297629709 -7.836435441e-23)
(-0.2234614955 -0.1427169635 0)
(-0.2120659281 -0.198172164 -3.738807833e-22)
(-0.1867412257 -0.240066813 5.243588536e-22)
(-0.1464416483 -0.2560669405 0)
(-0.09394395225 -0.2331118879 -1.492894724e-22)
(-0.04021910064 -0.1639551092 1.936414648e-22)
(-0.003200996518 -0.05860840278 -3.410398664e-22)
(-0.0002016505009 0.05297247056 0)
(-0.01067310528 0.1248090368 9.181791696e-22)
(-0.02628534593 0.1687314307 -2.440374845e-23)
(-0.04501223049 0.1916334672 9.192240692e-22)
(-0.06494731333 0.1992805336 -2.511754529e-23)
(-0.08536778656 0.1956004552 2.838446639e-23)
(-0.1059322597 0.1827810468 -2.812536326e-23)
(-0.1264943623 0.1616534526 -1.660683816e-23)
(-0.1469019167 0.1321741702 -5.259501517e-22)
(-0.1668483227 0.0938971087 -8.905392409e-24)
(-0.1857329927 0.04640880312 9.65890094e-24)
(-0.2024808888 -0.01023280167 3.31270166e-22)
(-0.2154179596 -0.07499151967 -5.819967652e-22)
(-0.2220229465 -0.1450231958 0)
(-0.2188044183 -0.2146670315 8.885885902e-22)
(-0.201626075 -0.273991856 -4.939603507e-22)
(-0.1668634703 -0.3075711599 -1.57181201e-23)
(-0.1140211763 -0.2953719121 0)
(-0.05288415441 -0.2195733513 -1.889067445e-22)
(-0.004749089404 -0.08377008527 3.359476038e-22)
(-0.0003643286918 0.05902018492 1.55083872e-23)
(-0.01049662003 0.1379806561 -8.763169166e-22)
(-0.02441570611 0.185670145 -1.15694398e-21)
(-0.04026991641 0.2101271484 -8.62795712e-22)
(-0.05631071482 0.2182239921 0)
(-0.07215263964 0.2146096972 3.513391633e-23)
(-0.08779688594 0.2018721895 -7.294006504e-23)
(-0.1034615055 0.1809962649 5.86719598e-23)
(-0.119404119 0.1518981821 3.02098576e-22)
(-0.1357992967 0.1139160552 -1.128069102e-23)
(-0.1526146312 0.06621738945 0)
(-0.1694585427 0.008182000484 -3.603514684e-22)
(-0.1852821601 -0.06015385418 7.514930468e-22)
(-0.1980502961 -0.1372677977 8.830934071e-22)
(-0.2043590307 -0.2189185744 -5.295902473e-22)
(-0.1991008231 -0.295963032 5.162063759e-22)
(-0.17606216 -0.3513985146 1.07786606e-23)
(-0.1300894766 -0.3584064956 -1.095175211e-23)
(-0.06688781214 -0.2843207017 -8.225516491e-23)
(-0.007083245869 -0.1169934464 0)
(-0.0009097195112 0.06539801511 -1.911307485e-23)
(-0.0116771286 0.150275299 -1.326854132e-21)
(-0.02389143858 0.2000570033 1.094129196e-21)
(-0.03601741732 0.2244116501 6.734350346e-22)
(-0.046578351 0.231649101 6.014100566e-22)
(-0.05577672153 0.2272310911 6.643348766e-22)
(-0.06411968251 0.2141713992 -4.458234351e-23)
(-0.07228356674 0.1936459235 -3.461025613e-22)
(-0.08097823881 0.1656018922 2.151974669e-22)
(-0.09088079864 0.1292721158 0)
(-0.1025637808 0.08353407067 0)
(-0.1163711622 0.02720467591 2.655214948e-22)
(-0.1321675274 -0.04061469706 8.194770239e-23)
(-0.1489330909 -0.1200070581 -2.821252901e-22)
(-0.1641351879 -0.2089240377 -5.410860059e-23)
(-0.1727930347 -0.3006929 1.302019837e-22)
(-0.1670346538 -0.3793260999 -3.399980009e-22)
(-0.1365309865 -0.4136381493 -1.598475395e-23)
(-0.08018287428 -0.3538263588 8.214275233e-23)
(-0.0105076013 -0.1594100265 -6.032963222e-22)
(-0.002260640358 0.0734871818 0)
(-0.01580498738 0.1626473395 2.145705826e-21)
(-0.02665361839 0.2117832841 0)
(-0.03422840272 0.2333864196 -1.351702489e-21)
(-0.03760063917 0.2377685266 6.184493793e-23)
(-0.03800488904 0.2312483928 -6.192524816e-22)
(-0.03669174297 0.2171848396 -4.755896446e-22)
(-0.03490019438 0.1968907226 8.300551817e-22)
(-0.03379866932 0.1703337828 -1.885532143e-22)
(-0.0345092073 0.1367236897 0)
(-0.03812607563 0.09479990958 0)
(-0.04565994736 0.04304708154 2.410839869e-23)
(-0.05791754345 -0.02013309117 -6.006822346e-22)
(-0.0751547367 -0.09620174134 -4.309293527e-22)
(-0.09645947578 -0.1855510094 4.637644922e-22)
(-0.1183526226 -0.28535226 -6.488184248e-22)
(-0.1332762401 -0.3838339291 9.118363413e-23)
(-0.1265378715 -0.4504308765 2.942206544e-23)
(-0.08899249876 -0.4198487173 5.660757139e-22)
(-0.01526923344 -0.2111692443 6.02159445e-22)
(-0.005181021536 0.085979628 0)
(-0.02525697273 0.1766259877 1.465614497e-22)
(-0.03483746557 0.2205910184 -4.916830814e-23)
(-0.03640556869 0.2354796757 7.642388942e-22)
(-0.03019214864 0.2343343442 -7.004854662e-22)
(-0.01917468792 0.2241548989 4.746129805e-23)
(-0.005625094994 0.2083485889 -1.01857153e-22)
(0.008558977929 0.1881219609 -3.389618251e-22)
(0.02178789042 0.1633908713 2.062684693e-22)
(0.03261697431 0.1333257203 0)
(0.03957415509 0.09664363118 0)
(0.04116033775 0.05174416187 -2.902507586e-22)
(0.03577575503 -0.003251502573 0)
(0.02197358677 -0.07057978706 -5.511988909e-22)
(-0.001272142405 -0.1525700946 -1.49178302e-23)
(-0.03311084022 -0.2505919169 2.559551742e-23)
(-0.06909726396 -0.3599311931 2.20278444e-22)
(-0.09228148189 -0.4575395672 4.789895979e-24)
(-0.08718220588 -0.4698097093 -5.789750587e-22)
(-0.02103140789 -0.2698951202 0)
(-0.01111638001 0.1085974225 0)
(-0.04249021695 0.1947136897 -8.84798818e-22)
(-0.04795825523 0.2258164871 -5.410804667e-22)
(-0.03920030502 0.2282094107 4.543601622e-22)
(-0.01878514523 0.2182283755 -1.710112268e-24)
(0.007655869134 0.2028180272 -4.560779766e-23)
(0.03667036735 0.18475898 5.696290329e-22)
(0.06581976588 0.1647100824 -2.766708363e-23)
(0.0932608923 0.1423125138 -2.069641473e-22)
(0.1173790029 0.1166285099 3.142030936e-23)
(0.1365365899 0.0864135077 -3.425742137e-23)
(0.1489581373 0.05017944128 -3.69044097e-23)
(0.1525197471 0.006162196375 3.205513524e-22)
(0.144929883 -0.04795836581 6.119388665e-22)
(0.1235100966 -0.1153028072 -5.100993587e-22)
(0.08633048563 -0.2004176156 -1.615973012e-22)
(0.03198665464 -0.3067791523 1.53136397e-22)
(-0.02362426098 -0.4239821989 7.293776756e-23)
(-0.06492536309 -0.4871595552 1.913304169e-21)
(-0.02509988657 -0.3291531261 2.955005688e-21)
(-0.02004676009 0.1460731418 -4.390070236e-23)
(-0.06416461309 0.2112953335 4.417242174e-23)
(-0.05070407491 0.2177287075 1.000151257e-21)
(-0.01934428708 0.2014657453 -8.266697382e-24)
(0.02413968983 0.1809049366 0)
(0.07153474577 0.1606907415 4.363468148e-23)
(0.1190627154 0.1416474786 -2.273708923e-22)
(0.1644683849 0.1233168862 -9.02736524e-23)
(0.2062164993 0.104811352 3.680494607e-23)
(0.2429558693 0.08507190965 -1.701558314e-23)
(0.2732128782 0.06296271756 3.429795238e-23)
(0.2952465861 0.03726466785 -6.592388569e-23)
(0.306690992 0.006537005498 -9.303554091e-23)
(0.3049686765 -0.03087583465 1.516992081e-22)
(0.2863894317 -0.07786136179 0)
(0.247053468 -0.1399289677 1.505518663e-22)
(0.1810895195 -0.226629489 2.560010139e-22)
(0.09604248251 -0.3443888979 0)
(-0.006698648904 -0.4552203852 -3.675653559e-21)
(-0.01922425107 -0.3777531694 -2.892634582e-21)
(-0.02591938826 0.2276833013 -9.514116941e-22)
(-0.03998304719 0.2238219427 -1.388943566e-22)
(0.03656115053 0.1810582788 -2.335490491e-22)
(0.1090491962 0.1451051056 -1.193689434e-22)
(0.1817168406 0.1172433917 -4.295660591e-23)
(0.2490055518 0.09627785012 9.782590493e-23)
(0.3100290663 0.08002405696 -1.408499003e-22)
(0.3646155477 0.06656745253 1.297090269e-22)
(0.4126194592 0.05449153065 -8.619562792e-23)
(0.453619239 0.04270913771 1.132175379e-25)
(0.4867824401 0.03032354817 1.527666382e-23)
(0.5107403404 0.01652983558 7.996845762e-23)
(0.5236557895 0.0005373830733 -1.811054483e-22)
(0.5231767866 -0.01863288775 -1.617094016e-22)
(0.5052301272 -0.04286410798 -4.262693082e-23)
(0.4658699499 -0.07633188421 0)
(0.3952685213 -0.1286088046 -1.846503959e-22)
(0.2916062549 -0.2208467716 8.148787507e-22)
(0.1197449955 -0.3525016549 1.631605919e-21)
(0.02670534234 -0.3775497209 2.172657915e-21)
(0.2142895765 0.1347448471 9.864892491e-22)
(0.2776315222 0.09870519755 0)
(0.4316596791 0.05810422405 -2.594249379e-22)
(0.5304751218 0.03846262347 -1.741605005e-22)
(0.6016962355 0.02623408849 0)
(0.6571189059 0.0183191047 -6.0087266e-23)
(0.7015197565 0.013135897 6.377554694e-23)
(0.7376021862 0.009542065422 -1.800020217e-23)
(0.7669345386 0.006804471666 2.885763777e-23)
(0.7902083712 0.004464820802 2.314881004e-23)
(0.807453432 0.002221451302 0)
(0.8182604568 -0.0001499099412 -2.872893576e-23)
(0.821648777 -0.0027236751 0)
(0.816238727 -0.005712538134 2.737992874e-23)
(0.7991330204 -0.009611306065 1.421595054e-23)
(0.7679986053 -0.01500253055 -5.799480083e-23)
(0.7106556481 -0.02502523371 -2.535675912e-22)
(0.6235184445 -0.04204289424 -6.918120559e-22)
(0.4230090969 -0.0918297224 0)
(0.2705674565 -0.1524022029 -2.119485731e-21)
)


// ************************************************************************* //
