/*--------------------------------*- C++ -*----------------------------------*\
  =========                 |
  \\      /  F ield         | OpenFOAM: The Open Source CFD Toolbox
   \\    /   O peration     | Website:  https://openfoam.org
    \\  /    A nd           | Version:  13
     \\/     M anipulation  |
\*---------------------------------------------------------------------------*/
FoamFile
{
    format      ascii;
    class       scalarField;
    location    "7.83";
    object      p_all;
}
// * * * * * * * * * * * * * * * * * * * * * * * * * * * * * * * * * * * * * //


400
(
-2.263184523e-09
-0.000494440517
-0.0007890976084
-0.0008734235249
-0.0007587502843
-0.0004766097453
-6.310883913e-05
0.0004473945026
0.001020417535
0.00161810276
0.002197965147
0.002710736804
0.00310420478
0.00332736917
0.003338768664
0.003117532016
0.002676962755
0.002070137127
0.001462781267
0.0009033698899
0.0005311457907
5.813813147e-06
-0.0003097827801
-0.0004084672195
-0.00033699486
-0.0001216186988
0.0002085729053
0.0006246726324
0.001096047416
0.001586558834
0.002061459445
0.002469799747
0.002764406269
0.002899725852
0.002841516619
0.002577779265
0.002128885344
0.001552591265
0.0009997983687
0.000380287354
0.0008453052873
0.0002639292084
-8.537302438e-05
-0.0001866743435
-0.0001349091325
4.051865078e-05
0.0003149661108
0.0006660750997
0.001069793888
0.00149741832
0.001908955069
0.002262611107
0.002508421211
0.002599334657
0.002500112634
0.002198035675
0.001711409885
0.001090249616
0.0004420537024
-0.0003464280323
0.0008370350898
0.0001891947183
-0.000203463648
-0.0003072590973
-0.0002639674102
-0.0001094033696
0.0001339785098
0.0004506994627
0.0008246099665
0.001233031277
0.00164077573
0.002002542787
0.002262109249
0.002362132987
0.002254952322
0.001915632576
0.001351688849
0.0006044728009
-0.0002472028884
-0.001322287157
0.0003513475071
-0.0003413996076
-0.000759075685
-0.0008573920624
-0.000815834184
-0.0006750940088
-0.0004538088174
-0.0001578449737
0.0002080836584
0.000631048183
0.001081305632
0.001512106012
0.001856674718
0.00203907545
0.001986688559
0.001647679456
0.001006429138
9.145261939e-05
-0.001039610305
-0.00247302347
-0.0007468726
-0.001458088738
-0.001884846614
-0.001975470285
-0.001940945431
-0.001824265846
-0.001636941129
-0.001370682665
-0.001012823167
-0.0005594672289
-2.852799265e-05
0.0005368466231
0.001058665448
0.001434772503
0.001551298213
0.001306793658
0.0006393318418
-0.0004494446791
-0.001927431169
-0.003817762207
-0.002583333686
-0.00328555335
-0.00371532021
-0.003809735367
-0.003808570391
-0.003754619706
-0.003648216782
-0.003460731761
-0.003153014943
-0.002692259828
-0.002071242754
-0.001314869476
-0.0005058966246
0.000224156582
0.0007008041695
0.0007379690864
0.0001849707489
-0.001018964604
-0.002891893036
-0.005352912167
-0.005264937521
-0.00593638491
-0.006373089703
-0.006501101434
-0.006587179049
-0.006672473791
-0.00674274054
-0.006742346847
-0.006594149859
-0.006219259787
-0.005563639109
-0.004595449686
-0.003391883589
-0.002102075357
-0.000976494584
-0.0003329604239
-0.0004823809622
-0.001622104537
-0.003884741783
-0.007035334694
-0.008869606873
-0.009493157701
-0.009949046065
-0.01015645939
-0.01040931299
-0.01074843849
-0.011144155
-0.01150879611
-0.01171543607
-0.01161533923
-0.01105894265
-0.009968482741
-0.008318135261
-0.006252953262
-0.004097708331
-0.002350619576
-0.001586937016
-0.002273951412
-0.004798409694
-0.008727311261
-0.01343194569
-0.01399245365
-0.01448032506
-0.01481507201
-0.015323276
-0.01605167523
-0.01695914834
-0.01792550346
-0.01876534135
-0.01924128437
-0.01908782145
-0.01806566591
-0.01603134186
-0.01303854329
-0.009438695807
-0.005929451855
-0.003468331299
-0.002997976003
-0.005421502769
-0.01011342029
-0.01893605011
-0.01941494829
-0.01993201827
-0.02041510603
-0.02124007322
-0.02247258827
-0.02407000855
-0.0258852459
-0.02767306564
-0.02909352492
-0.02972985519
-0.02913894568
-0.02696764433
-0.02306257015
-0.01769450977
-0.01170524693
-0.006511400223
-0.00378259189
-0.005365237378
-0.01056553933
-0.02532645704
-0.02569017885
-0.02619173613
-0.02677201109
-0.0278935115
-0.02966213617
-0.03204881657
-0.03489001933
-0.03788675684
-0.04059516783
-0.04243224913
-0.0427169103
-0.04080686568
-0.03622914722
-0.02900400727
-0.01995033729
-0.01089376514
-0.004430643897
-0.003935496766
-0.008932123971
-0.03255134479
-0.03272288669
-0.03308188855
-0.03357624847
-0.03482923697
-0.03701671617
-0.04013943719
-0.04402655177
-0.0483327543
-0.05251737037
-0.05583752566
-0.05738151634
-0.0561415976
-0.05127848458
-0.0423853668
-0.02999849557
-0.01611315905
-0.004238098276
9.20951896e-05
-0.003243978686
-0.04066338781
-0.0404500651
-0.04039500525
-0.04041866887
-0.04143944538
-0.04373753023
-0.0473527078
-0.05210449585
-0.05759870085
-0.06320175749
-0.06802124729
-0.07092057313
-0.07058800113
-0.0657479676
-0.05548109452
-0.03978951962
-0.02045726768
-0.001540504414
0.008828755672
0.009618508606
-0.0500171193
-0.0489111014
-0.04791133027
-0.04680241056
-0.04701084956
-0.04893931947
-0.05265132434
-0.05792904284
-0.06430486356
-0.07103692621
-0.07708379054
-0.08110112394
-0.0815042334
-0.07661365181
-0.06500290295
-0.04599045375
-0.02080993923
0.006662880083
0.02572144229
0.03431808894
-0.0617532912
-0.05845247596
-0.05550805367
-0.05224432389
-0.05086758393
-0.05185120955
-0.05521373007
-0.06063323036
-0.06751560558
-0.07496233332
-0.08176127479
-0.0863524509
-0.08689473952
-0.08133410945
-0.06781922915
-0.04492683748
-0.01325125321
0.02485273328
0.05593054314
0.07759104082
-0.07852666371
-0.06959931965
-0.06286025182
-0.05604807165
-0.05227901844
-0.0518372839
-0.05453626704
-0.0598284297
-0.06690532788
-0.07466814865
-0.08168608264
-0.08615806629
-0.08597849676
-0.07871395607
-0.06207280299
-0.03405447613
0.005311675992
0.05836291283
0.1055996256
0.1477750335
-0.1092164647
-0.08475932587
-0.07078683129
-0.05834169432
-0.05125146969
-0.04897120206
-0.05080430873
-0.0558066685
-0.0628527346
-0.07058057191
-0.07731935833
-0.08102359775
-0.07936912536
-0.06927234118
-0.04817763069
-0.01311882224
0.03756916002
0.1064066506
0.1773085618
0.2557701685
-0.1674944004
-0.09912747452
-0.07455867272
-0.05454588808
-0.04433078629
-0.04102755693
-0.04274938526
-0.04798354394
-0.05528486096
-0.06308187621
-0.06953518258
-0.07242602817
-0.0690088851
-0.05648217085
-0.0310459518
0.01145973612
0.07483408521
0.1655207812
0.2752762267
0.4368665646
-0.3975081992
-0.1373981736
-0.07462113538
-0.04697325655
-0.03341973025
-0.0296477873
-0.03202118673
-0.03805623445
-0.04600298844
-0.05419846263
-0.06077965589
-0.06353482379
-0.05988922653
-0.04637590927
-0.01867354758
0.02958282214
0.1063001635
0.2326280408
0.4190565492
0.7792292134
)


// ************************************************************************* //
