/*--------------------------------*- C++ -*----------------------------------*\
  =========                 |
  \\      /  F ield         | OpenFOAM: The Open Source CFD Toolbox
   \\    /   O peration     | Website:  https://openfoam.org
    \\  /    A nd           | Version:  13
     \\/     M anipulation  |
\*---------------------------------------------------------------------------*/
FoamFile
{
    format      ascii;
    class       scalarField;
    location    "21.71";
    object      p_all;
}
// * * * * * * * * * * * * * * * * * * * * * * * * * * * * * * * * * * * * * //


400
(
1.689800537e-06
-0.0005454001981
-0.0008873117726
-0.001014669036
-0.0009357121328
-0.0006827760391
-0.0002934111822
0.0001963893476
0.0007500848539
0.001327187765
0.001882076534
0.002361921098
0.002711341358
0.002877243409
0.002818088872
0.002515876322
0.001991059395
0.001300764921
0.0006419913036
4.619368454e-05
0.0005899237265
8.797048896e-06
-0.0003548007436
-0.0004969920552
-0.0004662199667
-0.0002890582992
5.127816248e-06
0.0003870684565
0.000825354333
0.001282705554
0.001719270665
0.002083906152
0.00232625924
0.002398977786
0.002268190043
0.00192511099
0.001396470277
0.0007473038998
0.0001498052467
-0.0005127926149
0.000954029567
0.0003098133161
-9.129628814e-05
-0.0002374904041
-0.000231222261
-0.0001025811041
0.0001243832826
0.0004283895419
0.0007857205669
0.00116439132
0.001532530028
0.001836069823
0.002025071797
0.002050823779
0.001878194012
0.001497357337
0.0009322767687
0.0002394934415
-0.0004588329792
-0.001295672603
0.0009776597059
0.0002597061607
-0.0001903866186
-0.0003425513564
-0.0003516551349
-0.0002544914001
-7.171818687e-05
0.0001840555299
0.0004992855093
0.0008537265437
0.001206243426
0.001513868168
0.001715822011
0.001751585758
0.001572298416
0.001154570113
0.0005102087506
-0.0003140643071
-0.001229221127
-0.002379807066
0.0004820372862
-0.0002832264595
-0.0007619510519
-0.0009135069757
-0.0009343567863
-0.0008657155188
-0.0007225698972
-0.0005053999429
-0.0002139402445
0.0001425535487
0.0005336589042
0.0009111038292
0.001203676157
0.001330504603
0.001215190148
0.000804543597
8.451081228e-05
-0.0009128597908
-0.002122627665
-0.003650865872
-0.0006845876828
-0.001465174663
-0.001954031806
-0.002104905359
-0.002147462014
-0.002123841061
-0.002039154384
-0.001876224727
-0.001613833072
-0.001241571984
-0.000774979274
-0.0002585887348
0.0002249895477
0.0005659433078
0.0006423849201
0.0003462055718
-0.0003881774605
-0.001558990328
-0.003129519147
-0.00513643525
-0.002659612458
-0.003421174415
-0.003912858083
-0.004078018545
-0.004175093246
-0.004243787694
-0.004274404787
-0.004224944878
-0.004042978831
-0.003684741717
-0.003135697571
-0.002421594807
-0.00162831856
-0.0008982631548
-0.0004196783036
-0.0003935354004
-0.0009830015908
-0.00225516549
-0.004227056617
-0.006822267637
-0.005552163556
-0.006266987618
-0.006765106691
-0.006978795948
-0.007191805186
-0.007439230006
-0.00769240988
-0.007876944572
-0.007896432186
-0.007654503997
-0.007081018575
-0.006153082228
-0.004937393736
-0.003598670954
-0.002407937943
-0.001708693636
-0.001837459322
-0.00300920513
-0.00536240499
-0.008655816204
-0.009431575987
-0.01007786104
-0.01059456905
-0.01090650571
-0.01132142896
-0.01187070326
-0.01250540434
-0.01311310275
-0.01354065118
-0.01361574161
-0.0131745657
-0.01211315123
-0.01042020775
-0.008249064216
-0.005949259236
-0.004055258626
-0.003183837405
-0.003836850956
-0.006420105742
-0.01048493913
-0.01431242517
-0.01487142777
-0.01541825955
-0.01587715428
-0.0165844171
-0.01757379762
-0.01877981908
-0.02005111867
-0.02116886603
-0.02186434493
-0.02184777397
-0.02086258092
-0.01876244944
-0.01561108832
-0.01178670275
-0.008029662349
-0.005352825991
-0.004753452321
-0.007174500018
-0.01197231383
-0.02014898493
-0.0205993012
-0.0211693431
-0.02179096363
-0.02284567642
-0.02438307592
-0.02633096894
-0.02850438272
-0.03061747269
-0.03229276882
-0.03308415932
-0.03252955542
-0.03027159853
-0.02616835649
-0.02051533898
-0.01419527504
-0.008683755435
-0.005719474218
-0.007212383303
-0.01245942633
-0.0268501366
-0.027156075
-0.02769639763
-0.02841642111
-0.02978195012
-0.03188098668
-0.03464973744
-0.03787946334
-0.04122284696
-0.04419332845
-0.04617608965
-0.04646681153
-0.04445143112
-0.0396490032
-0.03211083037
-0.02268952991
-0.01325833577
-0.006478542891
-0.005801739897
-0.01075846586
-0.03432779159
-0.03441147646
-0.03478278457
-0.03539752512
-0.03688418865
-0.03940144865
-0.04291047227
-0.047187107
-0.05182865484
-0.05624641505
-0.05966758283
-0.06117889985
-0.05976806331
-0.05464503809
-0.04543117121
-0.03269072821
-0.01844504251
-0.00623870347
-0.001667397738
-0.004867412743
-0.04260248857
-0.04227241263
-0.04218873344
-0.04228884831
-0.04350605285
-0.04610791775
-0.05009015768
-0.05521001293
-0.06100397411
-0.06678470893
-0.07162868443
-0.07440200113
-0.07382228534
-0.06866548023
-0.05806343593
-0.04205411651
-0.02243306002
-0.003250880962
0.007352797309
0.00834665095
-0.05200288988
-0.05075394858
-0.04967102254
-0.04857211217
-0.0489196174
-0.05111233607
-0.05516409938
-0.06078660691
-0.06742527034
-0.07427942451
-0.08027255654
-0.08406668817
-0.08412211852
-0.07883009685
-0.06683637742
-0.04751774572
-0.02212232478
0.005506545884
0.02471976544
0.03353127694
-0.06364877032
-0.06018252664
-0.05709108566
-0.05375832437
-0.0524592775
-0.05367334364
-0.05735719851
-0.06312979591
-0.07025352881
-0.07779184132
-0.08448392377
-0.08877802592
-0.08889168561
-0.0828341968
-0.06884648503
-0.04561732417
-0.01374858196
0.02441975761
0.05554236907
0.07735830722
-0.08018000378
-0.0710690766
-0.06411594748
-0.05716063042
-0.05342669165
-0.05321017751
-0.05625301973
-0.06190713907
-0.06925160682
-0.07710943146
-0.0840051048
-0.0881454997
-0.08747515669
-0.07965255257
-0.06247682252
-0.03404880714
0.005565413201
0.05859594434
0.1058243689
0.1480689617
-0.1105024
-0.08585023128
-0.07160299539
-0.05896854089
-0.05191090562
-0.04987993219
-0.05209870609
-0.0575038232
-0.06485389281
-0.0727025369
-0.07933432653
-0.08270858172
-0.08051584905
-0.06988413267
-0.04823064819
-0.01272182218
0.03823623964
0.1071323048
0.177978854
0.2564766188
-0.1684335676
-0.09990525511
-0.07500625308
-0.054796444
-0.04461750681
-0.04158330288
-0.04371483441
-0.04937764633
-0.05701245826
-0.06496568038
-0.07135678465
-0.07397583153
-0.07012578655
-0.05701090701
-0.03102694988
0.01192993991
0.07559938669
0.166403944
0.2761616754
0.4377040668
-0.3984249553
-0.1380966936
-0.07496873764
-0.04708737783
-0.03354841069
-0.0300285314
-0.03279967232
-0.03926136817
-0.04755427334
-0.05593439219
-0.06249552738
-0.06502525738
-0.06099157351
-0.04696675223
-0.01875488171
0.02993638536
0.1069558773
0.2334271482
0.4198800243
0.7800232814
)


// ************************************************************************* //
