/*--------------------------------*- C++ -*----------------------------------*\
  =========                 |
  \\      /  F ield         | OpenFOAM: The Open Source CFD Toolbox
   \\    /   O peration     | Website:  https://openfoam.org
    \\  /    A nd           | Version:  13
     \\/     M anipulation  |
\*---------------------------------------------------------------------------*/
FoamFile
{
    format      ascii;
    class       vectorField;
    location    "21.71";
    object      U_all;
}
// * * * * * * * * * * * * * * * * * * * * * * * * * * * * * * * * * * * * * //


400
(
(1.081149376e-05 -3.790800398e-05 0)
(-0.0006662183051 0.0004129768768 -1.539875282e-23)
(-0.002185084262 0.0009202344279 0)
(-0.004047144026 0.001312532574 0)
(-0.005970777653 0.001534768149 6.824740029e-25)
(-0.007761338486 0.001569543432 4.153668762e-24)
(-0.009282827455 0.001423293117 -7.307280349e-24)
(-0.01043405483 0.001119519798 7.599326542e-24)
(-0.0111348792 0.0006959673425 -2.100976384e-25)
(-0.01132525399 0.000203056663 -4.003158532e-24)
(-0.01097011659 -0.0003001673247 5.81292675e-24)
(-0.01007098062 -0.0007473869292 -5.93718897e-23)
(-0.008678914968 -0.001075404573 -6.560792763e-23)
(-0.006902299575 -0.001232897881 -7.793003093e-23)
(-0.004910573596 -0.001192541231 4.579267005e-24)
(-0.002927379152 -0.0009618982955 -4.144076309e-24)
(-0.001205639533 -0.0005912701198 -2.003017894e-22)
(-1.943840011e-05 -0.000170000166 0)
(0.0005178888313 0.0001719429428 1.528935374e-25)
(0.0002226833747 0.0003058849752 -2.805410813e-24)
(-0.0002633961219 0.000828710434 1.391369962e-25)
(-0.002702853286 0.003383131325 1.54947998e-23)
(-0.006905871462 0.005603301443 1.537577022e-25)
(-0.01194978465 0.007006702879 -8.455983891e-25)
(-0.01713137355 0.00755217676 1.156238594e-24)
(-0.02197067825 0.007292706147 1.300208786e-23)
(-0.02610530775 0.006320678065 1.455129101e-24)
(-0.02925971114 0.004753383797 -7.349319387e-24)
(-0.03122064332 0.00273682467 1.018707045e-23)
(-0.03183611133 0.0004525718619 4.519828394e-24)
(-0.03102222858 -0.001883512763 -6.329016096e-24)
(-0.0287885733 -0.00402204474 2.959244042e-24)
(-0.02526777944 -0.00570717499 3.89960369e-23)
(-0.0207294245 -0.006706222329 -1.957668609e-24)
(-0.0155881494 -0.006853133478 3.760533643e-24)
(-0.01038454574 -0.006096792561 -9.762919348e-23)
(-0.005730307574 -0.004545933632 9.660179064e-23)
(-0.002233688173 -0.002507558963 -3.999707482e-25)
(-0.0001820714009 -0.0005027599918 4.100580599e-25)
(8.339138568e-05 0.0006096175281 0)
(-0.0004187371737 0.002934449105 -2.918139436e-25)
(-0.004646830812 0.008802046391 1.712606297e-23)
(-0.0113693266 0.01323741737 -8.176115967e-24)
(-0.01932280944 0.01578848226 -2.05658755e-25)
(-0.02746780622 0.01652636961 2.020382685e-25)
(-0.03510986228 0.01564113824 8.88545674e-27)
(-0.04170426587 0.01335739524 -1.285502349e-24)
(-0.04682573578 0.009918139955 -4.593984153e-25)
(-0.05013962329 0.005601897101 -1.066697845e-23)
(-0.05140226418 0.0007450095347 0)
(-0.05046857921 -0.004240185898 0)
(-0.04732885639 -0.008884796896 2.675269801e-23)
(-0.04215252478 -0.0126788963 2.817224799e-23)
(-0.03530924088 -0.01513307357 -1.649196784e-24)
(-0.02738645491 -0.01585920608 4.85651544e-23)
(-0.01916800958 -0.01467128708 9.440572507e-23)
(-0.01155999516 -0.01169241 3.999172348e-23)
(-0.005465205019 -0.007450439173 4.219660446e-25)
(-0.00145118517 -0.002936397703 1.033126929e-25)
(-9.072810193e-05 0.000225426888 0)
(-0.0005023313467 0.006043975189 -4.257804359e-23)
(-0.006401171075 0.01636693507 -1.702808278e-23)
(-0.01553125051 0.02355383769 8.10300306e-24)
(-0.02627283165 0.02743533508 0)
(-0.03727871732 0.02831475242 0)
(-0.04767945317 0.02658216693 0)
(-0.05678399999 0.022626898 -4.68995725e-26)
(-0.06404007739 0.01683342392 -2.096302703e-24)
(-0.06899655474 0.009621364844 0)
(-0.07129419543 0.001492117915 1.64603751e-24)
(-0.07069524999 -0.006933731705 2.809531688e-25)
(-0.06711843594 -0.01492603595 -2.817398308e-25)
(-0.06068886246 -0.02166223125 0)
(-0.05179935742 -0.02631070144 4.143599091e-23)
(-0.04114391081 -0.02815568201 -4.691926274e-23)
(-0.02971573181 -0.02676961322 -2.773984528e-23)
(-0.01873492736 -0.02221254273 -3.98470391e-23)
(-0.009487053126 -0.01521795116 7.794158561e-25)
(-0.002976663829 -0.007298161989 9.762166044e-23)
(-0.0002318527402 -0.0008666036913 0)
(-0.0005314674204 0.0100926342 4.27852327e-23)
(-0.007981632372 0.02594603447 4.768179714e-25)
(-0.01939220963 0.03642028355 -4.659276537e-25)
(-0.03281610133 0.04184564577 0)
(-0.04663618635 0.04288546551 7.762252044e-25)
(-0.05983895522 0.04019250184 -7.654625341e-25)
(-0.07161746581 0.03434107232 3.664566692e-23)
(-0.08131061038 0.02585270518 1.839945081e-23)
(-0.08834837204 0.01527173364 6.21444599e-24)
(-0.09223706463 0.003247616095 -1.647955162e-24)
(-0.09258688956 -0.00940383409 0)
(-0.08916001635 -0.0216686928 4.386252321e-25)
(-0.08194617653 -0.03235991531 1.0146633e-23)
(-0.07125757408 -0.04020431942 -4.360310163e-23)
(-0.05781147652 -0.04401252407 1.939977169e-24)
(-0.04277970184 -0.0429414659 4.241443346e-23)
(-0.02775073282 -0.03682845167 -3.88090393e-25)
(-0.01454874891 -0.02652434884 0)
(-0.004858878699 -0.01408365859 5.434964064e-23)
(-0.0003640845978 -0.002847172052 -2.561889143e-22)
(-0.0005270896858 0.01499571163 9.82976392e-23)
(-0.009375756223 0.03738139771 -4.899200292e-25)
(-0.02287665023 0.05169027714 0)
(-0.0388218568 0.05892865595 0)
(-0.0553746662 0.06024293573 -8.724315897e-23)
(-0.07141390153 0.05660782395 -8.49078661e-23)
(-0.08604926644 0.04879306833 -4.05904141e-23)
(-0.09853185005 0.03743439391 -1.500171071e-23)
(-0.1081745275 0.02315798189 -5.347249107e-24)
(-0.1143242443 0.006711428571 -8.160291129e-24)
(-0.1163849238 -0.01092779023 6.584940319e-24)
(-0.113875289 -0.02848144393 8.796101829e-24)
(-0.1065321403 -0.04436033751 -1.891402737e-23)
(-0.09445392024 -0.05674206896 4.477373673e-24)
(-0.07825727966 -0.06377170269 0)
(-0.05922068031 -0.06392482523 -1.58576904e-23)
(-0.03933447326 -0.05653022411 -2.009741379e-26)
(-0.02113907054 -0.04235300142 0)
(-0.0073177347 -0.02398007592 -1.517636597e-22)
(-0.0005215174902 -0.005925366491 6.049648019e-22)
(-0.0004989874849 0.02064093432 -9.762822974e-23)
(-0.01052735287 0.05044279195 2.830424846e-22)
(-0.02582436551 0.0691096516 1.526048079e-22)
(-0.04401269642 0.07847569761 3.616719341e-24)
(-0.06309528096 0.08027844725 -7.31744706e-23)
(-0.08188885478 0.07586620691 9.034673368e-23)
(-0.09945988657 0.06620590169 -3.587155785e-24)
(-0.1150030799 0.05200991331 -1.727322667e-24)
(-0.1277310603 0.03392092084 2.521336365e-24)
(-0.1368259358 0.01270411981 7.368892991e-24)
(-0.1414499963 -0.01058181319 -6.485544312e-24)
(-0.1408047456 -0.0344505501 -9.75445118e-24)
(-0.1342561882 -0.05691515745 -3.261033702e-23)
(-0.1215289084 -0.07551882326 -3.639858684e-23)
(-0.1029539778 -0.08752780262 5.601758913e-25)
(-0.07975361107 -0.09037828377 0)
(-0.05426004792 -0.08243373105 0)
(-0.02986788559 -0.06396945554 -2.901078884e-24)
(-0.01066149891 -0.03798391719 2.965417577e-24)
(-0.0007349643754 -0.01050011178 1.027635581e-22)
(-0.0004478771409 0.0268665289 0)
(-0.01134733224 0.06479338498 2.001555444e-22)
(-0.02801130025 0.08827739481 8.960412418e-23)
(-0.04799063508 0.1001031134 0)
(-0.06919485112 0.1026880213 1.568939064e-22)
(-0.0904296218 0.0977986767 0)
(-0.1107665903 0.08659772122 -1.427622221e-22)
(-0.1293909093 0.06983083168 6.511343235e-24)
(-0.1454574336 0.04807873321 0)
(-0.158014827 0.02201914251 0)
(-0.1659930089 -0.007327908921 -1.373078379e-24)
(-0.1682474598 -0.03837744411 -9.303374663e-25)
(-0.1636880225 -0.06882521136 1.490216026e-22)
(-0.1515042919 -0.09556573244 -4.703516676e-23)
(-0.1314993314 -0.1148117675 -2.5557371e-24)
(-0.1045484728 -0.1225528272 1.529693993e-24)
(-0.07308569979 -0.1155366483 -1.553823823e-24)
(-0.04134573843 -0.09281997755 0)
(-0.01525059122 -0.05740140945 3.200943332e-24)
(-0.00104414997 -0.01714555468 -1.012156516e-21)
(-0.0003744962746 0.03345610719 0)
(-0.01174866055 0.07997283841 -1.127552934e-22)
(-0.02920344728 0.1086175293 -6.188917854e-22)
(-0.05031114333 0.1232000496 -3.754006213e-22)
(-0.07295415351 0.1268872485 0)
(-0.09597808912 0.1219059982 4.117813441e-22)
(-0.1185137398 0.1096195886 1.260248188e-22)
(-0.1397994252 0.0907723653 -5.578928275e-24)
(-0.1590058454 0.065809475 5.551315579e-24)
(-0.1751291997 0.03521006868 0)
(-0.1869389612 -0.0001900226158 2.910650639e-23)
(-0.1930005228 -0.03888587295 4.692498925e-24)
(-0.1917649729 -0.07842306443 -1.075814573e-22)
(-0.1817725953 -0.1151676216 7.994856432e-23)
(-0.1620438836 -0.1442392916 -2.417602611e-22)
(-0.1326953128 -0.1598341711 0)
(-0.09577082852 -0.1562925865 0)
(-0.05601143405 -0.1302835249 0)
(-0.0214765957 -0.08380255313 0)
(-0.001500196551 -0.02665258283 5.568238709e-22)
(-0.0002874951969 0.04015323062 0)
(-0.01169290456 0.09541830964 -3.491849427e-22)
(-0.0292423061 0.1293838428 8.93009179e-22)
(-0.05060559869 0.1469044446 3.615921953e-22)
(-0.07369506527 0.1519503932 0)
(-0.09744400937 0.1472545 -3.861016677e-22)
(-0.1210980488 0.1344025745 -3.173204437e-23)
(-0.144022495 0.1141282997 3.331899807e-22)
(-0.1655036775 0.08669504 1.76881985e-22)
(-0.1846138753 0.05229222551 -4.058647785e-23)
(-0.2001215154 0.01142385642 1.656549139e-23)
(-0.2104512492 -0.03470241101 -8.261184921e-24)
(-0.2137100387 -0.08374942685 3.370427064e-22)
(-0.2078110528 -0.1318559756 0)
(-0.1908139414 -0.1732536683 2.418770599e-22)
(-0.1616247176 -0.2002366351 5.768281116e-24)
(-0.1211591349 -0.2039907395 -5.854303286e-24)
(-0.07384515714 -0.1771943496 1.546364181e-22)
(-0.02971574552 -0.1188528549 -5.429234363e-24)
(-0.002179332431 -0.04005028556 0)
(-0.0002118977299 0.04670869262 0)
(-0.01125016922 0.1105314602 0)
(-0.02815608047 0.1497111103 -5.021334163e-22)
(-0.04874395579 0.1701252723 -1.880490338e-23)
(-0.07099921767 0.1766002776 2.03776932e-23)
(-0.09399211512 0.1724305961 -2.013709009e-23)
(-0.1171404842 0.1594699955 -2.316126725e-23)
(-0.140014727 0.1384692579 -3.028721238e-22)
(-0.1621296348 0.1095110064 6.697789469e-23)
(-0.182792771 0.07245286902 4.511481757e-23)
(-0.2009805545 0.02735589903 -4.575964514e-23)
(-0.2152240276 -0.02507541432 0)
(-0.2235529787 -0.08296778946 -7.833473982e-23)
(-0.2234594673 -0.1427066307 0)
(-0.2120635573 -0.1981604752 -3.738107469e-22)
(-0.1867386026 -0.2400543826 5.242350139e-22)
(-0.1464390804 -0.2560546956 0)
(-0.09394192205 -0.2331012192 -1.49197289e-22)
(-0.04021803041 -0.1639477435 1.935462874e-22)
(-0.003200874373 -0.0586057788 -3.40945104e-22)
(-0.000201779913 0.05296848575 0)
(-0.01067367932 0.1247993734 9.180915203e-22)
(-0.02628638282 0.1687184429 -2.440125327e-23)
(-0.04501358811 0.1916192829 9.191320807e-22)
(-0.0649488887 0.1992669132 -2.511475188e-23)
(-0.08536955298 0.1955887175 2.83809038e-23)
(-0.1059342543 0.1827720675 -2.812183317e-23)
(-0.1264966506 0.1616477019 -1.66046243e-23)
(-0.1469045451 0.1321717629 -5.258809423e-22)
(-0.166851275 0.09389788232 -8.904204035e-24)
(-0.1857361612 0.04641239801 9.657646386e-24)
(-0.2024840932 -0.01022684766 3.312337088e-22)
(-0.2154209034 -0.07498363991 -5.81922774e-22)
(-0.2220252745 -0.1450137834 0)
(-0.2188058433 -0.2146563954 8.884547543e-22)
(-0.2016264572 -0.273980333 -4.938439724e-22)
(-0.1668629436 -0.3075593457 -1.571441483e-23)
(-0.1140201968 -0.2953609901 0)
(-0.05288337114 -0.219565222 -1.888131708e-22)
(-0.004748973146 -0.08376691368 3.358544869e-22)
(-0.0003644820041 0.0590166568 1.550695336e-23)
(-0.01049765781 0.1379718258 -8.762333015e-22)
(-0.02441784057 0.1856580541 -1.156847882e-21)
(-0.04027306551 0.2101138121 -8.627093926e-22)
(-0.05631474269 0.2182111639 0)
(-0.07215743837 0.2145987206 3.513014226e-23)
(-0.08780238519 0.2018639521 -7.293212811e-23)
(-0.1034676604 0.1809912214 5.866549799e-23)
(-0.1194108696 0.1518963835 3.020621103e-22)
(-0.1358065309 0.1139172482 -1.127947129e-23)
(-0.1526221676 0.06622110221 0)
(-0.1694660855 0.008187661326 -3.603112408e-22)
(-0.1852893437 -0.0601467536 7.514224789e-22)
(-0.1980567075 -0.1372596637 8.830213659e-22)
(-0.2043642176 -0.2189096066 -5.295226664e-22)
(-0.1991044295 -0.2959533082 5.161506527e-22)
(-0.176064077 -0.3513882222 1.077547987e-23)
(-0.1300899645 -0.358396395 -1.094852032e-23)
(-0.06688755274 -0.2843125235 -8.233731051e-23)
(-0.007083158693 -0.1169899211 0)
(-0.0009098867314 0.06539518546 -1.911154152e-23)
(-0.01167855605 0.1502678255 -1.326759519e-21)
(-0.02389452348 0.2000464575 1.094038786e-21)
(-0.036022146 0.2243998203 6.733860745e-22)
(-0.04658455292 0.2316376569 6.013645065e-22)
(-0.05578418699 0.2272213529 6.642810514e-22)
(-0.06412819283 0.2141642422 -4.457820136e-23)
(-0.07229292976 0.1936417991 -3.460733834e-22)
(-0.08098825975 0.165600801 2.151796697e-22)
(-0.09089125071 0.1292737567 0)
(-0.1025744212 0.08353790737 0)
(-0.116381697 0.02721006755 2.65504419e-22)
(-0.1321776197 -0.04060837351 8.195295498e-23)
(-0.1489423439 -0.1200002563 -2.820893605e-22)
(-0.1641431463 -0.2089169349 -5.410485992e-23)
(-0.1727992423 -0.3006854246 1.30211083e-22)
(-0.1670388021 -0.3793180859 -3.399556243e-22)
(-0.1365330385 -0.4136298575 -1.602066367e-23)
(-0.08018331391 -0.3538189922 8.222478564e-23)
(-0.01050757592 -0.1594064609 -6.033530354e-22)
(-0.002260807911 0.0734852327 0)
(-0.01580667396 0.1626416391 2.145562957e-21)
(-0.02665738065 0.2117748152 0)
(-0.03423430105 0.2333766364 -1.351614269e-21)
(-0.03760847758 0.2377589259 6.184980897e-23)
(-0.03801435605 0.2312402062 -6.192020711e-22)
(-0.03670244269 0.2171788915 -4.755550565e-22)
(-0.03491177198 0.1968875267 8.299902487e-22)
(-0.03381078592 0.1703332607 -1.885374652e-22)
(-0.03452150202 0.1367255659 0)
(-0.03813825824 0.09480365829 0)
(-0.04567174602 0.04305205563 2.411104029e-23)
(-0.05792872616 -0.02012752455 -6.006477617e-22)
(-0.07516503673 -0.09619613157 -4.309048331e-22)
(-0.09646856818 -0.1855455831 4.637477646e-22)
(-0.1183601083 -0.2853469435 -6.487726754e-22)
(-0.1332817733 -0.3838283711 9.11661544e-23)
(-0.1265411346 -0.4504250018 2.945972328e-23)
(-0.08899362648 -0.4198429308 5.660947227e-22)
(-0.01526929726 -0.2111660347 6.022160513e-22)
(-0.005181165413 0.08597864656 0)
(-0.02525870031 0.1766222974 1.465656987e-22)
(-0.03484145656 0.2205849689 -4.916574818e-23)
(-0.03641196731 0.2354723064 7.641940477e-22)
(-0.03020076901 0.2343268916 -7.004417526e-22)
(-0.01918516303 0.2241484405 4.745829436e-23)
(-0.00563680608 0.2083438931 -1.018548385e-22)
(0.008546460856 0.1881194438 -3.389370667e-22)
(0.02177497143 0.1633905829 2.062560418e-22)
(0.03260421242 0.1333274361 0)
(0.03956187812 0.09664690218 0)
(0.04114881094 0.0517484057 -2.902362891e-22)
(0.03576506639 -0.003246910825 0)
(0.02196386733 -0.07057528452 -5.511844179e-22)
(-0.00128072698 -0.1525660245 -1.491082258e-23)
(-0.03311806537 -0.2505883064 2.559442291e-23)
(-0.06910303533 -0.3599277134 2.202546262e-22)
(-0.09228526048 -0.4575361752 4.790858796e-24)
(-0.08718374332 -0.4698059099 -5.789958459e-22)
(-0.0210315685 -0.2698926401 0)
(-0.01111645603 0.1085973324 0)
(-0.04249162848 0.1947119455 -8.84758656e-22)
(-0.04796175088 0.225812878 -5.410634561e-22)
(-0.03920613485 0.2282045325 4.543453553e-22)
(-0.01879320775 0.2182231539 -1.710289426e-24)
(0.007645922048 0.2028133124 -4.560569655e-23)
(0.03665910187 0.1847554579 5.695961597e-22)
(0.06580773252 0.1647080417 -2.766549257e-23)
(0.09324862826 0.1423121645 -2.069514759e-22)
(0.1173670457 0.1166297152 3.141870694e-23)
(0.1365253166 0.08641595173 -3.425590681e-23)
(0.148947795 0.0501826868 -3.690315263e-23)
(0.1525105348 0.006165767481 3.205421637e-22)
(0.1449218619 -0.04795494372 6.119232248e-22)
(0.1235031792 -0.1152998825 -5.100884588e-22)
(0.08632478472 -0.2004153216 -1.615963156e-22)
(0.03198167128 -0.3067773805 1.531338277e-22)
(-0.02362782301 -0.423980418 7.293806069e-23)
(-0.06492681221 -0.4871575301 1.913301716e-21)
(-0.02510008603 -0.3291515417 2.955002934e-21)
(-0.02004670906 0.1460736157 -4.389964467e-23)
(-0.06416526295 0.2112950339 4.417135696e-23)
(-0.05070615879 0.2177271244 1.000125687e-21)
(-0.01934819279 0.2014630907 -8.262329647e-24)
(0.02413384369 0.1809017814 0)
(0.07152711594 0.1606876916 4.363279523e-23)
(0.1190537336 0.141645045 -2.273595113e-22)
(0.1644585541 0.1233153649 -9.026886305e-23)
(0.2062063549 0.1048109129 3.680293608e-23)
(0.2429459431 0.08507251426 -1.701471968e-23)
(0.2732036054 0.06296418383 3.429643603e-23)
(0.2952383217 0.03726670885 -6.592153472e-23)
(0.3066838011 0.006539289868 -9.303249471e-23)
(0.3049626156 -0.03087363605 1.516963986e-22)
(0.286384503 -0.07785953889 0)
(0.2470495429 -0.1399277094 1.505511467e-22)
(0.1810863426 -0.2266289178 2.559994251e-22)
(0.09604010938 -0.3443881969 0)
(-0.006699862614 -0.4552196381 -3.675647127e-21)
(-0.01922444983 -0.3777524774 -2.892631773e-21)
(-0.02591924398 0.2276838012 -9.514058621e-22)
(-0.03998281804 0.2238222879 -1.388921436e-22)
(0.03656089137 0.1810579755 -2.335427615e-22)
(0.1090478898 0.1451041572 -1.193652986e-22)
(0.181714154 0.1172420272 -4.295576462e-23)
(0.2490014008 0.09627640681 9.782229034e-23)
(0.3100236412 0.08002282574 -1.408433433e-22)
(0.3646092041 0.06656662959 1.297022846e-22)
(0.4126126411 0.054491229 -8.619096329e-23)
(0.4536124221 0.04270936203 1.132153911e-25)
(0.4867760474 0.03032421452 1.52760488e-23)
(0.5107346981 0.01653079952 7.996559437e-23)
(0.5236511375 0.0005384072033 -1.811005743e-22)
(0.5231732438 -0.01863189248 -1.617065708e-22)
(0.5052275262 -0.04286330546 -4.262609017e-23)
(0.4658681214 -0.07633138114 0)
(0.3952671978 -0.1286086475 -1.846477789e-22)
(0.2916052582 -0.2208467271 8.148757756e-22)
(0.1197443913 -0.352501614 1.631601585e-21)
(0.02670518938 -0.377549631 2.172655587e-21)
(0.2142897278 0.134744998 9.864827443e-22)
(0.2776319941 0.09870539171 0)
(0.431660206 0.05810431544 -2.594208461e-22)
(0.5304753403 0.03846259297 -1.741575852e-22)
(0.601695834 0.0262339671 0)
(0.6571177384 0.01831895126 -6.008514303e-23)
(0.7015178663 0.01313576588 6.377244787e-23)
(0.7375997548 0.009541994072 -1.799913413e-23)
(0.7669318265 0.006804481623 2.885596196e-23)
(0.790205667 0.004464911777 2.314755169e-23)
(0.8074509977 0.002221606434 0)
(0.818258483 -0.0001497153281 -2.872783092e-23)
(0.8216473737 -0.002723470922 0)
(0.8162379149 -0.00571238438 2.737915429e-23)
(0.799132677 -0.009611215738 1.421590648e-23)
(0.7679985735 -0.01500250652 -5.79945944e-23)
(0.7106557355 -0.02502527406 -2.535659848e-22)
(0.6235185005 -0.04204294157 -6.918097249e-22)
(0.4230090915 -0.09182977136 0)
(0.2705674418 -0.1524022252 -2.119483459e-21)
)


// ************************************************************************* //
