/*--------------------------------*- C++ -*----------------------------------*\
  =========                 |
  \\      /  F ield         | OpenFOAM: The Open Source CFD Toolbox
   \\    /   O peration     | Website:  https://openfoam.org
    \\  /    A nd           | Version:  13
     \\/     M anipulation  |
\*---------------------------------------------------------------------------*/
FoamFile
{
    format      ascii;
    class       vectorField;
    location    "12.36";
    object      U_all;
}
// * * * * * * * * * * * * * * * * * * * * * * * * * * * * * * * * * * * * * //


400
(
(9.703103357e-06 -3.554162705e-05 0)
(-0.0006629956296 0.0004108425872 -1.525660554e-23)
(-0.002167192767 0.0009122846145 0)
(-0.004010266395 0.001299983243 0)
(-0.005914104529 0.001519599277 6.58419725e-25)
(-0.007686866951 0.001553956822 4.125434648e-24)
(-0.009194482816 0.001409384991 -6.432130789e-24)
(-0.0103371086 0.001109015425 8.547188245e-24)
(-0.01103548494 0.000690002589 -2.185186115e-25)
(-0.01122989353 0.0002019860328 -4.137455896e-24)
(-0.01088512036 -0.0002967427792 5.970317684e-24)
(-0.01000184046 -0.0007407064083 -6.074242798e-23)
(-0.008629451132 -0.00106726734 -6.720653007e-23)
(-0.006874081509 -0.001225386552 -7.973000141e-23)
(-0.004902454507 -0.001187588669 4.70725241e-24)
(-0.002935360742 -0.0009608352038 -4.293584615e-24)
(-0.001223550662 -0.0005943690241 -2.114985267e-22)
(-3.877446406e-05 -0.0001761307783 0)
(0.0005040806395 0.0001645158109 2.084169986e-25)
(0.0002191558668 0.0003010023548 -1.01249991e-23)
(-0.0002607099964 0.0008243238103 1.362889507e-25)
(-0.002674727169 0.00335082068 1.535276158e-23)
(-0.006830555306 0.005544340631 1.518930167e-25)
(-0.01181755327 0.006931033545 -8.178547822e-25)
(-0.01694171076 0.007470972617 1.110136457e-24)
(-0.02172989814 0.007216472223 1.224189854e-23)
(-0.0258247818 0.006258349976 2.240674091e-24)
(-0.02895430993 0.004711736041 -8.275029975e-24)
(-0.03090736561 0.002719906586 1.071210676e-23)
(-0.03153248748 0.0004611533204 4.674449229e-24)
(-0.03074501704 -0.001850974555 -6.500954825e-24)
(-0.02855217627 -0.003971296464 2.865054572e-24)
(-0.02508235395 -0.005646378289 3.974540657e-23)
(-0.0205997109 -0.00664505236 -2.024255654e-24)
(-0.01551250752 -0.006801318687 3.904784162e-24)
(-0.0103547887 -0.006062312635 -1.033098164e-22)
(-0.005732697457 -0.004533128816 1.025637372e-22)
(-0.002250687468 -0.00251508107 -5.099722916e-25)
(-0.000197585899 -0.0005230675494 5.228350047e-25)
(8.109536231e-05 0.0005935339803 0)
(-0.0004131605418 0.002905579825 -2.857586984e-25)
(-0.004590344479 0.008704714594 1.653106798e-23)
(-0.01123147109 0.01308623384 -8.255565447e-24)
(-0.01909046447 0.01560795466 -1.965103898e-25)
(-0.02714195527 0.0163412188 1.930520035e-25)
(-0.03470128678 0.01547334422 2.999873758e-26)
(-0.0412311144 0.0132249017 -2.043049776e-24)
(-0.04631123215 0.009834075667 -5.128661106e-25)
(-0.04961003171 0.005573910601 -1.121713582e-23)
(-0.05088340438 0.0007747817513 0)
(-0.04998584721 -0.004158314464 0)
(-0.04690508808 -0.008761663189 2.75807914e-23)
(-0.04180369364 -0.01253065946 2.905456878e-23)
(-0.03504419156 -0.01497933075 -1.722027443e-24)
(-0.02720549756 -0.01572039634 5.126814667e-23)
(-0.01906250419 -0.01456538486 9.992095041e-23)
(-0.01151328328 -0.01163113497 4.661259765e-23)
(-0.005454865625 -0.007435278435 6.458060609e-25)
(-0.001455830125 -0.00295525145 -1.54984658e-26)
(-9.080305623e-05 0.000201877668 0)
(-0.0004949246791 0.005975748661 -4.132450115e-23)
(-0.006318855658 0.01617426334 -1.642917362e-23)
(-0.01533530534 0.02327483182 8.179576296e-24)
(-0.02594744816 0.02711461267 0)
(-0.0368266438 0.0279939215 0)
(-0.04711543169 0.0262967526 0)
(-0.05613163602 0.02240507929 -7.703620825e-26)
(-0.06332887137 0.01669529765 -1.439105483e-24)
(-0.06825922146 0.009578285821 0)
(-0.070565261 0.00154623461 1.863725115e-24)
(-0.07000697235 -0.006791251626 2.953038172e-25)
(-0.06649865982 -0.01471187049 -2.961307176e-25)
(-0.06016037416 -0.02140130561 0)
(-0.05137687779 -0.02603373014 4.408522266e-23)
(-0.04083254293 -0.02789568783 -4.954984299e-23)
(-0.02951000295 -0.02655720038 -3.112343045e-23)
(-0.01861902442 -0.02207002333 -4.658169743e-23)
(-0.009436686701 -0.01515283209 7.70172599e-25)
(-0.00296557158 -0.00729715917 8.880467952e-23)
(-0.0002304444382 -0.0008895364458 0)
(-0.0005236497156 0.009971924783 4.15260848e-23)
(-0.007879655132 0.02563237909 4.811476974e-25)
(-0.01915042493 0.03598406332 -4.701600233e-25)
(-0.03241629707 0.04135616862 0)
(-0.04608222719 0.04240351119 7.558141324e-25)
(-0.05914826383 0.0397681517 -7.453353029e-25)
(-0.07081721963 0.0340130796 3.528738123e-23)
(-0.08043435333 0.02564815943 1.687698066e-23)
(-0.08743317852 0.01520557966 5.667112513e-24)
(-0.09132147758 0.003322184557 -1.865896625e-24)
(-0.09170813329 -0.009198141788 0)
(-0.08835197694 -0.0213543341 4.778750258e-25)
(-0.08123782588 -0.03197000802 1.168834283e-23)
(-0.07067059644 -0.03978046991 -4.643322743e-23)
(-0.05735814217 -0.0436010402 2.136056844e-24)
(-0.04246087761 -0.04258763508 4.940170057e-23)
(-0.02755464204 -0.03656867115 -5.028103049e-25)
(-0.01445135156 -0.0263766368 0)
(-0.00482860391 -0.01403842629 5.348881875e-23)
(-0.0003607682275 -0.00285895936 -2.454931075e-22)
(-0.0005201298136 0.01481358599 9.818477203e-23)
(-0.009263056124 0.03692974625 -4.917166503e-25)
(-0.02260797475 0.0510774913 0)
(-0.03837682064 0.05825177752 0)
(-0.05475706419 0.05958311511 -8.601279434e-23)
(-0.0706419972 0.05602985852 -8.328465834e-23)
(-0.0851514339 0.04834600518 -3.908604555e-23)
(-0.09754290188 0.03715204076 -1.414427954e-23)
(-0.1071329081 0.02305903995 -4.859378491e-24)
(-0.1132699793 0.006799475776 -7.735376485e-24)
(-0.1153576165 -0.01066385836 6.103239864e-24)
(-0.1129124574 -0.02806754929 7.861984312e-24)
(-0.1056678141 -0.04383563097 -1.843962635e-23)
(-0.0937167237 -0.05615728092 4.515240809e-25)
(-0.07766789698 -0.06318570234 0)
(-0.05878879383 -0.0633987237 -1.968160456e-23)
(-0.03905552599 -0.05611806928 1.091933268e-25)
(-0.0209921166 -0.04208911697 0)
(-0.007267294619 -0.02386551511 -1.41991692e-22)
(-0.0005163584403 -0.005916530676 5.823215484e-22)
(-0.000493963531 0.02039411626 -9.751377713e-23)
(-0.01041505997 0.0498475805 2.808940495e-22)
(-0.02555326994 0.06831426517 1.512903447e-22)
(-0.04356056195 0.07760581108 3.573408427e-24)
(-0.06246461655 0.07943556599 -7.228126561e-23)
(-0.08109689339 0.07512923156 8.860268483e-23)
(-0.09853390299 0.06563331292 -3.514279363e-24)
(-0.1139765281 0.05164146385 -1.674101389e-24)
(-0.1266408077 0.03377868476 2.438401691e-24)
(-0.1357103643 0.0127931916 6.973394865e-24)
(-0.1403477823 -0.01027260438 -6.027620116e-24)
(-0.1397535815 -0.03394880291 -8.724858443e-24)
(-0.1332919613 -0.0562632153 -3.21144011e-23)
(-0.1206848046 -0.07477334578 -2.944406879e-23)
(-0.1022581192 -0.08675754146 4.172405438e-25)
(-0.07922550813 -0.08965932021 0)
(-0.05390543445 -0.08184013211 0)
(-0.02967312903 -0.06355796926 -2.731998735e-24)
(-0.01059081152 -0.03777474321 2.792586843e-24)
(-0.0007282046034 -0.01045976474 1.015131929e-22)
(-0.0004457124066 0.02655861638 0)
(-0.01124797755 0.06406255053 1.98083881e-22)
(-0.02776580658 0.08730910705 8.867009147e-23)
(-0.04757562783 0.09905017736 0)
(-0.06861065067 0.1016711392 1.548124831e-22)
(-0.08969095361 0.09690967475 0)
(-0.109897856 0.08590325674 -1.402411353e-22)
(-0.1284221471 0.06937538634 6.377511953e-24)
(-0.1444214331 0.0478867711 0)
(-0.1569452334 0.02209668538 0)
(-0.1649238882 -0.006992021024 -1.324923857e-24)
(-0.1672118594 -0.03780976581 -8.816186173e-25)
(-0.1627180935 -0.06806880136 1.426010611e-22)
(-0.1506325584 -0.09467895426 -4.636150931e-23)
(-0.1307572706 -0.1138682315 -2.36980614e-24)
(-0.103963832 -0.1216394206 1.355358909e-24)
(-0.07267648873 -0.1147466568 -1.376738444e-24)
(-0.04111103564 -0.09223730565 0)
(-0.01516093259 -0.0570750937 3.097569947e-24)
(-0.001035817816 -0.01706301839 -9.845193159e-22)
(-0.0003758904725 0.0330980261 0)
(-0.01167483834 0.07912872981 -1.118905038e-22)
(-0.02901226964 0.1075028891 -6.131168442e-22)
(-0.04997927884 0.1219909731 -3.714998695e-22)
(-0.07247933626 0.1257215224 0)
(-0.09537167866 0.1208868754 4.061220519e-22)
(-0.1177962547 0.1088204524 1.237968678e-22)
(-0.1389963079 0.09024083384 -5.470301454e-24)
(-0.1581442581 0.06557070894 5.443226747e-24)
(-0.1742358275 0.03526951951 0)
(-0.1860380567 0.0001557874056 2.850493938e-23)
(-0.1921152951 -0.03828020057 4.560974263e-24)
(-0.1909184602 -0.07759896111 -1.038064655e-22)
(-0.1809885727 -0.1141804596 7.644428754e-23)
(-0.1613497267 -0.1431603904 -2.333429191e-22)
(-0.1321216879 -0.1587529551 0)
(-0.09534702633 -0.1553153807 0)
(-0.05575403681 -0.129521818 0)
(-0.02137181617 -0.0833433792 0)
(-0.001490335543 -0.02651816229 5.424961299e-22)
(-0.0002927923511 0.03976278153 0)
(-0.01165556582 0.09449692738 -3.460213638e-22)
(-0.02913122548 0.1281655721 8.847805415e-22)
(-0.05039903816 0.1455827019 3.578267703e-22)
(-0.07338819475 0.1506771384 0)
(-0.0970443798 0.1461427678 -3.808171944e-22)
(-0.1206217451 0.133531014 -3.126748765e-23)
(-0.1434897321 0.1135458449 3.283301122e-22)
(-0.1649349648 0.08642516248 1.741696618e-22)
(-0.1840270663 0.05233704972 -3.994931707e-23)
(-0.1995298798 0.01176823068 1.642082354e-23)
(-0.209863792 -0.03408760402 -8.091778515e-24)
(-0.2131331742 -0.08290360258 3.309747735e-22)
(-0.2072523833 -0.1308280776 0)
(-0.1902877496 -0.1721051413 2.334556339e-22)
(-0.1611557771 -0.1990480293 5.516780744e-24)
(-0.1207822377 -0.2028689004 -5.599052528e-24)
(-0.07359517674 -0.1762710366 1.467446368e-22)
(-0.02960401091 -0.1182579051 -5.196744494e-24)
(-0.002168154261 -0.03985695448 0)
(-0.0002209888884 0.04630905461 0)
(-0.01125691112 0.1095798436 0)
(-0.02814416078 0.1484453435 -4.975737748e-22)
(-0.04869490299 0.1687482537 -1.863091295e-23)
(-0.07090577425 0.1752744266 2.01486648e-23)
(-0.09385748803 0.1712769288 -1.991076534e-23)
(-0.1169755728 0.1585710855 -2.28537398e-23)
(-0.1398338406 0.1378736441 -2.984200054e-22)
(-0.1619460904 0.1092379198 6.654639486e-23)
(-0.1826150801 0.0724976654 4.439897691e-23)
(-0.2008098286 0.02769606885 -4.501182966e-23)
(-0.2150540541 -0.02447376531 0)
(-0.2233714664 -0.08214587943 -7.578751262e-23)
(-0.2232529452 -0.1417059787 0)
(-0.2118257639 -0.1970271893 -3.676703861e-22)
(-0.1864784073 -0.2388487476 5.135064719e-22)
(-0.1461862385 -0.2548671958 0)
(-0.09374296996 -0.2320670524 -1.415394205e-22)
(-0.04011350032 -0.1632341938 1.856368795e-22)
(-0.003188972196 -0.0583518528 -3.330707596e-22)
(-0.0002141154426 0.05258582703 0)
(-0.01072750029 0.1238713145 9.109740788e-22)
(-0.02638289889 0.1674699681 -2.420113667e-23)
(-0.04513907288 0.1902533474 9.115988774e-22)
(-0.0650935336 0.1979516544 -2.488523595e-23)
(-0.08553097924 0.194450891 2.807462965e-23)
(-0.1061163386 0.1818969152 -2.781835407e-23)
(-0.1267060418 0.1610822178 -1.640965386e-23)
(-0.1471462087 0.1319291822 -5.197651713e-22)
(-0.1671242358 0.09396433276 -8.798822648e-24)
(-0.1860305087 0.04675438926 9.545227835e-24)
(-0.2027825586 -0.009653405823 3.279631867e-22)
(-0.2156952856 -0.07422094527 -5.753124112e-22)
(-0.2222416155 -0.1441005297 0)
(-0.2189363205 -0.21362317 8.766783596e-22)
(-0.2016576217 -0.2728606168 -4.837612966e-22)
(-0.1668077998 -0.3064115868 -1.539426288e-23)
(-0.1139228093 -0.2943005261 0)
(-0.05280643013 -0.2187763975 -1.810371396e-22)
(-0.004737611151 -0.08345944992 3.281169942e-22)
(-0.0003792163027 0.05867724898 1.538913316e-23)
(-0.01059651468 0.1371224781 -8.694420468e-22)
(-0.02462070616 0.1844940968 -1.14892649e-21)
(-0.04057205983 0.2088276718 -8.5564247e-22)
(-0.05669707026 0.2169706158 0)
(-0.07261310758 0.2135330661 3.480443895e-23)
(-0.08832510971 0.2010596669 -7.224070609e-23)
(-0.1040533433 0.1804935833 5.809554051e-23)
(-0.1200540399 0.1517125572 2.988233788e-22)
(-0.1364968632 0.1140244925 -1.117047179e-23)
(-0.153342432 0.06657508644 0)
(-0.1701880426 0.008733619847 -3.567026676e-22)
(-0.1859779861 -0.05945827439 7.451166946e-22)
(-0.1986717475 -0.1364690468 8.766396955e-22)
(-0.204861629 -0.2180367672 -5.235587142e-22)
(-0.1994497289 -0.2950066278 5.113369955e-22)
(-0.176246766 -0.3503865545 1.050567536e-23)
(-0.1301351937 -0.3574141904 -1.067438415e-23)
(-0.0668613691 -0.2835177403 -8.901496663e-23)
(-0.007074594993 -0.1166476301 0)
(-0.0009260250676 0.06512250024 -1.898457063e-23)
(-0.01181545526 0.1495480448 -1.318952794e-21)
(-0.02419002492 0.1990300455 1.086585165e-21)
(-0.03647496785 0.2232576633 6.693273841e-22)
(-0.0471786184 0.2305296324 5.975351522e-22)
(-0.05649980316 0.2262746211 6.596908927e-22)
(-0.064945111 0.2134642996 -4.42165943e-23)
(-0.07319265806 0.1932331354 -3.435178949e-22)
(-0.08195199775 0.1654860048 2.136039332e-22)
(-0.09189760276 0.1294250511 0)
(-0.1035999534 0.08390447073 0)
(-0.1173978627 0.02773028464 2.639858955e-22)
(-0.1331524532 -0.03999417252 8.245500107e-23)
(-0.1498369689 -0.1193382149 -2.788578067e-22)
(-0.1649126386 -0.2082243902 -5.377799258e-23)
(-0.1733993747 -0.2999562344 1.311263391e-22)
(-0.1674397436 -0.3785366992 -3.364879155e-22)
(-0.1367309754 -0.4128224529 -1.887947411e-23)
(-0.08022516948 -0.3531020395 8.889331288e-23)
(-0.0105050139 -0.1590597677 -6.075741306e-22)
(-0.002277003777 0.07329711474 0)
(-0.01596901204 0.16209201 2.133783996e-21)
(-0.02701929448 0.2109578046 0)
(-0.03480174444 0.2324313586 -1.34438174e-21)
(-0.0383629469 0.236828805 6.233463019e-23)
(-0.03892614629 0.2304438495 -6.149046933e-22)
(-0.03773469975 0.2165971534 -4.725877552e-22)
(-0.03602995347 0.1965686715 8.243293038e-22)
(-0.03498169722 0.1702745255 -1.871410107e-22)
(-0.035711143 0.1369009872 0)
(-0.03931810322 0.09516325888 0)
(-0.04681430863 0.04353393743 2.436693792e-23)
(-0.05901362066 -0.01958270354 -5.976178473e-22)
(-0.07616556169 -0.09564846062 -4.28773558e-22)
(-0.09735138446 -0.1850153811 4.624150321e-22)
(-0.1190868396 -0.2848272181 -6.449593421e-22)
(-0.1338192957 -0.3832851962 8.950197701e-23)
(-0.1268580041 -0.4498525879 3.24493406e-23)
(-0.08910270942 -0.4192791049 5.673329559e-22)
(-0.015275482 -0.2108536116 6.064291854e-22)
(-0.005195111293 0.08588385252 0)
(-0.02542536629 0.176266237 1.469613746e-22)
(-0.03522623776 0.2200008977 -4.896025829e-23)
(-0.03702897951 0.2347597372 7.605608939e-22)
(-0.03103260326 0.2336045738 -6.968428542e-22)
(-0.02019632107 0.2235198299 4.720524062e-23)
(-0.006771431674 0.2078837181 -1.017063081e-22)
(0.007332539292 0.1878686671 -3.367831249e-22)
(0.020523691 0.1633558751 2.051818182e-22)
(0.03136633209 0.1334878848 0)
(0.03837078248 0.0969593994 0)
(0.04003392623 0.05215588118 -2.889705546e-22)
(0.03472502499 -0.002808453814 0)
(0.02101400454 -0.07013929053 -5.500693234e-22)
(-0.002117487032 -0.1521693207 -1.422759251e-23)
(-0.0338214332 -0.2502350209 2.552590454e-23)
(-0.06966594247 -0.3595864869 2.185560524e-22)
(-0.09265379215 -0.4572063352 4.845012384e-24)
(-0.08733282438 -0.4694355302 -5.80367531e-22)
(-0.0210472719 -0.2696510407 0)
(-0.01112386817 0.1085886635 0)
(-0.04262807684 0.1945437936 -8.814931616e-22)
(-0.04829932138 0.225464377 -5.39764782e-22)
(-0.03976895439 0.2277324425 4.532534854e-22)
(-0.01957232178 0.2177170532 -1.726061138e-24)
(0.006683623598 0.2023541979 -4.544388578e-23)
(0.03556680028 0.1844092268 5.668782289e-22)
(0.06463931735 0.1645063142 -2.75298735e-23)
(0.09205707711 0.1422734928 -2.058535687e-22)
(0.1162031333 0.1167419941 3.128157315e-23)
(0.1354257069 0.08664902774 -3.412699877e-23)
(0.147935147 0.0504940021 -3.67969489e-23)
(0.1516110213 0.006506242764 3.197998359e-22)
(0.1441450677 -0.04762360649 6.107312616e-22)
(0.1228306559 -0.1150145897 -5.093613511e-22)
(0.08577063021 -0.2001904339 -1.618042959e-22)
(0.03149376336 -0.3066035752 1.525635355e-22)
(-0.02397711442 -0.4238055988 7.292823673e-23)
(-0.0650667619 -0.4869594463 1.912473621e-21)
(-0.02511945938 -0.3289967853 2.954069897e-21)
(-0.02004173347 0.1461193213 -4.381926736e-23)
(-0.06422810083 0.2112664012 4.409048603e-23)
(-0.0509077329 0.217574693 9.983070331e-22)
(-0.01972502983 0.2012066462 -7.828179088e-24)
(0.02356922914 0.1805961325 0)
(0.07078858526 0.160391107 4.348999951e-23)
(0.1181828131 0.1414066145 -2.264553848e-22)
(0.1635036368 0.1231652614 -8.98829347e-23)
(0.2052197009 0.1047653065 3.663697527e-23)
(0.2419788697 0.08512844893 -1.693990967e-23)
(0.2722988275 0.06310448828 3.416737567e-23)
(0.2944310546 0.03746419015 -6.572963769e-23)
(0.3059801375 0.006764214127 -9.275956286e-23)
(0.304369568 -0.03065812862 1.515355954e-22)
(0.2859015778 -0.07768072247 0)
(0.2466651091 -0.1398040938 1.508235236e-22)
(0.1807747305 -0.2265738201 2.558126534e-22)
(0.09580714526 -0.3443181991 0)
(-0.006818436181 -0.4551460166 -3.674048215e-21)
(-0.01924390663 -0.3776845524 -2.891714744e-21)
(-0.02590513013 0.2277318675 -9.509578955e-22)
(-0.03996035786 0.2238555086 -1.387463696e-22)
(0.03653596775 0.1810289304 -2.331050515e-22)
(0.1089219571 0.1450130704 -1.190707926e-22)
(0.1814549004 0.1171099632 -4.291492798e-23)
(0.2485999745 0.09613632511 9.758958126e-23)
(0.3094980219 0.07990254675 -1.403638867e-22)
(0.3639932314 0.06648566903 1.291660701e-22)
(0.411949396 0.05446058117 -8.580578401e-23)
(0.4529478452 0.04272982237 1.131010212e-25)
(0.4861513618 0.03038781655 1.52254547e-23)
(0.51018158 0.01662358346 7.973312797e-23)
(0.5231943342 0.0006371973292 -1.807368333e-22)
(0.5228262691 -0.01853553449 -1.615456285e-22)
(0.5049721917 -0.04278511161 -4.262021068e-23)
(0.4656883422 -0.07628201223 0)
(0.3951368519 -0.128593258 -1.841973635e-22)
(0.2915069561 -0.2208419078 8.143873197e-22)
(0.1196850857 -0.3524974225 1.630854928e-21)
(0.02669019662 -0.3775407197 2.172267196e-21)
(0.2143044188 0.1347594372 9.859883755e-22)
(0.2776778184 0.09872393518 0)
(0.4317113711 0.05811301707 -2.59195373e-22)
(0.530496743 0.03845972546 -1.740391723e-22)
(0.6016573694 0.02622226675 0)
(0.6570050323 0.01830413232 -5.99564893e-23)
(0.7013348838 0.01312297192 6.354883094e-23)
(0.7373637393 0.009534957471 -1.791453243e-23)
(0.7666679367 0.006805293091 2.872189963e-23)
(0.7899418366 0.004473623361 2.304412068e-23)
(0.8072127965 0.002236665783 0)
(0.818064654 -0.0001306781718 -2.863848645e-23)
(0.8215090179 -0.002702889159 0)
(0.8161575577 -0.005696983102 2.734080196e-23)
(0.7990981029 -0.009602104032 1.424878444e-23)
(0.7679946253 -0.01499991496 -5.793664349e-23)
(0.7106636738 -0.02502911462 -2.532943792e-22)
(0.6235235551 -0.0420474326 -6.91427236e-22)
(0.4230084347 -0.09183451359 0)
(0.2705659929 -0.1524043693 -2.119104489e-21)
)


// ************************************************************************* //
