/*--------------------------------*- C++ -*----------------------------------*\
  =========                 |
  \\      /  F ield         | OpenFOAM: The Open Source CFD Toolbox
   \\    /   O peration     | Website:  https://openfoam.org
    \\  /    A nd           | Version:  13
     \\/     M anipulation  |
\*---------------------------------------------------------------------------*/
FoamFile
{
    format      ascii;
    class       scalarField;
    location    "39.4";
    object      p_all;
}
// * * * * * * * * * * * * * * * * * * * * * * * * * * * * * * * * * * * * * //


400
(
6.689404373e-08
-0.0005474319421
-0.0008894811783
-0.001016967327
-0.0009381143252
-0.0006852737255
-0.0002959971817
0.0001937377823
0.0007473977845
0.001324474774
0.001879312496
0.002359057325
0.00270833021
0.002874052455
0.002814696551
0.002512261872
0.001987209113
0.001296673099
0.000637735569
4.182399861e-05
0.000588227797
6.924538518e-06
-0.0003568219071
-0.0004991449717
-0.000468478403
-0.0002914116173
2.666273418e-06
0.0003844803694
0.0008226425917
0.001279893416
0.001716373427
0.002080912396
0.002323130755
0.002395667273
0.002264663461
0.001921355364
0.001392490941
0.0007431182312
0.0001454633897
-0.0005172472333
0.0009524871193
0.0003080811243
-9.318995899e-05
-0.0002395357416
-0.0002334124063
-0.0001048988543
0.0001219483847
0.0004258282187
0.000783011969
0.001161506968
0.001529521872
0.001832924298
0.002021781591
0.002047364519
0.001874534362
0.001493476855
0.000928175726
0.0002351881428
-0.0004632962857
-0.001300291552
0.0009761877714
0.0002580344312
-0.0001922174828
-0.000344532005
-0.0003538133239
-0.0002568385555
-7.424169666e-05
0.0001813730747
0.0004964492181
0.0008507471717
0.00120307918
0.001510538184
0.001712333501
0.001747932534
0.001568458302
0.001150517474
0.0005059317062
-0.0003185611183
-0.001233911074
-0.002384727385
0.0004805162315
-0.000284963998
-0.0007638553537
-0.0009155561745
-0.0009365947938
-0.0008681872813
-0.0007252902171
-0.0005083515721
-0.0002170963865
0.0001392158256
0.0005301491104
0.0009074369941
0.001199865272
0.001326553385
0.001211083072
0.0008002498571
8.000112665e-05
-0.0009176020436
-0.002127600408
-0.003656109925
-0.0006863198142
-0.001467117572
-0.001956160742
-0.002107204949
-0.002149981245
-0.002126638682
-0.002042267845
-0.001879650478
-0.0016175343
-0.001245498874
-0.0007790857171
-0.0002628329539
0.0002206417294
0.000561511369
0.0006378634975
0.0003415614696
-0.0003929944972
-0.001564031494
-0.003134822738
-0.005142063773
-0.00266177363
-0.003423498326
-0.003915372351
-0.004080750552
-0.004178114558
-0.004247165575
-0.004278185307
-0.00422913294
-0.004047532175
-0.003689583258
-0.003140734977
-0.002426741449
-0.001633500534
-0.0009034326368
-0.0004248229094
-0.0003986860227
-0.0009882292862
-0.002260565592
-0.004232725367
-0.00682830434
-0.005554978206
-0.006269900094
-0.006768193911
-0.006982148372
-0.007195542036
-0.00744343981
-0.007697143002
-0.007882205769
-0.007902172054
-0.007660618718
-0.007087359796
-0.006159511149
-0.004943766983
-0.003604889211
-0.002413957833
-0.001714538943
-0.001843222536
-0.003015032178
-0.005368464418
-0.008662258569
-0.009435216122
-0.01008154101
-0.01059840705
-0.01091065234
-0.01132606358
-0.01187595342
-0.0125113299
-0.0131197001
-0.01354785573
-0.01362342708
-0.01318255566
-0.0121212072
-0.01042811733
-0.008256650994
-0.005956423243
-0.004061999704
-0.003190263472
-0.003843162617
-0.006426557104
-0.01049174561
-0.01431698963
-0.0148759768
-0.0154229596
-0.01588220303
-0.0165900474
-0.01758018712
-0.01878705094
-0.02005917993
-0.02117766263
-0.02187371463
-0.02185749581
-0.02087238405
-0.01877204701
-0.01562022187
-0.01179519454
-0.008037456633
-0.005360015328
-0.004760274721
-0.007181296176
-0.0119793784
-0.0201544928
-0.020604724
-0.02117491054
-0.02179691258
-0.02285227221
-0.02439053686
-0.0263394109
-0.02851379676
-0.03062773481
-0.03230366671
-0.03309542404
-0.03254087601
-0.03028265685
-0.02617885738
-0.02052505241
-0.01420408149
-0.008691691072
-0.005726762286
-0.007219409737
-0.01246655783
-0.02685651776
-0.02716227814
-0.02770271301
-0.02842312791
-0.02978933263
-0.03188927943
-0.03465907221
-0.03788983715
-0.04123412037
-0.04420524334
-0.04618831689
-0.04647896685
-0.04446326866
-0.03966021721
-0.0321212026
-0.02269892547
-0.01326673222
-0.006486092583
-0.005808784999
-0.01076538134
-0.03433488199
-0.03441828639
-0.03478962024
-0.03540470224
-0.03689201947
-0.03941018233
-0.04292023556
-0.04719787528
-0.05184026907
-0.05625858192
-0.05967993737
-0.06119110035
-0.05977972462
-0.05465597013
-0.04544124541
-0.03269988513
-0.01845326403
-0.006246071093
-0.001674114862
-0.004873749643
-0.04261003005
-0.04227959291
-0.04219580318
-0.04229612042
-0.04351387271
-0.04611657963
-0.05009980676
-0.05522058455
-0.06101526925
-0.06679638043
-0.07164032429
-0.07441322319
-0.07383278195
-0.06867509944
-0.05807215981
-0.04206203051
-0.02244023873
-0.003257405987
0.007346887986
0.008341283721
-0.05201054064
-0.05076118626
-0.04967799731
-0.04857908994
-0.04892695873
-0.05112039646
-0.05517310275
-0.06079645858
-0.06743577029
-0.07429013934
-0.08028301794
-0.08407647106
-0.08413090245
-0.07883778678
-0.06684304714
-0.04752365364
-0.02212768089
0.005501582692
0.02471518486
0.03352722473
-0.06365614157
-0.06018943239
-0.05709756617
-0.0537646079
-0.05246575098
-0.05368042568
-0.0573652793
-0.06313848437
-0.0702629617
-0.07780142827
-0.08449312021
-0.08878633453
-0.08889865344
-0.08283992686
-0.06885100917
-0.04562102947
-0.01375170609
0.02441672675
0.05553947982
0.07735571997
-0.080186694
-0.07107524514
-0.06412149441
-0.0571657933
-0.05343195248
-0.05321604059
-0.05625980407
-0.06191483649
-0.0692599893
-0.0771179838
-0.08401325152
-0.08815271088
-0.08748114309
-0.07965686109
-0.06247970591
-0.03405061685
0.005564774722
0.05859395419
0.1058229936
0.1480677011
-0.1105080711
-0.08585537239
-0.0716073384
-0.05897237642
-0.05191478561
-0.04988454028
-0.05210435856
-0.05751052247
-0.06486135571
-0.07271024369
-0.07934166569
-0.08271496347
-0.08052068806
-0.06988758829
-0.04823265112
-0.01272268334
0.03823609628
0.1071320652
0.1779786279
0.2564764662
-0.168438239
-0.09990952843
-0.07500962361
-0.05479926007
-0.0446204177
-0.04158696422
-0.04371960751
-0.04938354755
-0.0570192114
-0.06497278437
-0.07136365201
-0.07398192218
-0.07013071559
-0.05701419029
-0.03102878849
0.01192925528
0.07559944695
0.1664042154
0.2761619938
0.4377042568
-0.3984295151
-0.1381006785
-0.07497179375
-0.04708982053
-0.03355090721
-0.03003172764
-0.03280394575
-0.03926676751
-0.04756056247
-0.05594111571
-0.06250212763
-0.0650311908
-0.06099642282
-0.04697021318
-0.01875700148
0.02993538233
0.1069556394
0.2334272289
0.4198801838
0.7800233653
)


// ************************************************************************* //
