/*--------------------------------*- C++ -*----------------------------------*\
  =========                 |
  \\      /  F ield         | OpenFOAM: The Open Source CFD Toolbox
   \\    /   O peration     | Website:  https://openfoam.org
    \\  /    A nd           | Version:  13
     \\/     M anipulation  |
\*---------------------------------------------------------------------------*/
FoamFile
{
    format      ascii;
    class       vectorField;
    location    "42.09";
    object      U_all;
}
// * * * * * * * * * * * * * * * * * * * * * * * * * * * * * * * * * * * * * //


400
(
(1.100536554e-05 -3.783222959e-05 0)
(-0.0006660958983 0.000413042623 -1.551267708e-23)
(-0.002185374577 0.000920393578 0)
(-0.004047832675 0.001312781218 0)
(-0.005971868292 0.001535066649 6.845751662e-25)
(-0.007762783323 0.001569848654 4.151287979e-24)
(-0.009284545397 0.001423563416 -7.37375935e-24)
(-0.01043594182 0.001119721937 7.53035326e-24)
(-0.01113681504 0.0006960809239 -2.095468297e-25)
(-0.01132711217 0.0002030768189 -3.994715932e-24)
(-0.0109717729 -0.0003002330348 5.803679926e-24)
(-0.01007232759 -0.0007475150782 -5.929558698e-23)
(-0.008679879389 -0.001075561546 -6.5526846e-23)
(-0.006902852348 -0.001233044022 -7.784277937e-23)
(-0.00491073775 -0.001192638991 4.573595363e-24)
(-0.002927231834 -0.0009619212792 -4.137958861e-24)
(-0.001205299082 -0.0005912123826 -1.998770886e-22)
(-1.906817978e-05 -0.0001698832855 0)
(0.0005181543994 0.0001720853304 1.509704297e-25)
(0.0002227516198 0.0003059787936 -2.554327362e-24)
(-0.0002633631519 0.000828969448 1.383003775e-25)
(-0.002703305279 0.003383842089 1.561064762e-23)
(-0.006907276264 0.005604501079 1.555309956e-25)
(-0.01195231931 0.007008207242 -8.495166364e-25)
(-0.01713504506 0.007553776474 1.16210772e-24)
(-0.02197535603 0.007294200942 1.306931093e-23)
(-0.02611076246 0.006321895446 1.388280546e-24)
(-0.02926564802 0.004754193527 -7.282107485e-24)
(-0.03122672978 0.002737151301 1.015236157e-23)
(-0.03184200899 0.0004524051248 4.510070275e-24)
(-0.03102761357 -0.001884144642 -6.318960647e-24)
(-0.02879316571 -0.004023028736 2.96151082e-24)
(-0.02527138356 -0.005708353519 3.895502178e-23)
(-0.02073194929 -0.006707409038 -1.954762241e-24)
(-0.01558962711 -0.006854140668 3.754464913e-24)
(-0.01038513453 -0.006097465855 -9.740904475e-23)
(-0.00573027208 -0.004546188616 9.637721796e-23)
(-0.002233366328 -0.002507420929 -3.961300278e-25)
(-0.000181774421 -0.0005023735722 4.06120524e-25)
(8.343589098e-05 0.0006099252128 0)
(-0.0004188234889 0.002935079846 -2.910459161e-25)
(-0.004647875069 0.008804016169 1.702152714e-23)
(-0.01137196091 0.01324042464 -8.283701596e-24)
(-0.01932729125 0.01579204091 -2.075371361e-25)
(-0.02747411727 0.01652999992 2.038835661e-25)
(-0.03511778877 0.01564441687 6.844170656e-27)
(-0.04171344899 0.01335997699 -1.220753112e-24)
(-0.04683571809 0.009919772442 -4.551692169e-25)
(-0.05014988986 0.005602434362 -1.0630544e-23)
(-0.05141231882 0.0007444210679 0)
(-0.05047793171 -0.004241780652 0)
(-0.04733706191 -0.008887187496 2.671041387e-23)
(-0.0421592786 -0.01268176983 2.813045433e-23)
(-0.03531437446 -0.01513605209 -1.646169811e-24)
(-0.02738996339 -0.0158618961 4.845869886e-23)
(-0.01917005968 -0.01467334257 9.419208814e-23)
(-0.01156090745 -0.01169360496 3.975590998e-23)
(-0.005465411185 -0.007450744142 4.141774206e-25)
(-0.001451098668 -0.002936044241 1.073756926e-25)
(-9.072689059e-05 0.0002258764206 0)
(-0.0005024630114 0.006045350337 -4.248936632e-23)
(-0.006402740212 0.01637075634 -1.69237846e-23)
(-0.0155350255 0.02355933709 8.210561834e-24)
(-0.02627912155 0.0274416272 0)
(-0.03728746811 0.0283210222 0)
(-0.04769037501 0.02658772531 0)
(-0.05679663057 0.0226312032 -4.469415381e-26)
(-0.06405384089 0.01683609286 -2.136412499e-24)
(-0.06901081554 0.009622183971 0)
(-0.07130827906 0.001491050524 1.635444572e-24)
(-0.07070853516 -0.006936503568 2.802752297e-25)
(-0.06713039386 -0.01493018838 -2.810599931e-25)
(-0.06069905613 -0.02166728189 0)
(-0.05180750607 -0.02631605813 4.133313807e-23)
(-0.04114991786 -0.02816070933 -4.68158197e-23)
(-0.02971970301 -0.0267737227 -2.761919661e-23)
(-0.01873716666 -0.02221530524 -3.960735873e-23)
(-0.009488027567 -0.01521922175 7.79580113e-25)
(-0.002976879354 -0.007298194702 9.790324512e-23)
(-0.0002318796687 -0.0008661681469 0)
(-0.0005316127827 0.01009501613 4.269598542e-23)
(-0.007983592707 0.02595219538 4.785069323e-25)
(-0.01939687526 0.0364288291 -4.675780266e-25)
(-0.03282382551 0.04185520859 0)
(-0.04664689106 0.04289485391 7.782915092e-25)
(-0.05985229754 0.04020074164 -7.675001979e-25)
(-0.07163291453 0.03434741741 3.672269207e-23)
(-0.08132751321 0.02585664101 1.848152793e-23)
(-0.08836601128 0.01527298326 6.238733072e-24)
(-0.09225469542 0.003246146689 -1.637349886e-24)
(-0.09260379729 -0.009407832492 0)
(-0.08917555428 -0.02167478002 4.370661759e-25)
(-0.08195979211 -0.03236745034 1.009036279e-23)
(-0.07126885477 -0.04021250125 -4.349348108e-23)
(-0.05782018902 -0.0440204632 1.932914378e-24)
(-0.04278583025 -0.04294829321 4.217268675e-23)
(-0.02775450313 -0.03683346867 -3.841731273e-25)
(-0.01455062248 -0.02652720919 0)
(-0.004859461957 -0.01408454469 5.436533579e-23)
(-0.0003641483431 -0.002846953312 -2.565069786e-22)
(-0.0005272209895 0.0149992775 9.841471727e-23)
(-0.009377925319 0.03739022288 -4.907757809e-25)
(-0.02288182768 0.05170223023 0)
(-0.03883043559 0.05894183194 0)
(-0.05538656851 0.06025574734 -8.732041377e-23)
(-0.07142876782 0.05661901179 -8.499025281e-23)
(-0.08606654273 0.0488016886 -4.067521504e-23)
(-0.09855086113 0.03743980557 -1.504350887e-23)
(-0.108194532 0.02315983964 -5.368785253e-24)
(-0.1143444731 0.006709679027 -8.174958765e-24)
(-0.1164046203 -0.01093292169 6.601057484e-24)
(-0.1138937392 -0.02848945037 8.826524497e-24)
(-0.1065486974 -0.04437046227 -1.892309243e-23)
(-0.09446804054 -0.05675333716 4.606735466e-24)
(-0.07826856949 -0.06378298596 0)
(-0.05922895472 -0.06393495334 -1.57290076e-23)
(-0.03933981887 -0.05653816195 -2.42778009e-26)
(-0.02114188771 -0.04235809067 0)
(-0.007318702554 -0.02398229404 -1.520642213e-22)
(-0.0005216164939 -0.005925545028 6.056254322e-22)
(-0.0004990825966 0.02064574578 -9.774423887e-23)
(-0.01052951026 0.05045438218 2.831978423e-22)
(-0.02582957466 0.0691251173 1.526859979e-22)
(-0.04402138324 0.07849257944 3.619263616e-24)
(-0.06310739211 0.08029476473 -7.319369414e-23)
(-0.08190405158 0.07588042991 9.043478144e-23)
(-0.09947763782 0.0662169076 -3.590195084e-24)
(-0.1150227386 0.05201695097 -1.729169593e-24)
(-0.1277519184 0.03392358492 2.524160431e-24)
(-0.1368472597 0.01270233177 7.382593553e-24)
(-0.141471051 -0.01058782346 -6.500810005e-24)
(-0.1408248167 -0.03446024396 -9.787929369e-24)
(-0.1342745957 -0.05692771738 -3.261741117e-23)
(-0.1215450236 -0.07553316236 -3.661349021e-23)
(-0.1029672659 -0.08754260554 5.645659848e-25)
(-0.07976369927 -0.09039209628 0)
(-0.05426682483 -0.08244513702 0)
(-0.02987160927 -0.06397736846 -2.906051322e-24)
(-0.01066285142 -0.03798794744 2.970500249e-24)
(-0.0007350936498 -0.01050089521 1.027872704e-22)
(-0.0004479168231 0.0268725111 0)
(-0.01134923267 0.06480757573 2.001975261e-22)
(-0.02801599723 0.0882961727 8.962033959e-23)
(-0.04799857361 0.1001234947 0)
(-0.06920602007 0.1027076555 1.569879056e-22)
(-0.09044373255 0.09781578668 0)
(-0.1107831694 0.086611031 -1.428386048e-22)
(-0.1294093782 0.06983950417 6.515548039e-24)
(-0.1454771652 0.04808232233 0)
(-0.1580351822 0.02201755584 0)
(-0.1660133455 -0.007334439911 -1.374411122e-24)
(-0.1682671552 -0.03838839781 -9.31672563e-25)
(-0.1637064694 -0.06883975935 1.491975577e-22)
(-0.1515208763 -0.09558275841 -4.704648059e-23)
(-0.1315134559 -0.1148298665 -2.560951238e-24)
(-0.104559608 -0.1225703415 1.53471345e-24)
(-0.07309349915 -0.115551797 -1.558922438e-24)
(-0.04135021496 -0.09283115621 0)
(-0.01525230279 -0.05740767703 3.203807878e-24)
(-0.001044309043 -0.01714714528 -1.012913149e-21)
(-0.0003744663013 0.03346304463 0)
(-0.01175006057 0.07998918708 -1.128286413e-22)
(-0.02920707955 0.1086390943 -6.19114609e-22)
(-0.05031745036 0.123223399 -3.755305577e-22)
(-0.07296317451 0.1269097033 0)
(-0.09598960248 0.1219255641 4.119453496e-22)
(-0.1185273498 0.1096348647 1.260922907e-22)
(-0.1398146444 0.09078245915 -5.581832991e-24)
(-0.1590221577 0.06581393199 5.554205917e-24)
(-0.1751461026 0.03520881118 0)
(-0.1869559999 -0.0001967471535 2.912132915e-23)
(-0.1930172657 -0.03889754368 4.695841429e-24)
(-0.191780992 -0.07843888594 -1.076807796e-22)
(-0.1817874443 -0.1151865387 8.004190864e-23)
(-0.1620570443 -0.1442599474 -2.419745193e-22)
(-0.1327062008 -0.1598548638 0)
(-0.09577888198 -0.1563112894 0)
(-0.05601633069 -0.1302981091 0)
(-0.02147859136 -0.08381135175 0)
(-0.001500384563 -0.02665516344 5.572112048e-22)
(-0.0002873896608 0.04016077712 0)
(-0.01169359606 0.09543611453 -3.493012801e-22)
(-0.02924438287 0.1294073622 8.932795614e-22)
(-0.05060947264 0.1469299163 3.617177966e-22)
(-0.07370082613 0.1519748669 0)
(-0.09745151128 0.147275796 -3.86255154e-22)
(-0.1211069845 0.134419195 -3.174428004e-23)
(-0.1440324803 0.1141393322 3.333103283e-22)
(-0.1655143257 0.08670006661 1.76947441e-22)
(-0.1846248542 0.05229123545 -4.060152694e-23)
(-0.2001325825 0.01141716235 1.656821014e-23)
(-0.2104622451 -0.03471424122 -8.265254164e-24)
(-0.2137208532 -0.08376563608 3.37186011e-22)
(-0.2078215501 -0.131875635 0)
(-0.1908238537 -0.1732756141 2.420914218e-22)
(-0.1616335738 -0.2002593398 5.774776115e-24)
(-0.121166269 -0.2040121711 -5.860895114e-24)
(-0.07384989788 -0.1772119958 1.548447627e-22)
(-0.02971786817 -0.1188642329 -5.435457838e-24)
(-0.002179545111 -0.04005398764 0)
(-0.0002117199454 0.04671640007 0)
(-0.01125001097 0.1105498121 0)
(-0.02815624448 0.1497354995 -5.022755471e-22)
(-0.0487447926 0.1701517595 -1.880997659e-23)
(-0.07100086569 0.1766257139 2.038377692e-23)
(-0.09399451445 0.1724526507 -2.014310202e-23)
(-0.1171434301 0.1594870986 -2.316882323e-23)
(-0.1400179512 0.1384805084 -3.029822021e-22)
(-0.1621328901 0.109516072 6.698611043e-23)
(-0.1827959046 0.07245187038 4.513178577e-23)
(-0.2009835562 0.02734928936 -4.577722461e-23)
(-0.2152270265 -0.02508697662 0)
(-0.2235562211 -0.08298351266 -7.839694299e-23)
(-0.2234632195 -0.1427257324 0)
(-0.2120679431 -0.1981820875 -3.739563329e-22)
(-0.1867434548 -0.2400773692 5.244955591e-22)
(-0.1464438303 -0.256077341 0)
(-0.09394567718 -0.2331209503 -1.493993743e-22)
(-0.04022000982 -0.163961366 1.937550162e-22)
(-0.003201100256 -0.05861063143 -3.411529495e-22)
(-0.0002015412097 0.05297585098 0)
(-0.01067261922 0.1248172386 9.182870346e-22)
(-0.02628446701 0.1687424574 -2.44068589e-23)
(-0.04501107788 0.191645513 9.193341849e-22)
(-0.06494597439 0.1992921043 -2.512086754e-23)
(-0.08536628482 0.1956104309 2.838843557e-23)
(-0.1059305648 0.1827886838 -2.812929624e-23)
(-0.1264924192 0.1616583507 -1.660917582e-23)
(-0.1468996855 0.1321762302 -5.260228206e-22)
(-0.1668458165 0.09389646695 -8.906627312e-24)
(-0.1857303031 0.04640576393 9.660196643e-24)
(-0.2024781691 -0.01023784634 3.313077864e-22)
(-0.2154154617 -0.07499820221 -5.820741066e-22)
(-0.2220209719 -0.1450311828 0)
(-0.2188032106 -0.2146760609 8.887325475e-22)
(-0.2016257527 -0.2740016416 -4.940888135e-22)
(-0.1668639194 -0.3075811952 -1.572223468e-23)
(-0.1140220094 -0.2953811907 0)
(-0.05288482012 -0.2195802575 -1.890183867e-22)
(-0.004749188154 -0.08377277931 3.360587276e-22)
(-0.0003641987961 0.05902317756 1.551010205e-23)
(-0.0104957401 0.13798815 -8.764197865e-22)
(-0.02441389602 0.1856804095 -1.157059445e-21)
(-0.04026724441 0.2101384741 -8.628990619e-22)
(-0.05630729568 0.21823489 0)
(-0.0721485649 0.214619026 3.513805625e-23)
(-0.08779221577 0.2018791949 -7.2948667e-23)
(-0.1034562791 0.1810005607 5.867884236e-23)
(-0.1193983876 0.1518997244 3.021366402e-22)
(-0.1357931553 0.1139150575 -1.128195642e-23)
(-0.1526082329 0.06621425041 0)
(-0.1694521386 0.008177204525 -3.603929964e-22)
(-0.185276061 -0.0601598758 7.51566871e-22)
(-0.198044853 -0.1372747 8.831704409e-22)
(-0.2043546276 -0.2189261877 -5.296628113e-22)
(-0.1990977622 -0.2959712903 5.162689972e-22)
(-0.1760605337 -0.351407258 1.078232915e-23)
(-0.1300890635 -0.3584150776 -1.095547955e-23)
(-0.06688803312 -0.2843276504 -8.215337756e-23)
(-0.007083319934 -0.1169964413 0)
(-0.0009095777484 0.06540041545 -1.911486731e-23)
(-0.01167591786 0.150281641 -1.326965556e-21)
(-0.02388882148 0.2000659555 1.094237815e-21)
(-0.03601340449 0.2244216959 6.734932269e-22)
(-0.04657308718 0.2316588236 6.014633804e-22)
(-0.05577038448 0.2272393689 6.64395882e-22)
(-0.06411245689 0.214177487 -4.458678066e-23)
(-0.07227561594 0.1936494377 -3.461337557e-22)
(-0.08096972916 0.1656028316 2.152162528e-22)
(-0.09087192309 0.1292707357 0)
(-0.1025547454 0.0835308251 0)
(-0.1163622162 0.0272001078 2.655396818e-22)
(-0.1321589567 -0.04062005943 8.194325558e-23)
(-0.1489252327 -0.1200128299 -2.821623642e-22)
(-0.1641284291 -0.208930068 -5.411271616e-23)
(-0.1727877629 -0.3006992495 1.301951686e-22)
(-0.1670311312 -0.379332909 -3.400504301e-22)
(-0.1365292444 -0.4136451958 -1.593855046e-23)
(-0.08018250155 -0.3538326193 8.204110407e-23)
(-0.01050762294 -0.1594130563 -6.032163179e-22)
(-0.002260498529 0.07348883524 0)
(-0.01580355724 0.1626521771 2.145874519e-21)
(-0.02665042674 0.2117904735 0)
(-0.03422339676 0.2333947269 -1.351808231e-21)
(-0.03759398543 0.2377766822 6.184048379e-23)
(-0.03799685289 0.2312553518 -6.193096338e-22)
(-0.03668265941 0.2171899003 -4.756285218e-22)
(-0.0348903638 0.1968934486 8.301255975e-22)
(-0.03378837957 0.1703342379 -1.885698091e-22)
(-0.03449876498 0.1367221075 0)
(-0.03811572794 0.09479673641 0)
(-0.04564992537 0.04304286626 2.410617413e-23)
(-0.05790804436 -0.02013781166 -6.007198295e-22)
(-0.075145987 -0.09620650132 -4.309566875e-22)
(-0.09645175148 -0.1855556163 4.637862415e-22)
(-0.1183462631 -0.2853567761 -6.488734909e-22)
(-0.1332715394 -0.3838386523 9.11994635e-23)
(-0.1265350995 -0.4504358703 2.937340899e-23)
(-0.08899154112 -0.4198536364 5.660446184e-22)
(-0.01526917933 -0.2111719725 6.020795915e-22)
(-0.005180899707 0.08598045966 0)
(-0.02525550772 0.1766291189 1.46557934e-22)
(-0.03483408077 0.2205961553 -4.917144489e-23)
(-0.03640013969 0.2354859348 7.642931243e-22)
(-0.03018483146 0.234340675 -7.005378919e-22)
(-0.01916579532 0.2241603879 4.746481393e-23)
(-0.005615151146 0.2083525839 -1.018609875e-22)
(0.008569607023 0.1881241083 -3.389888994e-22)
(0.02179886105 0.1633911267 2.062823003e-22)
(0.03262781397 0.1333242731 0)
(0.03958458471 0.09664086201 0)
(0.04117013159 0.05174056479 -2.902667592e-22)
(0.03578483716 -0.003255397331 0)
(0.02198184574 -0.07058360782 -5.51218693e-22)
(-0.001264847065 -0.15257355 -1.492375994e-23)
(-0.03310469968 -0.250594984 2.559740067e-23)
(-0.0690923589 -0.3599341508 2.203141163e-22)
(-0.09227827053 -0.4575424519 4.788099278e-24)
(-0.08718089945 -0.4698129406 -5.78941477e-22)
(-0.02103127152 -0.269897229 0)
(-0.01111631578 0.1085974974 0)
(-0.04248901908 0.1947151671 -8.848478032e-22)
(-0.04795528989 0.225819551 -5.411038896e-22)
(-0.03919536044 0.2282135556 4.543816019e-22)
(-0.0187783042 0.2182328135 -1.709979967e-24)
(0.007664312447 0.2028220354 -4.561049494e-23)
(0.03667993247 0.1847619768 5.696682416e-22)
(0.06582998445 0.1647118216 -2.766890762e-23)
(0.09327130767 0.1423128181 -2.069781882e-22)
(0.1173891595 0.1166274944 3.142213702e-23)
(0.1365461675 0.08641143949 -3.425917266e-23)
(0.1489669255 0.05017669091 -3.69059414e-23)
(0.1525275768 0.006159167529 3.205633516e-22)
(0.1449367019 -0.0479612697 6.119606064e-22)
(0.1235159779 -0.1153052903 -5.10117135e-22)
(0.08633533329 -0.2004195644 -1.616057794e-22)
(0.03199089195 -0.3067806586 1.531308543e-22)
(-0.02362123226 -0.423983714 7.293654069e-23)
(-0.06492413083 -0.4871612783 1.913291851e-21)
(-0.02509971708 -0.3291544739 2.954991736e-21)
(-0.02004680505 0.14607274 -4.390207617e-23)
(-0.06416406246 0.2112955846 4.417380369e-23)
(-0.05070230555 0.2177300483 1.000188424e-21)
(-0.01934097403 0.2014679988 -8.270579424e-24)
(0.0241446485 0.1809076183 0)
(0.07154121947 0.1606933354 4.363722031e-23)
(0.1190703392 0.14164955 -2.273851999e-22)
(0.1644767318 0.123318183 -9.027956801e-23)
(0.2062251145 0.1048117303 3.680734455e-23)
(0.242964301 0.08507140176 -1.701655121e-23)
(0.2732207567 0.06296147757 3.429970574e-23)
(0.2952536098 0.03726293887 -6.592681178e-23)
(0.306697105 0.006535068667 -9.303906198e-23)
(0.3049738304 -0.03087770008 1.517044084e-22)
(0.2863936241 -0.0778629094 0)
(0.2470568078 -0.1399300367 1.505610747e-22)
(0.181092223 -0.2266299751 2.560014005e-22)
(0.096044502 -0.3443894945 0)
(-0.006697616132 -0.4552210216 -3.675635217e-21)
(-0.01922408207 -0.3777537586 -2.8926212e-21)
(-0.02591951358 0.2276828795 -9.514204915e-22)
(-0.0399832453 0.2238216519 -1.388976511e-22)
(0.03656137055 0.1810585365 -2.335581206e-22)
(0.1090503048 0.1451059096 -1.193741941e-22)
(0.1817191193 0.1172445501 -4.295825341e-23)
(0.249009073 0.09627907699 9.783179506e-23)
(0.3100336698 0.08002510496 -1.408592003e-22)
(0.3646209328 0.0665681542 1.297175298e-22)
(0.4126252489 0.05449178971 -8.620120505e-23)
(0.4536250295 0.04270894992 1.132195034e-25)
(0.486787872 0.03032298467 1.527741759e-23)
(0.5107451361 0.01652901886 7.997205108e-23)
(0.5236597453 0.0005365144806 -1.811123885e-22)
(0.523179801 -0.01863373246 -1.617146237e-22)
(0.5052323417 -0.04286478957 -4.262953567e-23)
(0.4658715079 -0.07633231185 0)
(0.3952696496 -0.1286089384 -1.846477941e-22)
(0.2916071046 -0.2208468098 8.14876395e-22)
(0.1197455104 -0.3525016902 1.631601677e-21)
(0.02670547256 -0.3775497979 2.172655959e-21)
(0.2142894468 0.1347447205 9.864989899e-22)
(0.2776311186 0.09870503572 0)
(0.4316592296 0.05810414835 -2.594320821e-22)
(0.5304749351 0.03846264972 -1.741666367e-22)
(0.6016965756 0.02623419139 0)
(0.6571198964 0.01831923501 -6.009090753e-23)
(0.7015213608 0.01313600873 6.378000438e-23)
(0.7376042504 0.009542126576 -1.800156174e-23)
(0.766936842 0.006804463782 2.885973779e-23)
(0.7902106687 0.004464743996 2.315032952e-23)
(0.8074555012 0.002221319871 0)
(0.8182621355 -0.000150075019 -2.873032866e-23)
(0.8216499715 -0.002723848352 0)
(0.8162394196 -0.005712668718 2.73815062e-23)
(0.7991333147 -0.009611382879 1.421691571e-23)
(0.7679986344 -0.01500255109 -5.799404151e-23)
(0.7106555754 -0.02502519954 -2.535661234e-22)
(0.623518398 -0.04204285407 -6.918102169e-22)
(0.423009102 -0.09182968079 0)
(0.2705674689 -0.1524021841 -2.119483823e-21)
)


// ************************************************************************* //
