/*--------------------------------*- C++ -*----------------------------------*\
  =========                 |
  \\      /  F ield         | OpenFOAM: The Open Source CFD Toolbox
   \\    /   O peration     | Website:  https://openfoam.org
    \\  /    A nd           | Version:  13
     \\/     M anipulation  |
\*---------------------------------------------------------------------------*/
FoamFile
{
    format      ascii;
    class       vectorField;
    location    "17.4";
    object      U_all;
}
// * * * * * * * * * * * * * * * * * * * * * * * * * * * * * * * * * * * * * //


400
(
(1.089814685e-05 -3.752878941e-05 0)
(-0.0006656532864 0.000412785067 -1.556057812e-23)
(-0.00218314582 0.0009194214928 0)
(-0.004043288968 0.001311246992 0)
(-0.005964914558 0.001533213425 6.830985622e-25)
(-0.007753668717 0.001567946637 4.144377983e-24)
(-0.009273752229 0.001421868923 -7.315081066e-24)
(-0.010424114 0.001118444675 7.595101043e-24)
(-0.01112470084 0.0006953576528 -2.101668708e-25)
(-0.01131549393 0.0002029468596 -4.005082135e-24)
(-0.01096141576 -0.0002998162811 5.816457794e-24)
(-0.01006389687 -0.0007467035465 -5.941160026e-23)
(-0.008673834323 -0.001074572248 -6.566953977e-23)
(-0.006899380639 -0.001232128192 -7.800812414e-23)
(-0.004909699942 -0.001192030251 4.585831903e-24)
(-0.002928145604 -0.0009617813524 -4.15272449e-24)
(-0.001207421608 -0.0005915758958 -2.010157952e-22)
(-2.137599515e-05 -0.0001706151151 0)
(0.0005165001178 0.0001711933265 1.567729643e-25)
(0.0002223275334 0.0003053909812 -3.319822936e-24)
(-0.000263011252 0.0008284540628 1.37429017e-25)
(-0.002699833955 0.003379894186 1.566082528e-23)
(-0.006898043022 0.005597297979 1.564830202e-25)
(-0.01193614443 0.006998973999 -8.490253476e-25)
(-0.01711187968 0.007543880872 1.160850075e-24)
(-0.02194598531 0.007284924492 1.302570384e-23)
(-0.02607658444 0.006314323693 1.432417964e-24)
(-0.02922847951 0.004749144719 -7.345441194e-24)
(-0.03118863925 0.002735108139 1.019199051e-23)
(-0.03180511147 0.0004534457193 4.521992928e-24)
(-0.0309939322 -0.00188019158 -6.332997596e-24)
(-0.02876444446 -0.004016870737 2.950925727e-24)
(-0.02524884113 -0.005700980606 3.901969025e-23)
(-0.02071615283 -0.006699989644 -1.961183644e-24)
(-0.01558037576 -0.006847847977 3.768614782e-24)
(-0.0103814405 -0.006093262353 -9.798587647e-23)
(-0.005730480549 -0.004544599491 9.698704799e-23)
(-0.002235365398 -0.002508287183 -4.076600275e-25)
(-0.0001836204467 -0.0005047920091 4.179439488e-25)
(8.316259561e-05 0.0006079993034 0)
(-0.0004181289035 0.002931558612 -2.896760426e-25)
(-0.004640963856 0.008792127872 1.685819005e-23)
(-0.01135513402 0.01322198193 -8.38236979e-24)
(-0.01929896649 0.01577004971 -2.079122799e-25)
(-0.02743443672 0.01650748134 2.042516643e-25)
(-0.03506808783 0.0156240462 7.779438277e-27)
(-0.04165595407 0.01334392841 -1.263058366e-24)
(-0.04677326427 0.009909627696 -4.584330281e-25)
(-0.05008567428 0.005599107246 -1.067200479e-23)
(-0.05134943469 0.0007481079669 0)
(-0.05041944171 -0.004231813047 0)
(-0.04728574475 -0.00887224814 2.678387047e-23)
(-0.0421170401 -0.0126638115 2.821180509e-23)
(-0.03528226783 -0.0151174374 -1.653337781e-24)
(-0.02736801811 -0.01584508549 4.873079792e-23)
(-0.01915723185 -0.01466049865 9.475224651e-23)
(-0.01155519127 -0.01168613908 4.044817875e-23)
(-0.005464108278 -0.007448839803 4.37707818e-25)
(-0.001451629294 -0.002938254424 9.483061446e-26)
(-9.073110274e-05 0.000223064794 0)
(-0.0005015525358 0.006037026984 -4.224638816e-23)
(-0.006392711801 0.01634726232 -1.675991194e-23)
(-0.01551118723 0.02352535691 8.308689654e-24)
(-0.02623957434 0.02740262281 0)
(-0.03723257619 0.02828207285 0)
(-0.04762195958 0.02655314975 0)
(-0.05671758019 0.02260440753 -4.670778511e-26)
(-0.06396774449 0.01681948728 -2.084356527e-24)
(-0.06892163084 0.009617112077 0)
(-0.07122020582 0.001497747241 1.655282383e-24)
(-0.07062545197 -0.006919166656 2.816065159e-25)
(-0.06705561014 -0.01490423024 -2.823950396e-25)
(-0.06063530577 -0.02163571324 0)
(-0.05175654563 -0.02628257806 4.15998559e-23)
(-0.04111234969 -0.0281292881 -4.708079572e-23)
(-0.02969486321 -0.026748037 -2.797193337e-23)
(-0.01872315317 -0.02219803634 -4.031167606e-23)
(-0.00948192197 -0.01521127618 7.784855304e-25)
(-0.002975523752 -0.007297987079 9.695458077e-23)
(-0.0002317097735 -0.0008688896276 0)
(-0.0005306596111 0.01008031459 4.245179539e-23)
(-0.007971215439 0.02591402074 4.806152638e-25)
(-0.01936755705 0.03637579792 -4.696374463e-25)
(-0.03277538597 0.04179579017 0)
(-0.04657983576 0.04283645788 7.77449801e-25)
(-0.05976877601 0.04014944744 -7.666699952e-25)
(-0.07153624804 0.03430789752 3.660845678e-23)
(-0.08122177694 0.0258321284 1.834983787e-23)
(-0.08825568568 0.01526522533 6.186326347e-24)
(-0.09214442789 0.003255361523 -1.657210952e-24)
(-0.09249805066 -0.009382824982 0)
(-0.08907837338 -0.02163672301 4.409828733e-25)
(-0.08187463515 -0.03232034597 1.024890488e-23)
(-0.07119830313 -0.04016135452 -4.377865734e-23)
(-0.05776569952 -0.04397083315 1.953209479e-24)
(-0.04274749867 -0.04290561169 4.290652617e-23)
(-0.02773091483 -0.03680210174 -3.962778124e-25)
(-0.01453889537 -0.02650932275 0)
(-0.004855809485 -0.01407900024 5.426235743e-23)
(-0.0003637499102 -0.002848317634 -2.553366727e-22)
(-0.0005263789473 0.01497713521 9.850561349e-23)
(-0.009364297929 0.03733535437 -4.917956424e-25)
(-0.02284936186 0.05162787066 0)
(-0.0387766968 0.05885982044 0)
(-0.05531205661 0.06017596308 -8.722495542e-23)
(-0.07133573362 0.05654930719 -8.484512527e-23)
(-0.08595844833 0.04874796223 -4.054821389e-23)
(-0.0984319267 0.03740607616 -1.496484829e-23)
(-0.1080693915 0.02314828213 -5.321969628e-24)
(-0.1142179309 0.006720643005 -8.130255591e-24)
(-0.1162814071 -0.01090083261 6.549999667e-24)
(-0.1137783221 -0.02843939578 8.726868639e-24)
(-0.1064451256 -0.04430716615 -1.886639677e-23)
(-0.09437971668 -0.05668289087 4.176065582e-24)
(-0.07819795347 -0.06371244315 0)
(-0.05917719854 -0.06387163072 -1.61332606e-23)
(-0.03930637781 -0.05648853202 -1.046637005e-26)
(-0.0211242595 -0.0423262699 0)
(-0.00731264483 -0.0239684232 -1.510026967e-22)
(-0.0005209972355 -0.005924425919 6.031370188e-22)
(-0.0004984813667 0.02061579521 -9.783395027e-23)
(-0.01051598847 0.05038220688 2.830477664e-22)
(-0.02579694175 0.06902877647 1.525812597e-22)
(-0.04396698847 0.07838738207 3.615715332e-24)
(-0.06303158021 0.08019305092 -7.308759961e-23)
(-0.08180894474 0.07579174398 9.027837398e-23)
(-0.09936655711 0.06614826337 -3.583034588e-24)
(-0.1148997282 0.05197305376 -1.723567169e-24)
(-0.1276214068 0.03390698528 2.515380658e-24)
(-0.1367138339 0.01271353732 7.341036298e-24)
(-0.1413393098 -0.01055023762 -6.452214852e-24)
(-0.1406992316 -0.03439963756 -9.678036881e-24)
(-0.1341594237 -0.05684919514 -3.255577027e-23)
(-0.1214442014 -0.07544351509 -3.586138379e-23)
(-0.1028841371 -0.087450055 5.490865697e-25)
(-0.07970059133 -0.09030573529 0)
(-0.0542244299 -0.08237382155 0)
(-0.02984831152 -0.06392789296 -2.887522361e-24)
(-0.01065438724 -0.03796274779 2.951558487e-24)
(-0.0007342838493 -0.01049599595 1.026399845e-22)
(-0.0004476669078 0.02683521978 0)
(-0.0113373301 0.06471911903 1.99950674e-22)
(-0.02798658143 0.08817910244 8.950623601e-23)
(-0.04794886184 0.09999639685 0)
(-0.06913609003 0.102585184 1.567898033e-22)
(-0.09035539634 0.09770903094 0)
(-0.11067939 0.08652796505 -1.425634012e-22)
(-0.1292937739 0.06978537112 6.501076696e-24)
(-0.1453536586 0.04805992894 0)
(-0.1579077746 0.02202749822 0)
(-0.1658860583 -0.007293596544 -1.369035699e-24)
(-0.1681438878 -0.03831990741 -9.262413793e-25)
(-0.1635910229 -0.0687487991 1.48481191e-22)
(-0.1514170943 -0.09547630572 -4.69647394e-23)
(-0.1314250751 -0.1147167036 -2.540346834e-24)
(-0.1044899377 -0.1224608323 1.51553065e-24)
(-0.07304470244 -0.1154570778 -1.539436084e-24)
(-0.04132220667 -0.0927612588 0)
(-0.01524159292 -0.05736848675 3.192325913e-24)
(-0.001043312763 -0.01713719957 -1.009837166e-21)
(-0.0003746496006 0.0334197619 0)
(-0.01174128514 0.07988720703 -1.127793722e-22)
(-0.02918432115 0.108504568 -6.185263939e-22)
(-0.05027793378 0.123077714 -3.751140262e-22)
(-0.07290665876 0.1267695656 0)
(-0.09591748238 0.1218034241 4.113196925e-22)
(-0.1184421064 0.109539481 1.258490779e-22)
(-0.1397193279 0.09071942132 -5.569614175e-24)
(-0.1589199987 0.06578609969 5.542047629e-24)
(-0.1750402489 0.03521668854 0)
(-0.1868493021 -0.0001546930489 2.90525839e-23)
(-0.1929124317 -0.03882456132 4.680908804e-24)
(-0.1916807036 -0.0783399482 -1.072556489e-22)
(-0.1816944943 -0.1150682459 7.964888694e-23)
(-0.1619746728 -0.1441307843 -2.410229406e-22)
(-0.1326380613 -0.1597254716 0)
(-0.09572848523 -0.1561943399 0)
(-0.05598568933 -0.1302069136 0)
(-0.02146610369 -0.0837563327 0)
(-0.001499207764 -0.02663902652 5.556130692e-22)
(-0.0002880435228 0.04011367212 0)
(-0.0116892457 0.09532499499 -3.489729146e-22)
(-0.02923134392 0.1292605767 8.923965856e-22)
(-0.05058515979 0.146770923 3.613158822e-22)
(-0.07366467905 0.1518220673 0)
(-0.09740445139 0.1471428018 -3.85671228e-22)
(-0.1210509437 0.1343153747 -3.169184295e-23)
(-0.143969868 0.1140704061 3.327555258e-22)
(-0.1654475637 0.08666866342 1.766365048e-22)
(-0.1845560238 0.05229743855 -4.052826288e-23)
(-0.2000632067 0.01145902952 1.655112192e-23)
(-0.2103933298 -0.03464025402 -8.245837299e-24)
(-0.2136530937 -0.0836642603 3.364897784e-22)
(-0.2077558 -0.1317526819 0)
(-0.1907617852 -0.1731383654 2.411393804e-22)
(-0.1615781306 -0.2001173495 5.746462417e-24)
(-0.1211216136 -0.2038781468 -5.832158472e-24)
(-0.07382022591 -0.1771016461 1.539619094e-22)
(-0.02970458407 -0.118793081 -5.409505003e-24)
(-0.002178214045 -0.04003083666 0)
(-0.0002128270808 0.04666827535 0)
(-0.01125097188 0.1104352368 0)
(-0.02815515981 0.1495832311 -5.017789493e-22)
(-0.04873946406 0.1699863733 -1.879072085e-23)
(-0.07099042737 0.1764668546 2.035797241e-23)
(-0.09397934831 0.1723148744 -2.011760203e-23)
(-0.1171248281 0.1593802264 -2.313366917e-23)
(-0.1399976035 0.1384101945 -3.024738076e-22)
(-0.1621123505 0.1094844133 6.693532065e-23)
(-0.1827761323 0.07245812712 4.504951526e-23)
(-0.2009646187 0.02739063538 -4.569120977e-23)
(-0.2152081205 -0.02501465568 0)
(-0.2235358115 -0.08288516499 -7.810520937e-23)
(-0.2234396457 -0.1426062539 0)
(-0.2120404318 -0.1980469087 -3.732553766e-22)
(-0.1867130488 -0.2399336002 5.232767992e-22)
(-0.1464140832 -0.2559357126 0)
(-0.09392216742 -0.2329975534 -1.48542634e-22)
(-0.04020762039 -0.1638761739 1.928726039e-22)
(-0.003199686354 -0.05858028368 -3.402752869e-22)
(-0.0002030326221 0.05292985119 0)
(-0.01067922194 0.124705671 9.174888071e-22)
(-0.0262963858 0.1685924846 -2.438449503e-23)
(-0.04502667661 0.1914816871 9.18486004e-22)
(-0.0649640657 0.199134738 -2.509499544e-23)
(-0.08538656173 0.1954747556 2.835346295e-23)
(-0.1059534582 0.1826848276 -2.80946427e-23)
(-0.1265186958 0.1615917768 -1.658674126e-23)
(-0.1469298986 0.1321482967 -5.253188123e-22)
(-0.1668797885 0.09390532423 -8.894482924e-24)
(-0.1857667913 0.0464472677 9.647251625e-24)
(-0.2025150853 -0.01016903683 3.309320186e-22)
(-0.2154493774 -0.07490710246 -5.813154537e-22)
(-0.2220477841 -0.1449223397 0)
(-0.2188195981 -0.2145530481 8.873897525e-22)
(-0.2016301008 -0.2738683574 -4.929434144e-22)
(-0.1668577774 -0.3074445348 -1.568596719e-23)
(-0.1140106494 -0.2952548496 0)
(-0.05287574847 -0.2194862231 -1.881508821e-22)
(-0.00474784226 -0.08373609426 3.351963516e-22)
(-0.0003659713591 0.05898244193 1.549681447e-23)
(-0.01050771243 0.1378861847 -8.75658071e-22)
(-0.02443850702 0.1855407664 -1.156167867e-21)
(-0.04030355129 0.2099844056 -8.621034275e-22)
(-0.05635373875 0.2180866426 0)
(-0.07220390791 0.2144921245 3.51008223e-23)
(-0.0878556501 0.2017839078 -7.286946796e-23)
(-0.1035272913 0.1809421677 5.861339247e-23)
(-0.1194762935 0.1518788271 3.017637246e-22)
(-0.1358766632 0.1139287553 -1.126941243e-23)
(-0.1526952561 0.06625711084 0)
(-0.1695392597 0.008242624877 -3.599783445e-22)
(-0.1853590489 -0.06007777869 7.508460568e-22)
(-0.1981189231 -0.1371806316 8.824462007e-22)
(-0.2044145481 -0.2188224611 -5.289836314e-22)
(-0.1991394157 -0.2958588067 5.157288222e-22)
(-0.1760826622 -0.3512881909 1.075214853e-23)
(-0.1300946792 -0.3582982269 -1.092481392e-23)
(-0.06688502019 -0.2842330414 -8.288450272e-23)
(-0.007082310221 -0.1169556615 0)
(-0.0009115120071 0.06536773378 -1.910050615e-23)
(-0.01169240275 0.1501953318 -1.326085146e-21)
(-0.02392443618 0.1999441445 1.093398903e-21)
(-0.03606798956 0.2242850145 6.730367486e-22)
(-0.04664467808 0.2315265464 6.010313902e-22)
(-0.05585657168 0.2271267543 6.638753795e-22)
(-0.06421072291 0.2140946711 -4.454539065e-23)
(-0.07238375958 0.1936016816 -3.458417557e-22)
(-0.08108550511 0.1655901286 2.150358949e-22)
(-0.09099269567 0.1292896251 0)
(-0.1026777111 0.08357512085 0)
(-0.1164839799 0.0272624091 2.653676322e-22)
(-0.1322756251 -0.04054695017 8.200412404e-23)
(-0.14903221 -0.1199341682 -2.817910993e-22)
(-0.164220442 -0.2088479086 -5.407597095e-23)
(-0.172859533 -0.3006127674 1.303080902e-22)
(-0.1670790896 -0.3792401887 -3.396737601e-22)
(-0.1365529625 -0.4135492625 -1.624551244e-23)
(-0.08018757566 -0.3537473889 8.277122829e-23)
(-0.01050732747 -0.1593718061 -6.036524398e-22)
(-0.00226243407 0.07346631497 0)
(-0.01582303799 0.1625863301 2.144547633e-21)
(-0.02669388311 0.2116926378 0)
(-0.03429152872 0.2332816866 -1.350998519e-21)
(-0.03768453125 0.2376657086 6.189931347e-23)
(-0.03810621796 0.2311606625 -6.188223283e-22)
(-0.03680625445 0.2171210229 -4.752914471e-22)
(-0.03502413464 0.1968564597 8.294814894e-22)
(-0.03392844054 0.1703281312 -1.884099016e-22)
(-0.03464090401 0.1367437382 0)
(-0.03825658824 0.09484003369 0)
(-0.04578635612 0.04310035338 2.413678441e-23)
(-0.05803736995 -0.02007344153 -6.003791187e-22)
(-0.0752651175 -0.09614162713 -4.307185802e-22)
(-0.0965569187 -0.1854928507 4.636454346e-22)
(-0.1184328482 -0.2852952685 -6.484564675e-22)
(-0.1333355451 -0.3837743401 9.100301412e-23)
(-0.1265728441 -0.4503679002 2.969387811e-23)
(-0.08900458023 -0.4197866796 5.661602783e-22)
(-0.01526991658 -0.2111348372 6.0251489e-22)
(-0.005182563105 0.08596912185 0)
(-0.02527546774 0.1765864859 1.46606046e-22)
(-0.03488018443 0.2205262502 -4.914865029e-23)
(-0.03647406411 0.2354007683 7.638884093e-22)
(-0.03028445221 0.2342545339 -7.001359927e-22)
(-0.01928688882 0.2240857095 4.743633023e-23)
(-0.005750426202 0.2082982437 -1.018472028e-22)
(0.008424996151 0.18809494 -3.387448749e-22)
(0.02164946334 0.1633877166 2.061609312e-22)
(0.03248023285 0.1333440476 0)
(0.03944259574 0.09667863511 0)
(0.0410368195 0.05178959851 -2.901249695e-22)
(0.03566118507 -0.003202344053 0)
(0.02186938261 -0.07053155603 -5.511035785e-22)
(-0.001364175112 -0.1525264816 -1.484253968e-23)
(-0.03318829711 -0.2505532159 2.559141572e-23)
(-0.06915915038 -0.359893879 2.201464056e-22)
(-0.09232200037 -0.457503215 4.7923764e-24)
(-0.08719868248 -0.4697689726 -5.79070943e-22)
(-0.02103313018 -0.2698685318 0)
(-0.01111719708 0.1085964634 0)
(-0.04250534125 0.1946950343 -8.844839882e-22)
(-0.04799568387 0.2257778492 -5.40964948e-22)
(-0.03926270661 0.2281571604 4.542676691e-22)
(-0.01887146241 0.2181724442 -1.711814302e-24)
(0.007549337472 0.2027675255 -4.559298909e-23)
(0.03654973267 0.1847212766 5.693651344e-22)
(0.06569088994 0.1646881503 -2.765369338e-23)
(0.09312948783 0.142308716 -2.068540459e-22)
(0.1172508702 0.1166413744 3.140681572e-23)
(0.1364157588 0.08643965342 -3.424488883e-23)
(0.1488472547 0.05021418363 -3.689465042e-23)
(0.1524209763 0.006200423508 3.204864732e-22)
(0.1448439008 -0.04792171133 6.118385893e-22)
(0.1234359301 -0.1152714703 -5.100505804e-22)
(0.08626936513 -0.2003930308 -1.616481626e-22)
(0.0319331894 -0.3067601615 1.530465591e-22)
(-0.02366248377 -0.4239630997 7.293305121e-23)
(-0.06494089052 -0.4871378361 1.913161537e-21)
(-0.0251020248 -0.3291361351 2.954844713e-21)
(-0.02004620656 0.1460782058 -4.389336651e-23)
(-0.06417157678 0.211292144 4.416504349e-23)
(-0.05072640891 0.2177117873 1.000000236e-21)
(-0.01938610218 0.2014373293 -8.218542491e-24)
(0.02407711025 0.1808711362 0)
(0.07145304688 0.1606580585 4.36220159e-23)
(0.1189665285 0.1416214084 -2.272865029e-22)
(0.1643630873 0.1233005622 -9.023728148e-23)
(0.2061078072 0.104806625 3.678899239e-23)
(0.2428494971 0.08507836347 -1.700816656e-23)
(0.2731134883 0.06297840527 3.428540505e-23)
(0.2951579893 0.03728651985 -6.59061359e-23)
(0.3066138838 0.006561480121 -9.301028763e-23)
(0.3049036743 -0.03085227959 1.516917996e-22)
(0.2863365605 -0.07784183071 0)
(0.2470113581 -0.1399154874 1.506132914e-22)
(0.1810554259 -0.2266233848 2.559760135e-22)
(0.09601700974 -0.3443813723 0)
(-0.006711670464 -0.4552123665 -3.675392185e-21)
(-0.01922638355 -0.3777457432 -2.892477241e-21)
(-0.02591782292 0.2276886278 -9.513733397e-22)
(-0.0399805667 0.2238256134 -1.388830049e-22)
(0.0365583708 0.1810550346 -2.335131074e-22)
(0.1090351987 0.1450949678 -1.193428e-22)
(0.1816880762 0.1172287868 -4.295519891e-23)
(0.248961107 0.09626238953 9.780950086e-23)
(0.309970975 0.08001086616 -1.408093211e-22)
(0.3645476084 0.06655862602 1.296591642e-22)
(0.4125464154 0.05448828967 -8.615867315e-23)
(0.4535461901 0.04271153158 1.131966293e-25)
(0.4867139194 0.03033067814 1.527193405e-23)
(0.5106798445 0.0165401549 7.994709752e-23)
(0.5236058982 0.0005483467466 -1.810757421e-22)
(0.5231387887 -0.01862223039 -1.617017816e-22)
(0.5052022179 -0.04285551273 -4.263321689e-23)
(0.4658503197 -0.07632649546 0)
(0.3952543045 -0.1286071271 -1.845833812e-22)
(0.2915955438 -0.2208462937 8.148072484e-22)
(0.1197385065 -0.3525012148 1.631495268e-21)
(0.02670370082 -0.3775487539 2.172601038e-21)
(0.2142912061 0.1347464489 9.864469953e-22)
(0.2776365988 0.09870725127 0)
(0.4316653403 0.05810518729 -2.594123389e-22)
(0.5304774709 0.03846229648 -1.741596922e-22)
(0.601691942 0.02623279297 0)
(0.6571064076 0.01831746444 -6.007911134e-23)
(0.7014995183 0.01313449412 6.375689157e-23)
(0.7375761502 0.009541299541 -1.799239911e-23)
(0.7669054869 0.006804577043 2.8845137e-23)
(0.7901793962 0.004465794705 2.313897153e-23)
(0.8074273406 0.002223113409 0)
(0.8182392925 -0.00014782401 -2.872076022e-23)
(0.8216337229 -0.002721482826 0)
(0.8162300076 -0.005710888386 2.737906421e-23)
(0.799129324 -0.009610337529 1.422297602e-23)
(0.7679982513 -0.01500227313 -5.798501173e-23)
(0.7106565737 -0.0250256675 -2.535274065e-22)
(0.6235190352 -0.0420434017 -6.917561079e-22)
(0.4230090353 -0.09183024782 0)
(0.2705672999 -0.1524024411 -2.119430253e-21)
)


// ************************************************************************* //
