/*--------------------------------*- C++ -*----------------------------------*\
  =========                 |
  \\      /  F ield         | OpenFOAM: The Open Source CFD Toolbox
   \\    /   O peration     | Website:  https://openfoam.org
    \\  /    A nd           | Version:  13
     \\/     M anipulation  |
\*---------------------------------------------------------------------------*/
FoamFile
{
    format      ascii;
    class       scalarField;
    location    "24.31";
    object      p_all;
}
// * * * * * * * * * * * * * * * * * * * * * * * * * * * * * * * * * * * * * //


400
(
1.127307963e-06
-0.00054615739
-0.0008881652505
-0.00101561638
-0.0009367256075
-0.0006838339098
-0.0002945116691
0.0001952389592
0.000748884633
0.001325945606
0.001880796425
0.002360590201
0.002709935033
0.002875731904
0.002816443058
0.002514073169
0.001989091219
0.001298635237
0.0006397590823
4.389254021e-05
0.0005893904997
8.150216368e-06
-0.000355539244
-0.0004978274504
-0.0004671472892
-0.0002900570725
4.074714988e-06
0.0003859611602
0.000824182057
0.001281458589
0.00171794476
0.002082494739
0.002324749964
0.002397353332
0.002266433031
0.001923208056
0.001394417317
0.0007451102066
0.0001475096473
-0.0005151513905
0.0009535948745
0.0003092467937
-9.195615709e-05
-0.0002382366334
-0.0002320704411
-0.0001035356746
0.0001233329614
0.0004272557992
0.0007845055524
0.001163076598
0.001531141149
0.001834585712
0.002023478472
0.002049104897
0.001876335539
0.001495352459
0.0009301279909
0.0002372126496
-0.000461211117
-0.001298143818
0.0009772858753
0.000259180225
-0.0001910241906
-0.0003432734065
-0.0003524775416
-0.000255435814
-7.279293476e-05
0.0001828567199
0.0004979749623
0.0008523251618
0.001204730961
0.001512257143
0.001714106705
0.001749750658
0.00157032537
0.001152447091
0.0005079349968
-0.0003164795049
-0.001231753554
-0.002382483776
0.0004816404276
-0.0002837739642
-0.0007626298716
-0.0009142896143
-0.0009352565814
-0.0008667568823
-0.0007237702729
-0.0005067602245
-0.0002154485563
0.0001409169805
0.0005319087565
0.0009092567978
0.001201739896
0.001328473948
0.001213047593
0.0008022673997
8.208513969e-05
-0.0009154399192
-0.002125352687
-0.003653765185
-0.000685137967
-0.00146585086
-0.001954839209
-0.002105840451
-0.002148551411
-0.002125114519
-0.002040632252
-0.001877906545
-0.001615698682
-0.00124359025
-0.0007771196089
-0.0002608212573
0.0002226897196
0.0005635888904
0.000639969851
0.0003437050674
-0.0003907983486
-0.001561764432
-0.003132466112
-0.005139596852
-0.002660462171
-0.003422120719
-0.003913923085
-0.004079230709
-0.004176504972
-0.004245443584
-0.004276333403
-0.004227146628
-0.004045422081
-0.003687372189
-0.003138454401
-0.002424423406
-0.001631172181
-0.0009011100042
-0.0004225088463
-0.0003963699296
-0.0009858894088
-0.002258172166
-0.004230244889
-0.006825703149
-0.005553443261
-0.006268337135
-0.006766566891
-0.006980427984
-0.007193691708
-0.007441433569
-0.007694968227
-0.007879863244
-0.007899675406
-0.007657995339
-0.007084653703
-0.00615676893
-0.004941040989
-0.00360221644
-0.002411353294
-0.001711993369
-0.001840704875
-0.003012494937
-0.005365852195
-0.008659521157
-0.009433396865
-0.01007971818
-0.0105965344
-0.01090867567
-0.01132392177
-0.01187360425
-0.01250875663
-0.01311690936
-0.01354487186
-0.0136202886
-0.0131793141
-0.01211793716
-0.01042488984
-0.008253528375
-0.005953441664
-0.004059159884
-0.003187529203
-0.003840466862
-0.006423815641
-0.01048888659
-0.01431486514
-0.01487386066
-0.0154207973
-0.01587992633
-0.01658757783
-0.01757746542
-0.0187840496
-0.02005590516
-0.02117414877
-0.0218700166
-0.02185368426
-0.02086854451
-0.01876827179
-0.01561659666
-0.01179177965
-0.008034271783
-0.00535703067
-0.004757411598
-0.007178441757
-0.01197643442
-0.02015206237
-0.02060232125
-0.02117246198
-0.02179433687
-0.02284948006
-0.02438745875
-0.02633601116
-0.02851007863
-0.03062373841
-0.03229946162
-0.03309109886
-0.03253653305
-0.03027840059
-0.02617478467
-0.02052123862
-0.01420056564
-0.008688461404
-0.005723745694
-0.007216479319
-0.0124635922
-0.02685379988
-0.02715962033
-0.02770002259
-0.02842030782
-0.02978628236
-0.03188592257
-0.03465537168
-0.0378857987
-0.04122978991
-0.04420070275
-0.0461836719
-0.04647434379
-0.04445875006
-0.03965590526
-0.03211716966
-0.02269521517
-0.01326335103
-0.006482990026
-0.005805848548
-0.01076248737
-0.03433192761
-0.03441542655
-0.03478675901
-0.03540173295
-0.03688882921
-0.03940668355
-0.04291638997
-0.04719369841
-0.05183581827
-0.05625395368
-0.05967524878
-0.0611864615
-0.059775262
-0.05465174772
-0.04543730709
-0.03269625088
-0.01844993932
-0.006243028475
-0.00167128701
-0.004871047216
-0.04260692588
-0.04227661
-0.04219286141
-0.04229311791
-0.04351068947
-0.04611311164
-0.05009600445
-0.05521647261
-0.06101091853
-0.06679190888
-0.07163586687
-0.07440890582
-0.07382870453
-0.06867131146
-0.05806866745
-0.04205880596
-0.02243725752
-0.003254641071
0.007349449192
0.008343665599
-0.05200739832
-0.05075818665
-0.04967508703
-0.04857618077
-0.04892393005
-0.05111712853
-0.05516952052
-0.06079259297
-0.06743168817
-0.07428598528
-0.0802789481
-0.0840726268
-0.08412738978
-0.07883463664
-0.06684023467
-0.04752109304
-0.02212530254
0.005503831396
0.02471730722
0.03352917216
-0.06365308608
-0.06018654154
-0.0570948218
-0.05376192967
-0.05246300892
-0.05367748142
-0.0573620057
-0.06313500989
-0.07025924129
-0.07779765509
-0.08448947363
-0.08878297946
-0.08889574069
-0.08283742375
-0.06884890538
-0.04561919691
-0.01375006581
0.02441833636
0.05554104302
0.07735718326
-0.08018386173
-0.07107259383
-0.06411905739
-0.05716348661
-0.05342961429
-0.05321350322
-0.05625696246
-0.06191169355
-0.06925661983
-0.07711455672
-0.08400995598
-0.08814972169
-0.08747855663
-0.07965482796
-0.06247814382
-0.03404941011
0.00556559388
0.05859521974
0.1058240563
0.148068726
-0.1105055826
-0.08585306152
-0.07160529753
-0.05897050383
-0.05191289955
-0.04988241541
-0.05210189007
-0.0575077085
-0.06485828863
-0.07270709439
-0.07933863598
-0.08271224836
-0.08051848123
-0.06988583766
-0.04823138029
-0.01272179007
0.03823675171
0.1071327523
0.1779793106
0.2564771248
-0.1684360882
-0.0999075056
-0.07500790667
-0.05479771849
-0.04461884091
-0.04158513954
-0.04371741794
-0.04938098806
-0.05701637232
-0.06496983002
-0.07136077568
-0.07397930204
-0.07012847879
-0.05701249688
-0.03102757242
0.0119300898
0.07560003483
0.1664047333
0.2761624963
0.4377048019
-0.3984274067
-0.1380987562
-0.07497017529
-0.04708839741
-0.0335494606
-0.03003004804
-0.03280191213
-0.03926436589
-0.04755787114
-0.0559382841
-0.06249933853
-0.06502862248
-0.06099421235
-0.04696846094
-0.01875569218
0.0299363225
0.1069563263
0.2334278103
0.4198807392
0.7800239459
)


// ************************************************************************* //
