/*--------------------------------*- C++ -*----------------------------------*\
  =========                 |
  \\      /  F ield         | OpenFOAM: The Open Source CFD Toolbox
   \\    /   O peration     | Website:  https://openfoam.org
    \\  /    A nd           | Version:  13
     \\/     M anipulation  |
\*---------------------------------------------------------------------------*/
FoamFile
{
    format      ascii;
    class       scalarField;
    location    "6.96";
    object      p_all;
}
// * * * * * * * * * * * * * * * * * * * * * * * * * * * * * * * * * * * * * //


400
(
1.105878855e-08
-0.0004739082182
-0.0007499150044
-0.0008169307299
-0.00068761007
-0.0003932424312
3.05913194e-05
0.0005501323725
0.001131689951
0.001738649358
0.00232941758
0.002856633114
0.00326924802
0.003517163966
0.003558961853
0.003372523935
0.00296813545
0.002397398236
0.001810764898
0.001266993919
0.0005092498059
5.594527966e-06
-0.0002911450202
-0.0003724934407
-0.0002846444027
-5.374155709e-05
0.0002912598693
0.0007216340922
0.001207236856
0.001713490455
0.002203464046
0.002630526449
0.002947743715
0.003110137235
0.00308326278
0.002853694121
0.002439060692
0.001893977182
0.001358886759
0.0007597697626
0.0008034317752
0.0002467444916
-8.215170772e-05
-0.000165690644
-9.591104831e-05
9.811807238e-05
0.0003916004498
0.0007618516778
0.001184602161
0.001630654229
0.002063079103
0.002438770973
0.002709447018
0.002828831111
0.002761577327
0.002493689024
0.002041023425
0.001450798525
0.0008238248118
5.626197222e-05
0.0007814428723
0.000161602703
-0.0002082362043
-0.0002929943867
-0.0002292130493
-5.215232902e-05
0.0002152240739
0.0005564655414
0.0009545617799
0.001386232622
0.001817175409
0.002202555432
0.002487644196
0.002616199885
0.002540935979
0.002236153752
0.001707457027
0.0009938453983
0.0001694927086
-0.0008735454431
0.0002977248031
-0.0003654377442
-0.0007585509557
-0.0008359850126
-0.0007702411062
-0.0006014897276
-0.0003495025888
-2.206227361e-05
0.0003742628954
0.0008252133412
0.001301126682
0.001755787314
0.00212417825
0.002332195454
0.002308650107
0.002002120518
0.001396198365
0.0005177995129
-0.0005787487974
-0.001970734595
-0.0007758373398
-0.001457927592
-0.001859373125
-0.00192637408
-0.001862007937
-0.001709128366
-0.001481343098
-0.001173605827
-0.0007765475319
-0.0002888981478
0.0002704079065
0.0008584052262
0.001399058793
0.001793042139
0.001929696407
0.001710191625
0.001073997765
2.258523176e-05
-0.001414050316
-0.003252716993
-0.00255946276
-0.003235814901
-0.003640020883
-0.00370658574
-0.003667089804
-0.003564903076
-0.003403799625
-0.003160174458
-0.002800222108
-0.002295773251
-0.001642016261
-0.0008650763952
-4.576945201e-05
0.0006881373084
0.001167916926
0.001213668199
0.0006799097805
-0.0004915363665
-0.002319223924
-0.004719837708
-0.005158100962
-0.00580952444
-0.006220583682
-0.006314537332
-0.006350319962
-0.006370658155
-0.006366402884
-0.006289133246
-0.006069628827
-0.005635918247
-0.004936206315
-0.00395258668
-0.002750637392
-0.001477572443
-0.0003756579651
0.0002481755307
9.399521299e-05
-0.001028007096
-0.003247853616
-0.006333002871
-0.008652005503
-0.009263593929
-0.009693825728
-0.009859092457
-0.01004648398
-0.0102996041
-0.01059576622
-0.01085704506
-0.01096737804
-0.0107889954
-0.01018421938
-0.009070448885
-0.007432478919
-0.005408128458
-0.003311239632
-0.00162397056
-0.0009031964059
-0.001601015405
-0.004095567526
-0.007960735498
-0.0130829754
-0.0136414408
-0.01410417533
-0.01438799309
-0.0148141194
-0.01543329246
-0.0162133632
-0.01704659804
-0.01776178348
-0.01813572862
-0.01791590157
-0.01686994448
-0.01485816896
-0.01192991428
-0.00842520752
-0.005022235392
-0.002653344149
-0.002236660937
-0.004656932422
-0.009297298255
-0.01844686958
-0.01893520437
-0.01942938237
-0.01985460455
-0.02058296697
-0.02168521072
-0.02312968687
-0.02478467179
-0.02642261149
-0.02772109977
-0.02827840087
-0.02766091556
-0.02552031955
-0.02169811279
-0.01645466239
-0.01061225116
-0.005559624396
-0.002934759927
-0.004553745756
-0.009728387092
-0.02470319969
-0.02508905979
-0.02557345796
-0.02609429008
-0.02711134408
-0.02873617911
-0.0309527256
-0.03361597141
-0.03644827654
-0.0390262443
-0.04078354132
-0.04105055821
-0.03917948193
-0.0346975161
-0.02761268378
-0.01872697252
-0.009842082355
-0.003524276092
-0.003108910101
-0.008119515978
-0.03181624862
-0.03202327085
-0.03237616167
-0.03281837205
-0.03396984457
-0.03601168325
-0.0389595191
-0.04266456866
-0.04680706293
-0.05086962071
-0.05412622191
-0.05567069515
-0.05449510707
-0.0497435948
-0.04099657869
-0.02877521856
-0.01505936653
-0.00334247528
0.0008780532886
-0.00251786102
-0.03985379825
-0.03968900934
-0.0396453036
-0.03963511182
-0.04056963228
-0.04273227301
-0.04617938993
-0.05075662985
-0.05610057086
-0.06160385336
-0.06639189244
-0.06933096779
-0.06909885065
-0.06439647373
-0.05428289168
-0.0387433479
-0.0195498952
-0.0007662989494
0.009493547977
0.0101881518
-0.04918330419
-0.04813781764
-0.04717311525
-0.04605912507
-0.04620634865
-0.04801688086
-0.05157260557
-0.05668618472
-0.06292800032
-0.06958497104
-0.07563604951
-0.07973777231
-0.08028892997
-0.07557248579
-0.06413834106
-0.04527517499
-0.02019778416
0.007197069346
0.02617922641
0.03466695724
-0.06095628945
-0.0577263897
-0.05484530072
-0.05161161995
-0.05020128277
-0.05108285499
-0.05429610113
-0.05955182292
-0.06631257273
-0.07369711489
-0.08052562139
-0.08523665261
-0.08596712743
-0.08060880736
-0.06734763743
-0.04460597921
-0.01300000232
0.02504865719
0.05611454462
0.07767955057
-0.07783473781
-0.06898662394
-0.06234106734
-0.05559283655
-0.05180986204
-0.05127052502
-0.05381427414
-0.05893701641
-0.06588018358
-0.07358333144
-0.08064001108
-0.08525035722
-0.08528602286
-0.07827332094
-0.06187741885
-0.03403906121
0.005345021081
0.05807045357
0.1054705728
0.1476025107
-0.1086852651
-0.08431230594
-0.07046099159
-0.0581028503
-0.05099847866
-0.0486125517
-0.05027344655
-0.05508961225
-0.06198736232
-0.06964515608
-0.0764150611
-0.08025176853
-0.07878778681
-0.06897945379
-0.04815125374
-0.01330691761
0.03725963397
0.1060042441
0.1769699801
0.2554114802
-0.1671137308
-0.09881504343
-0.07439363527
-0.05447012064
-0.04424378975
-0.04082605635
-0.04236625866
-0.04740457217
-0.05454717
-0.06226225275
-0.06873470818
-0.07175078916
-0.06856151154
-0.0562396391
-0.03105536544
0.011232448
0.07446314654
0.1650709179
0.2748345028
0.4364473524
-0.3971356833
-0.1371196077
-0.07449733731
-0.04695544726
-0.03340076488
-0.02952227885
-0.03172054179
-0.03756208833
-0.04534596211
-0.05344732391
-0.06002555798
-0.06287136146
-0.05939132314
-0.04610199103
-0.01863910227
0.02940773141
0.1059780219
0.2322253965
0.4186455887
0.7788327631
)


// ************************************************************************* //
