/*--------------------------------*- C++ -*----------------------------------*\
  =========                 |
  \\      /  F ield         | OpenFOAM: The Open Source CFD Toolbox
   \\    /   O peration     | Website:  https://openfoam.org
    \\  /    A nd           | Version:  13
     \\/     M anipulation  |
\*---------------------------------------------------------------------------*/
FoamFile
{
    format      ascii;
    class       scalarField;
    location    "23.31";
    object      p_all;
}
// * * * * * * * * * * * * * * * * * * * * * * * * * * * * * * * * * * * * * //


400
(
1.397926645e-06
-0.0005458186971
-0.0008878020847
-0.001015231062
-0.0009363259445
-0.0006834222247
-0.0002940859869
0.000195680084
0.0007493392326
0.001326409519
0.001881267013
0.002361070762
0.002710433723
0.002876259288
0.002817008624
0.002514682377
0.001989743791
0.001299328521
0.0006404777044
4.462852732e-05
0.0005896699451
8.458802365e-06
-0.0003552047625
-0.0004974667247
-0.0004667657984
-0.000289661033
4.482798209e-06
0.0003863834162
0.0008246228526
0.001281921326
0.00171843
0.00208300231
0.002325281035
0.002397912018
0.002267025687
0.001923840484
0.001395091165
0.0007458216183
0.0001482467135
-0.0005143995171
0.0009538472261
0.0003095308252
-9.164767991e-05
-0.0002379024294
-0.0002317081437
-0.0001031466394
0.0001237448376
0.0004276870648
0.0007849560691
0.001163552923
0.001531638071
0.00183510969
0.002024032245
0.002049690778
0.001876956211
0.001496010652
0.0009308247656
0.0002379455043
-0.0004604523046
-0.001297361839
0.0009775239405
0.0002594559053
-0.0001907229207
-0.0003429502877
-0.0003521269829
-0.0002550524178
-7.23748606e-05
0.0001833072219
0.0004984533231
0.0008528250407
0.001205258811
0.001512811376
0.001714690079
0.001750366757
0.001570977321
0.001153137044
0.0005086637307
-0.0003157130886
-0.001230955327
-0.002381647885
0.0004818818145
-0.0002834912152
-0.0007623151437
-0.0009139498249
-0.0009348871912
-0.0008663511601
-0.0007233228886
-0.0005062697902
-0.0002149182912
0.0001414802584
0.0005325000692
0.0009098721572
0.001202378991
0.001329139437
0.00121374374
0.0008029984456
8.285423277e-05
-0.0009146310588
-0.00212450538
-0.003652871689
-0.0006848605551
-0.001465537722
-0.001954491348
-0.002105459881
-0.002148131095
-0.00212464733
-0.002040113285
-0.001877334608
-0.001615077212
-0.001242927306
-0.0007764247759
-0.0002601038385
0.0002234234069
0.0005643371225
0.0006407355672
0.0003444946107
-0.0003899771465
-0.001560904021
-0.003131561037
-0.005138635535
-0.002660106784
-0.003421739469
-0.003913510299
-0.004078779458
-0.004176000805
-0.00424487504
-0.004275694784
-0.004226438653
-0.004044651419
-0.003686550903
-0.003137598094
-0.002423548005
-0.001630291667
-0.0009002328368
-0.0004216361231
-0.000395494884
-0.0009849989375
-0.002257250139
-0.004229275788
-0.006824669966
-0.005552974109
-0.006267849986
-0.006766051025
-0.006979868269
-0.007193065439
-0.007440722525
-0.00769416306
-0.007878965024
-0.007898694629
-0.007656950396
-0.0070835695
-0.00615566892
-0.004939950459
-0.003601153633
-0.002410326269
-0.001710997379
-0.001839722419
-0.003011499704
-0.005364815068
-0.008658416783
-0.009432786279
-0.01007909789
-0.01059588502
-0.01090797382
-0.01132313749
-0.01187271297
-0.0125077445
-0.0131157763
-0.01354363134
-0.01361896522
-0.01317793935
-0.01211655154
-0.01042352921
-0.008252223481
-0.005952210967
-0.004058004267
-0.00318642953
-0.003839387058
-0.006422710464
-0.01048771877
-0.014314093
-0.01487309099
-0.01541999836
-0.01587906456
-0.01658661597
-0.01757637351
-0.0187828102
-0.02005451703
-0.02117262791
-0.02186839402
-0.02185200152
-0.0208668498
-0.01876661413
-0.01561501985
-0.01179031451
-0.008032928897
-0.005355794644
-0.004756240796
-0.007177275811
-0.01197522154
-0.02015112215
-0.02060139829
-0.02117151337
-0.02179331838
-0.02284834667
-0.02438617546
-0.02633455833
-0.02850845504
-0.0306219628
-0.03229757092
-0.03308914257
-0.03253456821
-0.03027648383
-0.02617296698
-0.0205195592
-0.01419904503
-0.008687093574
-0.005722491946
-0.007215271993
-0.01246236706
-0.02685270467
-0.02715855698
-0.02769894211
-0.0284191585
-0.02978501215
-0.03188449124
-0.03465375854
-0.03788400502
-0.04122783853
-0.04419863688
-0.04618154882
-0.04647223216
-0.04445669454
-0.03965396046
-0.03211537381
-0.02269359143
-0.01326190286
-0.006481690509
-0.005804637603
-0.01076129955
-0.03433070981
-0.03441425404
-0.03478558294
-0.03540049993
-0.03688748275
-0.03940517721
-0.04291470101
-0.04719183266
-0.05183380497
-0.05625184417
-0.05967310611
-0.06118434479
-0.05977323897
-0.05464985239
-0.04543556277
-0.03269466844
-0.01844852186
-0.006241761279
-0.001670133927
-0.004869960853
-0.04260563249
-0.04227537482
-0.04219164158
-0.04229186362
-0.04350934328
-0.04611162023
-0.05009433896
-0.0552146428
-0.06100896012
-0.06678988429
-0.0716338487
-0.07440696169
-0.07382688779
-0.06866964831
-0.05806716109
-0.04205744186
-0.022436023
-0.003253521858
0.007350460113
0.008344581477
-0.05200608629
-0.05075694622
-0.04967388739
-0.04857497672
-0.04892266362
-0.05111573974
-0.05516796861
-0.06079089178
-0.06742987147
-0.07428412909
-0.08027713581
-0.08407093405
-0.08412587317
-0.07883331265
-0.0668390899
-0.04752008204
-0.02212438855
0.005504676072
0.02471808441
0.03352985667
-0.06365181997
-0.06018535958
-0.05709371398
-0.05376085209
-0.05246189516
-0.05367626097
-0.05736061158
-0.06313351012
-0.07025761151
-0.07779599801
-0.08448788455
-0.08878154597
-0.08889454269
-0.08283644358
-0.06884813744
-0.04561857317
-0.01374954442
0.02441884123
0.05554152276
0.07735760999
-0.08018271395
-0.07107153664
-0.06411811265
-0.0571626096
-0.05342871785
-0.05321249869
-0.05625579471
-0.06191036495
-0.06925517157
-0.07711307972
-0.08400855118
-0.08814848179
-0.08747753212
-0.07965409825
-0.06247766456
-0.03404911976
0.005565678118
0.0585955416
0.1058242698
0.1480689191
-0.1105046174
-0.08585218291
-0.07160455931
-0.05896985881
-0.05191224806
-0.04988163544
-0.05210092507
-0.05750655788
-0.06485700285
-0.07270576569
-0.07933737244
-0.08271115375
-0.08051765811
-0.069885258
-0.04823105607
-0.01272166665
0.038236749
0.1071327663
0.177979322
0.256477123
-0.1684353034
-0.09990678554
-0.07500733526
-0.05479724994
-0.04461835912
-0.04158452739
-0.04371661053
-0.04937998154
-0.05701521486
-0.06496860977
-0.07135959632
-0.07397825901
-0.07012764003
-0.05701194738
-0.03102727698
0.01193018223
0.07559999632
0.1664046575
0.2761624121
0.43770474
-0.3984266414
-0.1380980905
-0.07496966904
-0.04708799954
-0.03354905437
-0.03002951915
-0.03280119345
-0.03926344836
-0.04755679609
-0.0559371316
-0.06249820676
-0.06502760738
-0.06099338773
-0.04696788044
-0.01875534763
0.02993647051
0.1069563397
0.2334277675
0.4198806825
0.7800239021
)


// ************************************************************************* //
