/*--------------------------------*- C++ -*----------------------------------*\
  =========                 |
  \\      /  F ield         | OpenFOAM: The Open Source CFD Toolbox
   \\    /   O peration     | Website:  https://openfoam.org
    \\  /    A nd           | Version:  13
     \\/     M anipulation  |
\*---------------------------------------------------------------------------*/
FoamFile
{
    format      ascii;
    class       scalarField;
    location    "47.47";
    object      p_all;
}
// * * * * * * * * * * * * * * * * * * * * * * * * * * * * * * * * * * * * * //


400
(
1.118638605e-08
-0.000547494979
-0.0008895472819
-0.001017043368
-0.0009381853289
-0.0006853243071
-0.0002960343285
0.0001936884941
0.0007473172205
0.001324369562
0.001879208903
0.002358976626
0.002708275825
0.00287401026
0.002814649109
0.002512203528
0.001987148221
0.001296621789
0.0006377016755
4.180492279e-05
0.0005881637722
6.864331425e-06
-0.0003568744662
-0.0004992112727
-0.0004685675876
-0.0002915054523
2.596291888e-06
0.0003844444262
0.0008226221073
0.001279858543
0.001716309904
0.002080826767
0.002323041515
0.002395589049
0.002264597448
0.001921293382
0.001392426807
0.0007430551647
0.0001454121532
-0.0005172717043
0.0009524193285
0.000308008097
-9.324616636e-05
-0.0002395801152
-0.000233466622
-0.0001049773233
0.0001218528699
0.0004257376464
0.0007829427656
0.001161456391
0.00152947763
0.001832873136
0.002021715471
0.002047284548
0.001874446693
0.001493386812
0.000928086895
0.0002351076583
-0.0004633568612
-0.001300328108
0.0009761276679
0.0002579546964
-0.0001922984526
-0.0003445949689
-0.0003538577102
-0.0002568809347
-7.430073628e-05
0.0001812930613
0.0004963609908
0.0008506675252
0.001203016563
0.001510489325
0.001712283354
0.001747866537
0.001568372623
0.001150419031
0.0005058312214
-0.0003186517526
-0.001233979109
-0.002384777332
0.0004804662833
-0.0002850233675
-0.0007639345
-0.0009156405864
-0.000936667018
-0.0008682422494
-0.0007253393096
-0.0005084110871
-0.000217171466
0.0001391352249
0.00053007638
0.0009073790248
0.001199815638
0.001326497528
0.001211010616
0.0008001618025
7.990637575e-05
-0.0009176919414
-0.002127673276
-0.003656172235
-0.0006863817604
-0.001467165741
-0.001956217793
-0.002107277255
-0.002150060484
-0.002126712722
-0.002042332722
-0.001879712529
-0.001617600787
-0.001245568886
-0.0007791530758
-0.0002628917496
0.0002205910897
0.000561461434
0.0006378056385
0.0003414922027
-0.0003930727299
-0.001564112204
-0.003134896436
-0.005142134039
-0.002661851347
-0.003423562701
-0.003915428023
-0.004080808906
-0.004178180624
-0.004247237338
-0.004278258677
-0.004229206198
-0.004047604849
-0.003689652673
-0.003140797891
-0.002426796291
-0.001633548856
-0.0009034786162
-0.0004248714193
-0.0003987407523
-0.0009882920936
-0.002260635188
-0.004232796286
-0.006828376272
-0.005555050409
-0.006269977402
-0.006768264031
-0.006982210805
-0.007195601073
-0.007443500984
-0.007697210584
-0.007882281036
-0.007902251993
-0.007660696427
-0.007087429014
-0.006159569979
-0.004943818512
-0.003604937962
-0.002414007188
-0.001714591135
-0.001843279887
-0.003015095712
-0.005368532145
-0.008662328321
-0.009435275427
-0.01008161263
-0.01059848336
-0.0109107241
-0.01132612657
-0.01187601095
-0.01251139023
-0.01311977037
-0.0135479367
-0.01362351234
-0.01318263651
-0.01212127916
-0.01042818143
-0.008256711267
-0.005956482721
-0.004062059584
-0.003190324928
-0.003843226656
-0.006426623688
-0.01049181312
-0.01431704809
-0.01487603907
-0.01542303114
-0.01588227684
-0.01659011476
-0.01758024634
-0.01878710874
-0.0200592455
-0.02117774043
-0.02187380157
-0.02185758433
-0.02087246786
-0.01877212449
-0.01562029502
-0.01179526553
-0.008037526087
-0.005360083508
-0.004760342105
-0.007181363433
-0.01197944542
-0.02015455863
-0.02060478644
-0.02117497918
-0.02179698534
-0.02285234098
-0.0243905977
-0.0263394681
-0.02851385877
-0.03062780725
-0.03230374886
-0.03309551063
-0.03254096147
-0.03028273869
-0.02617893581
-0.02052512846
-0.01420415537
-0.008691762654
-0.005726831782
-0.007219477893
-0.0124666255
-0.02685658601
-0.02716234621
-0.02770278606
-0.02842320389
-0.02978940402
-0.03188934184
-0.03465912855
-0.0378898948
-0.04123418511
-0.04420531591
-0.04618839412
-0.04647904483
-0.04446334564
-0.03966029257
-0.03212127663
-0.02269899807
-0.01326680312
-0.00648616189
-0.005808853292
-0.01076544944
-0.03433494459
-0.03441835635
-0.03478969928
-0.03540478456
-0.03689209589
-0.03941024785
-0.04292029214
-0.04719792925
-0.05184032621
-0.0562586443
-0.05968000396
-0.06119116937
-0.05977979418
-0.05465603989
-0.04544131529
-0.03269995477
-0.01845333299
-0.006246139336
-0.001674182708
-0.004873817397
-0.04261008432
-0.04227965839
-0.04219588292
-0.04229620611
-0.04351395309
-0.04611664907
-0.05009986655
-0.05522063966
-0.06101532452
-0.06679643832
-0.07164038523
-0.07441328663
-0.07383284715
-0.06867516601
-0.05807222739
-0.0420620986
-0.02244030675
-0.003257473665
0.0073468206
0.008341216708
-0.05201058852
-0.05076124425
-0.04967807113
-0.048579173
-0.04892704002
-0.05112047024
-0.05517316969
-0.06079652183
-0.0674358326
-0.07429020196
-0.08028308135
-0.08407653542
-0.08413096783
-0.07883785317
-0.06684311437
-0.0475237214
-0.02212774868
0.005501515283
0.02471511795
0.03352715847
-0.06365618702
-0.06018948555
-0.0570976318
-0.05376468431
-0.05246583137
-0.05368050522
-0.05736535713
-0.06313856096
-0.07026303685
-0.07780150136
-0.08449319106
-0.08878640348
-0.08889872119
-0.0828399941
-0.06885107628
-0.04562109668
-0.01375177316
0.02441666012
0.05553941383
0.0773556546
-0.08018674272
-0.07107530145
-0.06412155666
-0.05716586261
-0.05343202887
-0.05321612256
-0.05625988973
-0.06191492331
-0.06926007443
-0.07711806504
-0.08401332802
-0.0881527831
-0.08748121222
-0.07965692835
-0.06247977224
-0.03405068285
0.005564709222
0.05859388841
0.1058229288
0.1480676369
-0.1105081287
-0.08585543865
-0.07160740602
-0.05897244092
-0.05191485181
-0.04988461186
-0.05210443603
-0.05751060354
-0.06486143708
-0.07271032258
-0.0793417407
-0.08271503465
-0.0805207562
-0.06988765452
-0.04823271632
-0.01272274819
0.03823603158
0.1071320008
0.1779785641
0.256476403
-0.1684383055
-0.0999095973
-0.07500970079
-0.05479932285
-0.04462047211
-0.04158701736
-0.0437196641
-0.04938360901
-0.05701927685
-0.06497285199
-0.07136372011
-0.07398198976
-0.07013078209
-0.05701425551
-0.03102885299
0.01192919102
0.07559938279
0.1664041515
0.2761619306
0.4377041938
-0.3984295906
-0.1381007483
-0.07497185802
-0.0470898723
-0.0335509495
-0.03003176695
-0.03280398785
-0.03926681567
-0.04756061735
-0.05594117615
-0.06250219169
-0.06503125647
-0.06099648858
-0.04697027831
-0.01875706599
0.0299353181
0.1069555753
0.2334271651
0.4198801205
0.7800233023
)


// ************************************************************************* //
