/*--------------------------------*- C++ -*----------------------------------*\
  =========                 |
  \\      /  F ield         | OpenFOAM: The Open Source CFD Toolbox
   \\    /   O peration     | Website:  https://openfoam.org
    \\  /    A nd           | Version:  13
     \\/     M anipulation  |
\*---------------------------------------------------------------------------*/
FoamFile
{
    format      ascii;
    class       scalarField;
    location    "21.81";
    object      p_all;
}
// * * * * * * * * * * * * * * * * * * * * * * * * * * * * * * * * * * * * * //


400
(
1.697608713e-06
-0.0005453981937
-0.0008873152707
-0.001014678802
-0.0009357280213
-0.0006827950387
-0.0002934305417
0.0001963694838
0.0007500624662
0.001327161361
0.001882045929
0.002361886152
0.002711301256
0.002877196919
0.002818034828
0.002515813657
0.001990987297
0.001300682787
0.0006419022636
4.610000702e-05
0.0005899396297
8.805267083e-06
-0.0003547972364
-0.000496992591
-0.0004662270742
-0.0002890728166
5.108080536e-06
0.0003870461131
0.0008253300376
0.001282678205
0.001719238979
0.002083869142
0.002326215725
0.002398926262
0.002268129401
0.001925041038
0.001396391545
0.00074721711
0.0001497122908
-0.0005128895938
0.0009540520377
0.0003098261476
-9.12904168e-05
-0.0002374878196
-0.0002312236785
-0.0001025891263
0.0001243674864
0.0004283669308
0.000785692494
0.001164357516
0.001532492118
0.001836026613
0.002025022506
0.002050767059
0.001878128326
0.001497281903
0.0009321920795
0.0002394008122
-0.0004589312956
-0.001295776487
0.0009776868365
0.0002597239868
-0.0001903785591
-0.0003425495427
-0.0003516581811
-0.0002545003323
-7.173471207e-05
0.0001840308301
0.0004992532238
0.0008536881494
0.001206197853
0.001513816334
0.001715764017
0.001751521004
0.00157222559
0.001154487875
0.0005101166979
-0.0003141653796
-0.001229329349
-0.002379923879
0.0004820613092
-0.0002832091501
-0.0007619427826
-0.0009135072239
-0.0009343651636
-0.0008657322496
-0.000722595832
-0.0005054353842
-0.0002139846093
0.0001425013201
0.0005335994433
0.0009110378649
0.001203604285
0.001330427035
0.001215106231
0.0008044518662
8.44097692e-05
-0.000912970786
-0.002122747934
-0.003650996823
-0.0006845747932
-0.001465167664
-0.001954031512
-0.002104913542
-0.002147480762
-0.002123871679
-0.002039197868
-0.001876281004
-0.001613900574
-0.001241648419
-0.0007750627865
-0.0002586779883
0.0002248956213
0.0005658455442
0.000642283463
0.0003460993492
-0.0003882906529
-0.001559112958
-0.003129652838
-0.005136582506
-0.002659617055
-0.003421185639
-0.003912875374
-0.00407804447
-0.004175131772
-0.004243841421
-0.004274475469
-0.004225033001
-0.004043082534
-0.00368485705
-0.003135820095
-0.002421721086
-0.001628446241
-0.0008983908417
-0.000419805486
-0.0003936629061
-0.0009831319895
-0.002255302749
-0.004227205009
-0.006822431586
-0.005552193181
-0.006267023189
-0.006765148961
-0.00697884855
-0.007191873849
-0.007439318329
-0.007692519618
-0.007877076406
-0.007896584763
-0.007654672805
-0.007081196488
-0.006153262738
-0.004937570976
-0.003598841496
-0.002408100641
-0.00170884965
-0.00183761221
-0.003009360522
-0.005362569737
-0.008655996772
-0.009431639105
-0.01007792739
-0.01059464236
-0.01090659135
-0.01132153508
-0.01187083553
-0.01250556444
-0.01311329008
-0.0135408637
-0.01361597489
-0.01317481239
-0.01211340065
-0.01042045033
-0.008249292465
-0.005949469397
-0.004055451284
-0.003184017417
-0.003837026549
-0.006420287107
-0.01048513498
-0.01431252736
-0.01487152991
-0.0154183687
-0.01587727724
-0.01658456377
-0.01757397675
-0.01878003425
-0.02005136818
-0.02116914527
-0.02186464756
-0.0218480916
-0.02086290262
-0.01876276295
-0.01561138228
-0.01178696932
-0.008029899236
-0.005353037469
-0.004753648704
-0.007174695543
-0.0119725205
-0.02014912696
-0.02059943951
-0.02116948876
-0.02179112499
-0.02284586314
-0.02438329819
-0.02633123331
-0.0285046889
-0.03061781431
-0.03229313604
-0.03308454095
-0.03252993916
-0.03027197177
-0.02616870708
-0.02051565696
-0.01419555492
-0.008683998492
-0.005719689943
-0.007212588097
-0.01245963559
-0.02685031537
-0.0271562452
-0.02769657383
-0.02841661506
-0.02978217125
-0.03188124371
-0.03465003732
-0.03787980766
-0.04122323019
-0.04419373886
-0.04617651247
-0.04646723039
-0.04445183615
-0.0396493823
-0.03211117486
-0.02268983407
-0.0132585983
-0.006478769851
-0.005801945558
-0.01075866601
-0.03432800061
-0.03441167221
-0.034782981
-0.03539773774
-0.03688442964
-0.03940172601
-0.04291079062
-0.04718746645
-0.05182905018
-0.05624683457
-0.05966801086
-0.06117932135
-0.05976846172
-0.0546454055
-0.04543150266
-0.03269102162
-0.01844529722
-0.006238922741
-0.001667589838
-0.004867588862
-0.04260271651
-0.04227262561
-0.04218893975
-0.04228906299
-0.04350629204
-0.04610819282
-0.05009047314
-0.05521036547
-0.06100435589
-0.06678510635
-0.07162908112
-0.07440238108
-0.07382263538
-0.06866579359
-0.05806371164
-0.04205435821
-0.02243327103
-0.003251064832
0.007352639002
0.008346515234
-0.05200312073
-0.05075416499
-0.04967122709
-0.04857231478
-0.04891983498
-0.05111258455
-0.05516438795
-0.06078693082
-0.06742562066
-0.07427978297
-0.08027290393
-0.08406700726
-0.08412239632
-0.07883032943
-0.06683656766
-0.04751790418
-0.0221224601
0.005506427039
0.02471966255
0.03353119604
-0.06364898758
-0.06018272746
-0.05709127084
-0.05375850011
-0.0524594597
-0.05367355071
-0.05735744763
-0.06313007076
-0.07025383518
-0.07779215404
-0.08448421974
-0.08877828432
-0.08889188775
-0.08283434737
-0.06884658552
-0.04561739071
-0.01374862434
0.02441971916
0.05554233658
0.07735828732
-0.08018019321
-0.07106924424
-0.06411609242
-0.05716076019
-0.05342682497
-0.05321033513
-0.05625321519
-0.06190737232
-0.0692518687
-0.07710970059
-0.08400535712
-0.0881457129
-0.08747531858
-0.07965264425
-0.06247685469
-0.0340487946
0.00556547446
0.05859594927
0.1058243995
0.148068997
-0.1105025498
-0.08585035604
-0.07160308841
-0.05896861409
-0.05191098124
-0.04988003827
-0.0520988555
-0.05750401579
-0.06485411671
-0.07270277057
-0.0793345447
-0.08270875997
-0.08051596298
-0.06988418892
-0.04823064385
-0.01272177023
0.0382363215
0.1071323826
0.1779789324
0.2564767002
-0.1684336777
-0.09990534542
-0.0750063051
-0.05479647299
-0.04461754004
-0.04158336776
-0.04371494603
-0.04937780523
-0.05701265268
-0.06496588921
-0.07135698332
-0.07397599763
-0.07012590417
-0.057010956
-0.03102693868
0.01192999917
0.07559947698
0.1664040431
0.2761617765
0.4377041625
-0.3984250617
-0.1380967747
-0.07496877875
-0.04708739238
-0.03354842683
-0.03002857639
-0.03279976219
-0.03926150519
-0.04755444774
-0.05593458489
-0.06249571497
-0.06502541708
-0.0609916879
-0.04696680866
-0.01875488221
0.02993643138
0.1069559552
0.2334272393
0.4198801188
0.7800233726
)


// ************************************************************************* //
