/*--------------------------------*- C++ -*----------------------------------*\
  =========                 |
  \\      /  F ield         | OpenFOAM: The Open Source CFD Toolbox
   \\    /   O peration     | Website:  https://openfoam.org
    \\  /    A nd           | Version:  13
     \\/     M anipulation  |
\*---------------------------------------------------------------------------*/
FoamFile
{
    format      ascii;
    class       scalarField;
    location    "2.52";
    object      p_all;
}
// * * * * * * * * * * * * * * * * * * * * * * * * * * * * * * * * * * * * * //


400
(
1.400304985e-08
-0.0002899617606
-0.0003975056308
-0.00030915111
-4.832679632e-05
0.0003564519121
0.0008755046557
0.001482313816
0.002152874267
0.002863947472
0.003590475639
0.004304871361
0.004973751532
0.005559451878
0.006021334633
0.006320473982
0.00642634082
0.006330134628
0.006078015474
0.005681472127
0.0003137845565
5.220188469e-06
-0.0001231546032
-5.254631052e-05
0.0001773641087
0.0005432310325
0.001020183019
0.001584467611
0.002213097764
0.002882284413
0.003565891528
0.004234018075
0.004852974064
0.005385734873
0.005794363826
0.006044403801
0.006112689683
0.005997863748
0.005725413618
0.005303107694
0.0004243850856
9.437927327e-05
-5.226641754e-05
1.508358705e-05
0.0002336796966
0.0005818000578
0.001038286682
0.00158263251
0.002193804325
0.002848631982
0.003520305003
0.004177629902
0.004784457648
0.00530144802
0.005689093719
0.005913170097
0.005952154709
0.005805134689
0.005478107276
0.004984500909
0.0002720988564
-8.287401163e-05
-0.0002467760612
-0.000175385776
4.841946272e-05
0.0004014961159
0.0008641022617
0.001418489318
0.002046154622
0.002725280408
0.003428535957
0.00412254889
0.004766362647
0.005314395923
0.005719835068
0.005941446161
0.005952439544
0.005749139446
0.005324798538
0.004712227936
-0.0002015113552
-0.0005715893387
-0.0007401936093
-0.0006528770995
-0.0004083095881
-3.116637983e-05
0.0004602051571
0.001051314088
0.001727035262
0.002467727956
0.003245684999
0.004024777403
0.004756574308
0.005385123358
0.005850403494
0.006097554125
0.006088879357
0.005816253871
0.005264502104
0.004496106009
-0.001049082798
-0.001426517507
-0.00159288758
-0.001479630747
-0.001201462663
-0.0007844225468
-0.0002448692262
0.0004070642889
0.00116117475
0.002001580329
0.002900510505
0.003820510655
0.0047023722
0.005475661941
0.006059694914
0.006376597056
0.00636875809
0.006018330635
0.005298888375
0.004312110746
-0.002322169562
-0.002708220318
-0.00287140558
-0.002727299157
-0.002409247138
-0.001944628771
-0.001346847098
-0.0006198377616
0.0002336583398
0.001204017399
0.002263464638
0.003389833654
0.004498751926
0.005504329433
0.006296686725
0.006760575544
0.006801602511
0.006377935828
0.005436885771
0.004134286504
-0.00408142977
-0.004485035094
-0.00465057704
-0.00447870562
-0.004125611949
-0.003620372402
-0.002972212027
-0.002176150134
-0.001223409359
-0.0001098998852
0.001158778884
0.002528385227
0.003948315075
0.00530285166
0.006442016201
0.007191314246
0.007388088181
0.006933727587
0.005712043154
0.003957491721
-0.006399473203
-0.006834645932
-0.007014232423
-0.006827019315
-0.006458721623
-0.005941516777
-0.005279725089
-0.004456606247
-0.003446438389
-0.002224603245
-0.0007768335193
0.0008785171612
0.002691019254
0.004539869216
0.006233726703
0.007511133285
0.008087091149
0.007738410808
0.006203870314
0.003829597825
-0.00936221764
-0.009844515844
-0.01005349526
-0.009870650717
-0.009522466808
-0.009047717794
-0.008446671527
-0.007689181845
-0.006727695469
-0.005506520686
-0.003971169462
-0.002088480181
0.0001420688488
0.002628205035
0.005157513077
0.007359250237
0.008744694176
0.008838040633
0.00706480841
0.00390778101
-0.01307244507
-0.01361259821
-0.01386317206
-0.01370288251
-0.0134185561
-0.01306258145
-0.01263529819
-0.01209516821
-0.01137193071
-0.01037143532
-0.008977852021
-0.007063688952
-0.004526261253
-0.001337000459
0.002340844591
0.006042722745
0.008983601024
0.01022386979
0.008553612337
0.004559357384
-0.01766130531
-0.01825138513
-0.01853714629
-0.01839483003
-0.01820539923
-0.01804617075
-0.01792574245
-0.01779861704
-0.01757823744
-0.01713267338
-0.01627100603
-0.01473299964
-0.01221365157
-0.008446584805
-0.003388622759
0.002511368522
0.008130686738
0.01178869279
0.01108854086
0.006544678366
-0.02331909006
-0.02389989789
-0.02416352371
-0.02397040701
-0.02385258028
-0.02392618452
-0.02421809087
-0.02469012944
-0.02525325779
-0.02574941967
-0.0259120221
-0.02531873197
-0.02337333889
-0.01943570773
-0.01300978908
-0.004282013698
0.005408515125
0.01342046389
0.01537362632
0.01133518797
-0.03037072359
-0.03075457083
-0.03082514682
-0.03037796532
-0.03018906031
-0.03042309837
-0.03112975365
-0.03228581997
-0.03381344387
-0.03554484397
-0.03714985626
-0.03803649224
-0.03726163801
-0.03374241516
-0.02626158044
-0.01439172661
0.0006861657251
0.01546561469
0.02273132535
0.02158846262
-0.03944021039
-0.03911088889
-0.03857852476
-0.03743365654
-0.03683588918
-0.03698427198
-0.03793547348
-0.03967177266
-0.04212545489
-0.04512261596
-0.04827730378
-0.05084757554
-0.05162535365
-0.04881610289
-0.04060428849
-0.02559364948
-0.00425867384
0.01972075781
0.03585528687
0.04176346045
-0.05189010889
-0.04952279472
-0.04750245128
-0.04482359922
-0.04320760971
-0.04281237769
-0.04364485803
-0.04564948209
-0.04873620914
-0.05269163411
-0.05705476554
-0.06092127076
-0.06278870579
-0.06044505407
-0.05130878956
-0.03300356981
-0.004870234065
0.03056367324
0.05980397117
0.07893800906
-0.07044661793
-0.06256463122
-0.05727874468
-0.05173193978
-0.04827354525
-0.04677982751
-0.0470763353
-0.04897601237
-0.05230398279
-0.05671555977
-0.06162643726
-0.06592825641
-0.06783559637
-0.06474906133
-0.05350593171
-0.03085359318
0.005121699101
0.05465407232
0.1018222857
0.1424938773
-0.1036050404
-0.08021978852
-0.06819825328
-0.0575375002
-0.05108154158
-0.04787516239
-0.04728699187
-0.04883076198
-0.05207994771
-0.05650311557
-0.06127786187
-0.06504153375
-0.06572451009
-0.06030445197
-0.04515506782
-0.01610113619
0.03005495814
0.09639579183
0.1673236544
0.2448900639
-0.1638719653
-0.09623151786
-0.07412333138
-0.0560787233
-0.04668170972
-0.04254053559
-0.04189418649
-0.04372662652
-0.04730440126
-0.05187556874
-0.05641559246
-0.05935627933
-0.05838437185
-0.04998530727
-0.03024227303
0.006331147932
0.06492706931
0.1528278851
0.2618517148
0.4238692992
-0.3936590665
-0.1347005133
-0.07441707935
-0.0490509597
-0.03652518781
-0.03212371611
-0.03235605558
-0.03521829518
-0.0396345601
-0.04470737055
-0.04931376269
-0.05181741036
-0.04989395562
-0.04023586404
-0.01763341253
0.02521925631
0.09738111676
0.2208911356
0.406404332
0.7668130415
)


// ************************************************************************* //
