/*--------------------------------*- C++ -*----------------------------------*\
  =========                 |
  \\      /  F ield         | OpenFOAM: The Open Source CFD Toolbox
   \\    /   O peration     | Website:  https://openfoam.org
    \\  /    A nd           | Version:  13
     \\/     M anipulation  |
\*---------------------------------------------------------------------------*/
FoamFile
{
    format      ascii;
    class       vectorField;
    location    "23.77";
    object      U_all;
}
// * * * * * * * * * * * * * * * * * * * * * * * * * * * * * * * * * * * * * //


400
(
(1.087157121e-05 -3.790118218e-05 0)
(-0.0006662043029 0.0004130082815 -1.543110954e-23)
(-0.002185272028 0.0009203264346 0)
(-0.004047555983 0.001312676663 0)
(-0.005971419686 0.001534941763 6.831976375e-25)
(-0.007762185091 0.0015697216 4.152871652e-24)
(-0.009283832057 0.0014234517 -7.33055285e-24)
(-0.01043515679 0.001119639067 7.574844693e-24)
(-0.01113600869 0.0006960346831 -2.098908791e-25)
(-0.01132633789 0.0002030686588 -3.999998804e-24)
(-0.01097108313 -0.0003002062595 5.809395029e-24)
(-0.01007176733 -0.0007474625835 -5.934244783e-23)
(-0.008679478851 -0.001075496696 -6.55758865e-23)
(-0.006902623089 -0.00123298304 -7.789538523e-23)
(-0.004910669751 -0.0011925977 4.57694484e-24)
(-0.002927292997 -0.0009619111096 -4.141495921e-24)
(-0.001205440551 -0.0005912361211 -2.001175142e-22)
(-1.92223811e-05 -0.0001699319249 0)
(0.000518043484 0.000172026145 1.520256225e-25)
(0.0002227229929 0.000305939801 -2.691660265e-24)
(-0.0002634031085 0.0008288091344 1.389223994e-25)
(-0.00270314855 0.003383523056 1.552768924e-23)
(-0.006906713578 0.005603987853 1.542555275e-25)
(-0.0119512802 0.007007573012 -8.468666702e-25)
(-0.01713352683 0.007553105772 1.158170435e-24)
(-0.02197341508 0.007293576019 1.302530999e-23)
(-0.02610849625 0.006321387751 1.431691748e-24)
(-0.02926318028 0.004753856788 -7.325457103e-24)
(-0.03122419909 0.002737016121 1.017447024e-23)
(-0.03183955598 0.0004524750532 4.516181165e-24)
(-0.03102537306 -0.001883881804 -6.325170662e-24)
(-0.02879125456 -0.004022619682 2.960388932e-24)
(-0.02526988364 -0.005707863261 3.898022761e-23)
(-0.02073089877 -0.006706914728 -1.956465591e-24)
(-0.01558901258 -0.006853720464 3.757996372e-24)
(-0.01038489006 -0.00609718443 -9.753470047e-23)
(-0.005730287508 -0.004546081549 9.650428038e-23)
(-0.002233500949 -0.002507477865 -3.982540406e-25)
(-0.000181898638 -0.0005025341394 4.082980695e-25)
(8.341702999e-05 0.0006097972688 0)
(-0.0004187941386 0.002934798656 -2.916344501e-25)
(-0.004647459555 0.00880317778 1.710002165e-23)
(-0.01137088354 0.01323915781 -8.205589648e-24)
(-0.01932544311 0.01579054928 -2.062273872e-25)
(-0.0274715039 0.01652848178 2.025969015e-25)
(-0.03511449909 0.015643047 8.179162169e-27)
(-0.0417096332 0.0133588985 -1.262838556e-24)
(-0.04683156771 0.009919090409 -4.578830791e-25)
(-0.05014562009 0.005602209557 -1.065376213e-23)
(-0.05140813681 0.0007446658094 0)
(-0.05047404149 -0.004241116519 0)
(-0.04733364831 -0.008886192053 2.673600289e-23)
(-0.04215646845 -0.01268057347 2.815533223e-23)
(-0.0353122381 -0.01513481191 -1.647921495e-24)
(-0.02738850326 -0.01586077563 4.851957224e-23)
(-0.0191692068 -0.01467248585 9.431400903e-23)
(-0.01156052863 -0.01169310638 3.98873875e-23)
(-0.005465326566 -0.007450616328 4.184910461e-25)
(-0.001451135494 -0.002936190964 1.051384333e-25)
(-9.072760036e-05 0.0002256894335 0)
(-0.0005024116904 0.006044767143 -4.256119203e-23)
(-0.006402098163 0.01636915006 -1.700212148e-23)
(-0.01553346795 0.02355703213 8.132476364e-24)
(-0.02627651821 0.02743899535 0)
(-0.03728383933 0.02831840311 0)
(-0.04768584026 0.026585405 0)
(-0.05679138185 0.02262940625 -4.610208674e-26)
(-0.06404811814 0.01683497819 -2.111416168e-24)
(-0.06900488416 0.009621840276 0)
(-0.07130242042 0.001491492994 1.641794249e-24)
(-0.07070300832 -0.006935350621 2.806801516e-25)
(-0.067125419 -0.0149284601 -2.814660489e-25)
(-0.0606948148 -0.02166517933 0)
(-0.05180411499 -0.02631382796 4.139179176e-23)
(-0.04114741762 -0.02815861612 -4.687494941e-23)
(-0.02971805029 -0.02677201145 -2.768644573e-23)
(-0.01873623542 -0.02221415469 -3.974096405e-23)
(-0.009487623222 -0.01521869238 7.795158895e-25)
(-0.002976790484 -0.00729818079 9.775180139e-23)
(-0.0002318685632 -0.000866349449 0)
(-0.000531553913 0.01009401922 4.276825329e-23)
(-0.007982783204 0.02594962002 4.772672015e-25)
(-0.01939494261 0.03642525829 -4.663665982e-25)
(-0.03282062158 0.04185121471 0)
(-0.04664244677 0.04289093473 7.769184275e-25)
(-0.05984675452 0.04019730312 -7.661461479e-25)
(-0.07162649314 0.03434476984 3.667509983e-23)
(-0.08132048458 0.02585499796 1.843134511e-23)
(-0.08835867428 0.01527245952 6.224438989e-24)
(-0.09224736056 0.003246755724 -1.643706956e-24)
(-0.09259676258 -0.009406169956 0)
(-0.08916908917 -0.02167224718 4.379572784e-25)
(-0.08195412644 -0.0323643141 1.012176442e-23)
(-0.07126416009 -0.0402090953 -4.35559531e-23)
(-0.05781656267 -0.04401715811 1.93686254e-24)
(-0.04278327942 -0.04294545101 4.230622484e-23)
(-0.02775293427 -0.03683138012 -3.863283252e-25)
(-0.01454984348 -0.02652601837 0)
(-0.004859219793 -0.01408417567 5.43591953e-23)
(-0.000364121884 -0.002847044408 -2.563403362e-22)
(-0.0005271670305 0.01499779039 9.833116267e-23)
(-0.009377026285 0.03738654229 -4.901444811e-25)
(-0.02287967918 0.05169724426 0)
(-0.03882687313 0.05893633556 0)
(-0.05538162326 0.06025040294 -8.727212406e-23)
(-0.07142258849 0.05661434471 -8.494053437e-23)
(-0.08605935933 0.04879809223 -4.062287591e-23)
(-0.09854295442 0.03743754672 -1.501840469e-23)
(-0.1081862104 0.02315906169 -5.356125309e-24)
(-0.1143360569 0.006710403825 -8.166872354e-24)
(-0.1163964246 -0.01093078822 6.592264233e-24)
(-0.1138860614 -0.02848611922 8.810106148e-24)
(-0.1065418068 -0.04436624838 -1.89193682e-23)
(-0.09446216349 -0.05674864649 4.537418335e-24)
(-0.07826387013 -0.06377828857 0)
(-0.05922551041 -0.06393073673 -1.579947988e-23)
(-0.03933759388 -0.05653485719 -2.201871934e-26)
(-0.02114071538 -0.04235597179 0)
(-0.007318299938 -0.02398137044 -1.51904819e-22)
(-0.0005215753254 -0.005925470683 6.052818057e-22)
(-0.0004990429287 0.02064374124 -9.766146747e-23)
(-0.01052861411 0.0504495525 2.830985709e-22)
(-0.02582741069 0.06911867155 1.526350954e-22)
(-0.04401777361 0.07848554239 3.617686112e-24)
(-0.06310235797 0.08028796188 -7.318504567e-23)
(-0.08189773282 0.07587449915 9.038169989e-23)
(-0.0994702549 0.06621231701 -3.588437565e-24)
(-0.1150145607 0.05201401375 -1.728152946e-24)
(-0.1277432405 0.03392246995 2.522614037e-24)
(-0.136838387 0.01270307159 7.375031351e-24)
(-0.1414622895 -0.01058532475 -6.492489835e-24)
(-0.1408164635 -0.03445621068 -9.76987169e-24)
(-0.134266934 -0.05692248984 -3.261510069e-23)
(-0.1215383153 -0.07552719309 -3.649981668e-23)
(-0.1029617341 -0.08753644237 5.622504793e-25)
(-0.0797594995 -0.09038634498 0)
(-0.05426400366 -0.08244038751 0)
(-0.02987005923 -0.06397407332 -2.903455299e-24)
(-0.01066228843 -0.03798626908 2.967846679e-24)
(-0.0007350398467 -0.01050056893 1.027773782e-22)
(-0.000447899972 0.02687002018 0)
(-0.01134844229 0.06480166488 2.001798597e-22)
(-0.0280140445 0.08828834969 8.961428818e-23)
(-0.04799527338 0.1001150023 0)
(-0.06920137631 0.102699473 1.569325049e-22)
(-0.09043786432 0.09780865457 0)
(-0.1107762729 0.08660548102 -1.427984014e-22)
(-0.1294016939 0.06983588538 6.513306203e-24)
(-0.1454689544 0.04808082096 0)
(-0.1580267114 0.02201821067 0)
(-0.1660048819 -0.007331725138 -1.373732579e-24)
(-0.1682589577 -0.03838384029 -9.309947797e-25)
(-0.1636987905 -0.06883370406 1.49108355e-22)
(-0.1515139719 -0.09557567022 -4.704212143e-23)
(-0.1315075751 -0.1148223306 -2.558287329e-24)
(-0.1045549717 -0.1225630483 1.532122374e-24)
(-0.07309025185 -0.1155454883 -1.556290517e-24)
(-0.04134835126 -0.09282650062 0)
(-0.01525159027 -0.05740506669 3.202346745e-24)
(-0.001044242854 -0.01714648278 -1.0125292e-21)
(-0.0003744786739 0.03346015692 0)
(-0.01174947812 0.07998237948 -1.127810731e-22)
(-0.02920556876 0.1086301125 -6.189881028e-22)
(-0.05031482751 0.123213672 -3.754598643e-22)
(-0.07295942302 0.1269003473 0)
(-0.09598481389 0.12191741 4.118606885e-22)
(-0.1185216879 0.1096284962 1.2605678e-22)
(-0.1398083115 0.09077824825 -5.580375746e-24)
(-0.1590153688 0.06581206841 5.552755885e-24)
(-0.1751390672 0.03520932781 0)
(-0.1869489077 -0.0001939528381 2.911416595e-23)
(-0.1930102962 -0.03889268828 4.694202002e-24)
(-0.1917743231 -0.07843230063 -1.07631262e-22)
(-0.1817812618 -0.115178663 7.999513282e-23)
(-0.1620515642 -0.1442513466 -2.41869177e-22)
(-0.1327016667 -0.1598462467 0)
(-0.09577552832 -0.1563035003 0)
(-0.05601429176 -0.130292035 0)
(-0.02147776049 -0.08380768716 0)
(-0.001500306355 -0.0266540886 5.570156574e-22)
(-0.000287433602 0.04015763617 0)
(-0.01169330838 0.09542870198 -3.4923629e-22)
(-0.02924351902 0.1293975683 8.931333414e-22)
(-0.05060786152 0.146919307 3.616494305e-22)
(-0.07369843025 0.151964671 0)
(-0.09744839098 0.1472669218 -3.861758577e-22)
(-0.1211032671 0.1344122669 -3.173820461e-23)
(-0.1440283253 0.1141347304 3.332521828e-22)
(-0.1655098938 0.08669796551 1.769161285e-22)
(-0.1846202839 0.05229163998 -4.059439175e-23)
(-0.200127975 0.01141994294 1.656707428e-23)
(-0.210457667 -0.03470932045 -8.263311685e-24)
(-0.2137163503 -0.08375889009 3.371181132e-22)
(-0.2078171789 -0.1318674506 0)
(-0.1908197257 -0.1732664761 2.419860286e-22)
(-0.1616298854 -0.2002498847 5.771560199e-24)
(-0.1211632977 -0.2040032455 -5.857631251e-24)
(-0.07384792349 -0.1772046464 1.547406145e-22)
(-0.02971698425 -0.118859494 -5.432330094e-24)
(-0.0021794566 -0.04005244577 0)
(-0.0002117937654 0.04671319208 0)
(-0.01125007661 0.1105421723 0)
(-0.02815617641 0.1497253445 -5.02200087e-22)
(-0.04874444522 0.1701407287 -1.880734634e-23)
(-0.0710001811 0.1766151183 2.038073593e-23)
(-0.09399351718 0.1724434611 -2.014009691e-23)
(-0.1171422051 0.1594799695 -2.31651901e-23)
(-0.14001661 0.1384758157 -3.029290493e-22)
(-0.1621315355 0.1095139545 6.698274708e-23)
(-0.1827946001 0.07245227823 4.512372626e-23)
(-0.2009823062 0.02735203433 -4.576890741e-23)
(-0.2152257773 -0.02508216813 0)
(-0.2235548703 -0.08297696986 -7.836705358e-23)
(-0.2234616562 -0.1427177808 0)
(-0.2120661159 -0.1981730887 -3.738871222e-22)
(-0.1867414333 -0.2400677966 5.243702045e-22)
(-0.1464418515 -0.2560679095 0)
(-0.09394411292 -0.2331127322 -1.492983715e-22)
(-0.04021918535 -0.1639556921 1.93650647e-22)
(-0.003201006193 -0.05860861039 -3.410490077e-22)
(-0.0002016402401 0.05297278555 0)
(-0.01067305989 0.1248098014 9.18187889e-22)
(-0.02628526411 0.1687324588 -2.440399952e-23)
(-0.04501212327 0.1916345901 9.192329813e-22)
(-0.06494718868 0.1992816118 -2.511781005e-23)
(-0.08536764653 0.1956013842 2.838479735e-23)
(-0.1059321017 0.1827817577 -2.812569121e-23)
(-0.1264941814 0.1616539084 -1.660703822e-23)
(-0.146901709 0.1321743616 -5.259563449e-22)
(-0.1668480893 0.09389704818 -8.905497358e-24)
(-0.185732742 0.04640851904 9.6590112e-24)
(-0.2024806352 -0.01023327259 3.312733701e-22)
(-0.2154177267 -0.07499214299 -5.820033637e-22)
(-0.2220227624 -0.1450239404 0)
(-0.2188043057 -0.214667873 8.886007095e-22)
(-0.2016260449 -0.2739927678 -4.939710177e-22)
(-0.1668635121 -0.3075720948 -1.571846129e-23)
(-0.1140212539 -0.2953727765 0)
(-0.05288421641 -0.2195739946 -1.889157722e-22)
(-0.004749098601 -0.08377033625 3.359565865e-22)
(-0.0003643164832 0.05902046392 1.55085251e-23)
(-0.01049653777 0.1379813546 -8.763252308e-22)
(-0.02441553718 0.1856711017 -1.15695331e-21)
(-0.04026966742 0.2101282042 -8.628040772e-22)
(-0.05631039646 0.2182250079 0)
(-0.07215226007 0.2146105664 3.513425578e-23)
(-0.08779645053 0.2018728415 -7.294078076e-23)
(-0.1034610182 0.1809966642 5.867254457e-23)
(-0.1194035849 0.1518983249 3.021018508e-22)
(-0.1357987246 0.1139159616 -1.128080049e-23)
(-0.1526140351 0.06621709635 0)
(-0.1694579459 0.008181552969 -3.603550061e-22)
(-0.1852815916 -0.06015441586 7.514993199e-22)
(-0.1980497888 -0.1372684413 8.830998957e-22)
(-0.2043586204 -0.218919284 -5.295963729e-22)
(-0.1991005379 -0.2959638015 5.162115636e-22)
(-0.1760620084 -0.3513993291 1.077896098e-23)
(-0.1300894381 -0.358407295 -1.095205731e-23)
(-0.0668878327 -0.2843213489 -8.224705528e-23)
(-0.007083252765 -0.1169937254 0)
(-0.0009097063264 0.06539823914 -1.911321924e-23)
(-0.0116770157 0.1502758903 -1.326863116e-21)
(-0.02389119432 0.2000578376 1.094137967e-21)
(-0.03601704291 0.2244125861 6.734397037e-22)
(-0.04657786042 0.2316500071 6.014145165e-22)
(-0.05577613135 0.2272318627 6.643400156e-22)
(-0.06411900935 0.2141719662 -4.458270911e-23)
(-0.07228282564 0.1936462502 -3.461051489e-22)
(-0.08097744556 0.1656019787 2.151990457e-22)
(-0.0908799715 0.1292719863 0)
(-0.102562939 0.0835337676 0)
(-0.1163703287 0.02720424978 2.655230399e-22)
(-0.1321667289 -0.04061519709 8.194730272e-23)
(-0.1489323587 -0.1200075962 -2.821284581e-22)
(-0.1641345581 -0.2089245997 -5.410894295e-23)
(-0.1727925435 -0.3006934917 1.302013007e-22)
(-0.1670343256 -0.3793267342 -3.400021848e-22)
(-0.1365308241 -0.4136388056 -1.598111865e-23)
(-0.08018283954 -0.3538269419 8.213465378e-23)
(-0.01050760331 -0.1594103087 -6.032902302e-22)
(-0.002260627175 0.07348733609 0)
(-0.01580485424 0.1626477909 2.145719549e-21)
(-0.02665332101 0.2117839546 0)
(-0.03422793571 0.2333871934 -1.351710756e-21)
(-0.03760001838 0.2377692859 6.184433306e-23)
(-0.03800414 0.231249041 -6.192572933e-22)
(-0.03669089682 0.2171853112 -4.75592933e-22)
(-0.03489927857 0.1968909764 8.300610513e-22)
(-0.03379771047 0.1703338247 -1.885546117e-22)
(-0.03450823414 0.1367235414 0)
(-0.03812511138 0.09479961316 0)
(-0.04565901362 0.04304668821 2.410818524e-23)
(-0.05791665852 -0.02013353138 -6.006853866e-22)
(-0.07515392161 -0.09620218506 -4.309316167e-22)
(-0.09645875621 -0.1855514388 4.637661967e-22)
(-0.1183520302 -0.2853526808 -6.488228599e-22)
(-0.1332758022 -0.383834369 9.118507007e-23)
(-0.1265376133 -0.4504313416 2.941824293e-23)
(-0.08899240953 -0.4198491754 5.660734555e-22)
(-0.0152692284 -0.2111694984 6.021533644e-22)
(-0.005181009958 0.08597970528 0)
(-0.02525683593 0.1766262796 1.465611186e-22)
(-0.03483715052 0.2205914981 -4.916855425e-23)
(-0.03640506304 0.2354802595 7.642430338e-22)
(-0.03019146611 0.2343349336 -7.004896176e-22)
(-0.01917385836 0.2241554095 4.746159095e-23)
(-0.005624168036 0.2083489605 -1.018573956e-22)
(0.008559968249 0.1881221607 -3.389640884e-22)
(0.02178891246 0.1633908949 2.062696257e-22)
(0.03261798418 0.1333255851 0)
(0.0395751268 0.09664337268 0)
(0.04116125019 0.05174382624 -2.902520935e-22)
(0.0357766011 -0.003251865814 0)
(0.02197435609 -0.07058014326 -5.512004164e-22)
(-0.001271462896 -0.1525704166 -1.491838222e-23)
(-0.03311026829 -0.2505922027 2.55956521e-23)
(-0.06909680711 -0.3599314686 2.202811055e-22)
(-0.09228118278 -0.4575398359 4.789770514e-24)
(-0.08718208419 -0.4698100102 -5.789726104e-22)
(-0.02103139518 -0.2698953166 0)
(-0.01111637379 0.1085974294 0)
(-0.04249010435 0.1947138265 -8.848028316e-22)
(-0.04795797838 0.2258167726 -5.410824187e-22)
(-0.03919984487 0.228209798 4.543619474e-22)
(-0.01878450806 0.2182287898 -1.710113831e-24)
(0.007656656376 0.2028184006 -4.560799424e-23)
(0.03667125935 0.1847592586 5.696321904e-22)
(0.06582071852 0.1647102438 -2.766723446e-23)
(0.09326186293 0.1423125416 -2.069653246e-22)
(0.1173799492 0.1166284149 3.142046032e-23)
(0.1365374822 0.08641331467 -3.425756492e-23)
(0.148958956 0.05017918471 -3.690453215e-23)
(0.1525204764 0.006161913908 3.20552289e-22)
(0.1449305181 -0.04795863656 6.11940532e-22)
(0.1235106443 -0.1153030387 -5.101006526e-22)
(0.08633093704 -0.2004177972 -1.615977646e-22)
(0.03198704922 -0.3067792926 1.531362107e-22)
(-0.02362397895 -0.42398234 7.293769506e-23)
(-0.06492524834 -0.4871597156 1.913303638e-21)
(-0.02509987078 -0.3291532516 2.955005084e-21)
(-0.02004676488 0.1460731054 -4.390079895e-23)
(-0.0641645615 0.2112953563 4.417251844e-23)
(-0.05070390837 0.2177288308 1.00015403e-21)
(-0.01934397771 0.2014659546 -8.267165676e-24)
(0.02414015166 0.1809051868 0)
(0.07153534881 0.1606909836 4.363487763e-23)
(0.1190634259 0.1416476717 -2.273720008e-22)
(0.1644691629 0.1233170068 -9.027412034e-23)
(0.2062173023 0.1048113869 3.680513869e-23)
(0.2429566551 0.08507186192 -1.701566414e-23)
(0.2732136123 0.0629626017 3.42980961e-23)
(0.2952472404 0.03726450652 -6.592411893e-23)
(0.3066915614 0.00653682486 -9.303582733e-23)
(0.3049691565 -0.03087600857 1.516995721e-22)
(0.2863898221 -0.07786150604 0)
(0.2470537789 -0.1399290673 1.505523568e-22)
(0.1810897712 -0.2266295343 2.560010917e-22)
(0.0960426705 -0.3443889535 0)
(-0.006698552764 -0.4552204444 -3.675652868e-21)
(-0.01922423533 -0.3777532243 -2.892634009e-21)
(-0.02591940131 0.2276832637 -9.514125635e-22)
(-0.03998306748 0.2238219176 -1.388945585e-22)
(0.03656117147 0.1810583029 -2.335496595e-22)
(0.1090493007 0.1451051797 -1.19369482e-22)
(0.1817170537 0.1172434991 -4.295671234e-23)
(0.2490058802 0.09627796424 9.782634422e-23)
(0.3100294953 0.08002415461 -1.40850621e-22)
(0.3646160496 0.0665675179 1.297096986e-22)
(0.4126199988 0.05449155468 -8.61960768e-23)
(0.4536197787 0.04270912004 1.132175288e-25)
(0.4867829463 0.03032349549 1.527672415e-23)
(0.5107407871 0.01652975935 7.996874318e-23)
(0.5236561579 0.0005373020651 -1.811059756e-22)
(0.5231770673 -0.01863296649 -1.617097673e-22)
(0.5052303333 -0.04286417149 -4.262709269e-23)
(0.4658700948 -0.07633192404 0)
(0.3952686262 -0.128608817 -1.8465036e-22)
(0.2916063339 -0.2208467751 8.148787402e-22)
(0.1197450434 -0.3525016582 1.631605863e-21)
(0.02670535445 -0.3775497281 2.172657901e-21)
(0.2142895638 0.1347448361 9.864901751e-22)
(0.2776314831 0.09870518404 0)
(0.4316596361 0.05810421804 -2.5942537e-22)
(0.5304751041 0.03846262607 -1.741608701e-22)
(0.6016962674 0.02623409788 0)
(0.6571189985 0.01831911664 -6.008753168e-23)
(0.7015199062 0.01313590733 6.37758894e-23)
(0.7376023786 0.00954207111 -1.800031024e-23)
(0.7669347533 0.006804470939 2.885780508e-23)
(0.7902085853 0.004464813639 2.314893249e-23)
(0.8074536248 0.002221439036 0)
(0.8182606132 -0.0001499253437 -2.872904616e-23)
(0.8216488882 -0.002723691258 0)
(0.8162387914 -0.005712550303 2.738003645e-23)
(0.7991330478 -0.009611313217 1.421600076e-23)
(0.7679986079 -0.01500253245 -5.799477007e-23)
(0.7106556413 -0.02502523052 -2.535675757e-22)
(0.6235184401 -0.0420428905 -6.91812048e-22)
(0.4230090974 -0.09182971853 0)
(0.2705674576 -0.1524022012 -2.119485717e-21)
)


// ************************************************************************* //
