/*--------------------------------*- C++ -*----------------------------------*\
  =========                 |
  \\      /  F ield         | OpenFOAM: The Open Source CFD Toolbox
   \\    /   O peration     | Website:  https://openfoam.org
    \\  /    A nd           | Version:  13
     \\/     M anipulation  |
\*---------------------------------------------------------------------------*/
FoamFile
{
    format      ascii;
    class       scalarField;
    location    "21.29";
    object      p_all;
}
// * * * * * * * * * * * * * * * * * * * * * * * * * * * * * * * * * * * * * //


400
(
1.568867612e-06
-0.000545504892
-0.0008873892245
-0.001014719462
-0.0009357341751
-0.0006827800915
-0.0002934112131
0.0001963906028
0.0007500966259
0.001327219218
0.001882128764
0.002361992805
0.002711435709
0.002877368371
0.002818252186
0.002516082314
0.001991309076
0.001301059532
0.0006423169702
4.654102366e-05
0.0005897535879
8.663110473e-06
-0.0003549089583
-0.0004970818837
-0.0004662825519
-0.0002890865108
5.127027521e-06
0.0003870814214
0.0008253754807
0.001282740889
0.001719328414
0.002083990519
0.002326372942
0.002399126613
0.002268381336
0.001925348489
0.001396751615
0.0007476234012
0.0001501520635
-0.0005124284407
0.0009538301862
0.0003096561854
-9.141782128e-05
-0.0002375931896
-0.0002313076043
-0.0001026380226
0.0001243633199
0.0004284034336
0.0007857600285
0.001164456439
0.00153261486
0.00183618195
0.002025214097
0.002050999921
0.00187841012
0.001497618868
0.0009325837486
0.0002398399356
-0.0004584593989
-0.001295274137
0.0009774413487
0.0002595274132
-0.0001905207594
-0.0003426527072
-0.0003517318414
-0.0002545419232
-7.173393701e-05
0.0001840794767
0.0004993460042
0.0008538146918
0.001206364161
0.001514019284
0.001716004536
0.001751801352
0.001572550789
0.001154864775
0.000510549256
-0.0003136796309
-0.001228800888
-0.002379346057
0.0004818346155
-0.0002833983655
-0.0007620845665
-0.0009135999908
-0.0009344091993
-0.0008657286349
-0.0007225408634
-0.0005053255427
-0.0002138222358
0.0001427084765
0.000533846044
0.0009113205261
0.001203922108
0.001330780065
0.001215496742
0.0008048857727
8.489482788e-05
-0.0009124293652
-0.002122151973
-0.003650338042
-0.000684739957
-0.00146529604
-0.001954124628
-0.002104960127
-0.002147465688
-0.002123788259
-0.002039042495
-0.001876053058
-0.001613606524
-0.001241301495
-0.0007746762272
-0.000258261214
0.0002253377577
0.0005663111644
0.0006427731706
0.0003466179153
-0.0003877331515
-0.001558503476
-0.003128980704
-0.005135831482
-0.00265968399
-0.003421210968
-0.003912866452
-0.004077988631
-0.00417500339
-0.004243624727
-0.004274163328
-0.004224623935
-0.004042584362
-0.003684289344
-0.003135208774
-0.002421089038
-0.001627809136
-0.0008977555825
-0.000419172013
-0.0003930246603
-0.0009824751557
-0.002254607028
-0.004226447112
-0.006821585073
-0.005552116308
-0.006266910677
-0.006764996769
-0.006978639929
-0.007191574387
-0.007438903874
-0.007691981485
-0.007876414999
-0.007895808606
-0.007653803981
-0.007080272045
-0.006152319984
-0.004936646687
-0.003597957983
-0.002407264146
-0.001708051049
-0.001836829144
-0.003008561144
-0.005361716708
-0.008655053892
-0.009431369047
-0.01007763961
-0.01059431191
-0.01090619222
-0.01132102288
-0.01187017348
-0.01250473911
-0.01311230765
-0.01353974074
-0.01361473788
-0.01317349979
-0.01211206926
-0.01041915396
-0.008248076394
-0.005948357907
-0.004054441663
-0.003183080333
-0.003836113316
-0.006419339442
-0.01048410391
-0.01431203254
-0.01487103888
-0.01541783398
-0.01587666147
-0.01658381692
-0.0175730494
-0.01877889997
-0.02005003279
-0.0211676375
-0.02186300866
-0.02184637159
-0.02086116148
-0.01876106667
-0.01560979393
-0.01178553483
-0.008028634078
-0.005351918396
-0.004752616246
-0.007173667382
-0.01197142767
-0.02014840246
-0.02059874215
-0.02116874948
-0.02179029015
-0.022844882
-0.02438211965
-0.02632981987
-0.0285030365
-0.03061595488
-0.03229112663
-0.0330824498
-0.03252783929
-0.03026993436
-0.02616679854
-0.02051393194
-0.01419404491
-0.008682697623
-0.005718545189
-0.00721150592
-0.01245852757
-0.02684937903
-0.02715536134
-0.0276956624
-0.02841560019
-0.02978099463
-0.0318798606
-0.03464841422
-0.03787793657
-0.04122113853
-0.0441914888
-0.04617418747
-0.04646492653
-0.04444961255
-0.0396473085
-0.03210929894
-0.02268818695
-0.013257187
-0.006477560358
-0.005800857226
-0.01075760887
-0.03432689358
-0.03441063637
-0.03478194831
-0.03539661892
-0.03688314674
-0.03940022988
-0.04290905769
-0.04718550121
-0.05182688495
-0.05624453412
-0.05966566062
-0.06117700511
-0.05976627485
-0.05464339509
-0.04542969808
-0.03268943444
-0.01844393025
-0.006237757053
-0.001666578383
-0.00486666802
-0.04260150747
-0.04227149274
-0.04218784311
-0.04228792535
-0.04350501967
-0.04610671584
-0.05008876195
-0.05520843901
-0.0610022622
-0.06678292604
-0.07162690752
-0.07440030319
-0.07382072634
-0.06866409174
-0.05806222343
-0.04205306377
-0.02243215161
-0.003250099973
0.00735345844
0.0083472063
-0.05200189657
-0.05075302072
-0.04967014251
-0.04857124027
-0.04891867819
-0.0511112557
-0.05516283271
-0.06078517267
-0.06742370876
-0.07427782274
-0.08027100724
-0.08406527322
-0.08412089828
-0.07882908851
-0.06683556694
-0.04751708379
-0.02212177112
0.005507022383
0.0247201671
0.03353157538
-0.06364783384
-0.06018167413
-0.05709030308
-0.05375758292
-0.0524585033
-0.05367245231
-0.05735611185
-0.06312859088
-0.07025217592
-0.077790457
-0.08448261634
-0.08877689428
-0.08889081852
-0.08283357226
-0.06884609565
-0.04561709384
-0.01374846464
0.02441985685
0.05554244061
0.07735831972
-0.08017919241
-0.07106837377
-0.06411535235
-0.05716010728
-0.05342615147
-0.05320952101
-0.05625218388
-0.06190612599
-0.06925046067
-0.07710825201
-0.08400400388
-0.08814458141
-0.08747447847
-0.07965220376
-0.06247675301
-0.03404894744
0.005565044239
0.05859584025
0.1058241447
0.1480687152
-0.1105017777
-0.08584972839
-0.07160264081
-0.05896827933
-0.0519106345
-0.04987951888
-0.05209808836
-0.05750300127
-0.06485292328
-0.07270152194
-0.07933338489
-0.08270782757
-0.08051539644
-0.06988395042
-0.04823075002
-0.01272214719
0.03823577452
0.1071318587
0.1779784054
0.2564761559
-0.1684331326
-0.09990491623
-0.07500609448
-0.05479639136
-0.04461743361
-0.04158308176
-0.04371439446
-0.04937698406
-0.05701162829
-0.06496478202
-0.07135593372
-0.07397513358
-0.07012531625
-0.05701075876
-0.03102708395
0.01192958052
0.07559888203
0.1664033984
0.2761611207
0.4377035373
-0.3984245357
-0.1380963942
-0.07496862839
-0.04708739349
-0.03354841808
-0.03002840291
-0.03279933326
-0.03926080812
-0.0475535378
-0.05593357031
-0.06249472896
-0.06502458953
-0.06099111815
-0.04696656877
-0.0187549606
0.02993608828
0.1069554309
0.2334266398
0.4198795008
0.7800227727
)


// ************************************************************************* //
