/*--------------------------------*- C++ -*----------------------------------*\
  =========                 |
  \\      /  F ield         | OpenFOAM: The Open Source CFD Toolbox
   \\    /   O peration     | Website:  https://openfoam.org
    \\  /    A nd           | Version:  13
     \\/     M anipulation  |
\*---------------------------------------------------------------------------*/
FoamFile
{
    format      ascii;
    class       scalarField;
    location    "19.5";
    object      p_all;
}
// * * * * * * * * * * * * * * * * * * * * * * * * * * * * * * * * * * * * * //


400
(
-1.384980931e-06
-0.0005485415261
-0.000890194469
-0.001017405834
-0.0009383282565
-0.0006852865759
-0.0002958319254
0.0001940555257
0.0007478527976
0.001325081319
0.001880114375
0.002360123436
0.002709734923
0.002875871728
0.002817010429
0.002515148508
0.001990708837
0.001300789851
0.0006422571901
4.661366858e-05
0.0005862466766
5.441567128e-06
-0.0003579635897
-0.000500017383
-0.0004690968338
-0.0002917606571
2.612441994e-06
0.0003847248606
0.0008231591761
0.001280660527
0.001717403736
0.00208225393
0.002324850767
0.002397842205
0.00226736344
0.001924628713
0.001396342585
0.0007475017167
0.0001502251879
-0.0005122285666
0.0009501601355
0.0003062302715
-9.46703764e-05
-0.00024070261
-0.0002342606642
-0.0001054085513
0.0001218032197
0.0004260634952
0.000783630182
0.001162546457
0.001530857838
0.001834614993
0.002023861182
0.002049890328
0.001877575744
0.001497084301
0.0009323522886
0.0002398877256
-0.0004582062553
-0.001294833458
0.0009735895392
0.0002559470383
-0.0001938887256
-0.0003458339557
-0.0003546992429
-0.0002572710858
-7.42078005e-05
0.0001818691889
0.0004973921161
0.0008520736299
0.001204862284
0.001512720629
0.001714913692
0.001750946125
0.001571967574
0.001154580686
0.0005105706479
-0.0003133639261
-0.001228232472
-0.002378475065
0.0004779943067
-0.0002869514935
-0.0007654008085
-0.0009166907538
-0.0009372219631
-0.0008682266657
-0.0007247101604
-0.0005071682859
-0.000215354784
0.0001414463558
0.0005328147967
0.0009104832758
0.001203271668
0.001330336811
0.001215294502
0.0008049541379
8.5251867e-05
-0.0009117723351
-0.002121196402
-0.003649012166
-0.0006882961917
-0.001468569669
-0.001957147738
-0.002107725291
-0.002149891054
-0.00212580841
-0.002040629939
-0.001877219048
-0.001614391883
-0.001241772063
-0.0007749053043
-0.0002583149306
0.0002254204565
0.0005665253234
0.0006431396806
0.0003471722276
-0.0003869459936
-0.001557429667
-0.003127567581
-0.005133972798
-0.002662649959
-0.003423929191
-0.00391532475
-0.004080148755
-0.004176747808
-0.004244850444
-0.00427482195
-0.004224733795
-0.004042213448
-0.003683535394
-0.003134185154
-0.002419907131
-0.001626569117
-0.0008965222343
-0.0004179625957
-0.000391801308
-0.0009811469275
-0.002253047982
-0.004224527202
-0.006819160672
-0.005554187937
-0.006268807014
-0.006766632612
-0.006979920117
-0.007192334704
-0.007439000567
-0.007691340745
-0.007875056864
-0.007893828965
-0.007651343574
-0.007077502737
-0.006149398
-0.004933759883
-0.003595262003
-0.002404847366
-0.001705896346
-0.001834801764
-0.003006443018
-0.005359268971
-0.008652073226
-0.009432294197
-0.01007849064
-0.01059491162
-0.01090636347
-0.01132054622
-0.01186886756
-0.01250250066
-0.01310914147
-0.01353575793
-0.01361012756
-0.0131684879
-0.01210694378
-0.01041417948
-0.008243505296
-0.005944364058
-0.004051055291
-0.003180152443
-0.003833347052
-0.006416370668
-0.01048063464
-0.01431166085
-0.01487070513
-0.01541726991
-0.01587559671
-0.01658196732
-0.01757019895
-0.01877492452
-0.02004491913
-0.02116149548
-0.02185606776
-0.0218389492
-0.02085362775
-0.01875380042
-0.01560314343
-0.01177975396
-0.008023814104
-0.005347936107
-0.00474914043
-0.007170227166
-0.01196761004
-0.02014671183
-0.02059719982
-0.02116701974
-0.02178802231
-0.0228417172
-0.02437779382
-0.02632419701
-0.02849611252
-0.03060785478
-0.03228210948
-0.03307288927
-0.03251818982
-0.03026065488
-0.0261583006
-0.02050652229
-0.01418787167
-0.008677699953
-0.005714420319
-0.007207736915
-0.0124546068
-0.02684648744
-0.02715272207
-0.02769290338
-0.0284123308
-0.02977679543
-0.03187440263
-0.0346415357
-0.0378696638
-0.04121165533
-0.04418111646
-0.04616335173
-0.04645415949
-0.04443927489
-0.03963783931
-0.03210099686
-0.02268121713
-0.01325156208
-0.006473072215
-0.005797049645
-0.01075396682
-0.03432305474
-0.0344071556
-0.03477843854
-0.03539268936
-0.03687835978
-0.03939420801
-0.04290159649
-0.04717664054
-0.0518168721
-0.05623379054
-0.05965467841
-0.06116623505
-0.05975623513
-0.05463434142
-0.04542180285
-0.03268277144
-0.01843852186
-0.006233500207
-0.00166320532
-0.004863807607
-0.04259707654
-0.04226753983
-0.04218399916
-0.04228380823
-0.04350018973
-0.0461007779
-0.05008148427
-0.05519987039
-0.06099266927
-0.06677281791
-0.07161687232
-0.07439087516
-0.07381230966
-0.06865686486
-0.05805618707
-0.04204808979
-0.02242814684
-0.003246973248
0.007355740769
0.008348741992
-0.05199729836
-0.05074901931
-0.04966646704
-0.0485675231
-0.04891443508
-0.05110604345
-0.05515637819
-0.06077759316
-0.06741523478
-0.07426903996
-0.0802625705
-0.08405778227
-0.08411479406
-0.07882448032
-0.06683233
-0.04751484804
-0.02212025382
0.005508019658
0.02472063318
0.03353130812
-0.06364357836
-0.06017808936
-0.05708730346
-0.05375485124
-0.05245547245
-0.05366854123
-0.05735082542
-0.06312253206
-0.07024512568
-0.07778321626
-0.0844759163
-0.08877141048
-0.08888717386
-0.08283160954
-0.06884576336
-0.04561785412
-0.01374999723
0.02441820993
0.05554058286
0.07735604499
-0.08017588071
-0.07106576614
-0.06411355428
-0.05715884705
-0.05342478784
-0.05320733256
-0.05624871312
-0.06190139853
-0.06924480182
-0.07710238046
-0.08399870593
-0.08814057084
-0.0874721363
-0.07965214795
-0.06247862957
-0.03405227556
0.005560118542
0.0585927615
0.105820224
0.1480646388
-0.1104998925
-0.08584859235
-0.07160249366
-0.05896875559
-0.05191107993
-0.04987903084
-0.05209620714
-0.05749968822
-0.06484854614
-0.07269679532
-0.07932915706
-0.08270491259
-0.08051459323
-0.06988503158
-0.0482338028
-0.01272674797
0.03823017316
0.1071263931
0.1779729269
0.2564705807
-0.1684325512
-0.09990498888
-0.07500737725
-0.05479836162
-0.04461925434
-0.04158390317
-0.04371372831
-0.0493747852
-0.05700824629
-0.06496088898
-0.07135233588
-0.07397258111
-0.07012434818
-0.05701204412
-0.03103034297
0.01192474834
0.07559302102
0.1663972488
0.2761549112
0.4376975052
-0.3984239982
-0.1380966873
-0.07497024889
-0.04708989547
-0.03355087617
-0.03002992202
-0.03279938195
-0.03925930312
-0.04755078796
-0.05593019353
-0.0624914924
-0.06502224593
-0.06099024702
-0.04696759475
-0.01875782071
0.02993170279
0.1069499947
0.2334207666
0.4198735206
0.7800168932
)


// ************************************************************************* //
