/*--------------------------------*- C++ -*----------------------------------*\
  =========                 |
  \\      /  F ield         | OpenFOAM: The Open Source CFD Toolbox
   \\    /   O peration     | Website:  https://openfoam.org
    \\  /    A nd           | Version:  13
     \\/     M anipulation  |
\*---------------------------------------------------------------------------*/
FoamFile
{
    format      ascii;
    class       vectorField;
    location    "47.19";
    object      U_all;
}
// * * * * * * * * * * * * * * * * * * * * * * * * * * * * * * * * * * * * * //


400
(
(1.100826101e-05 -3.783022189e-05 0)
(-0.0006660927004 0.000413043119 -1.551427368e-23)
(-0.002185373076 0.0009203932006 0)
(-0.004047831478 0.001312779955 0)
(-0.005971868714 0.001535065698 6.845893244e-25)
(-0.007762785407 0.001569849701 4.150725049e-24)
(-0.009284547139 0.001423566495 -7.373964335e-24)
(-0.01043594114 0.001119725012 7.530068661e-24)
(-0.01113681199 0.000696081654 -2.095321017e-25)
(-0.01132710903 0.000203074612 -3.994577469e-24)
(-0.01097177207 -0.0003002366569 5.8035115e-24)
(-0.01007232957 -0.000747517829 -5.92946514e-23)
(-0.008679882719 -0.001075562012 -6.552601654e-23)
(-0.006902854851 -0.001233042434 -7.784236201e-23)
(-0.004910738483 -0.001192636638 4.573543397e-24)
(-0.002927231978 -0.0009619193557 -4.137886167e-24)
(-0.001205300727 -0.0005912112903 -1.998724738e-22)
(-1.907207923e-05 -0.0001698827067 0)
(0.0005181500114 0.0001720862609 1.509561786e-25)
(0.0002227494532 0.0003059799708 -2.552603523e-24)
(-0.0002633615946 0.0008289722922 1.382873137e-25)
(-0.00270330413 0.003383843992 1.561226938e-23)
(-0.006907276213 0.00560450246 1.555526141e-25)
(-0.01195231802 0.007008206526 -8.496080975e-25)
(-0.0171350424 0.007553774305 1.162244142e-24)
(-0.02197535439 0.007294199973 1.307002976e-23)
(-0.02611076392 0.006321897412 1.387218245e-24)
(-0.02926565191 0.004754197321 -7.281819696e-24)
(-0.03122673327 0.002737153991 1.015235446e-23)
(-0.03184200994 0.0004524047857 4.509911871e-24)
(-0.03102761224 -0.001884147966 -6.318776339e-24)
(-0.02879316395 -0.004023032666 2.961540964e-24)
(-0.02527138298 -0.005708355559 3.895481166e-23)
(-0.0207319501 -0.006707408091 -1.954736974e-24)
(-0.0155896286 -0.006854137335 3.754419521e-24)
(-0.01038513661 -0.006097461561 -9.740764805e-23)
(-0.005730275609 -0.004546184504 9.637513576e-23)
(-0.002233371309 -0.002507417424 -3.961088398e-25)
(-0.0001817792746 -0.0005023704093 4.06098777e-25)
(8.343303921e-05 0.0006099285529 0)
(-0.00041882251 0.00293508029 -2.910291543e-25)
(-0.004647873745 0.008804016982 1.701897568e-23)
(-0.01137196138 0.01324042742 -8.285167667e-24)
(-0.01932729254 0.01579204378 -2.075574721e-25)
(-0.02747411737 0.01653000038 2.039035458e-25)
(-0.03511778733 0.01564441462 6.791311508e-27)
(-0.04171344757 0.01335997421 -1.219753206e-24)
(-0.04683571856 0.009919771658 -4.55081032e-25)
(-0.05014989246 0.005602435998 -1.063054193e-23)
(-0.05141232271 0.0007444232266 0)
(-0.05047793508 -0.004241779869 0)
(-0.04733706309 -0.008887189039 2.670979777e-23)
(-0.04215927752 -0.0126817726 2.812981418e-23)
(-0.03531437211 -0.01513605384 -1.646133892e-24)
(-0.02738996138 -0.01586189522 4.845761481e-23)
(-0.01917005981 -0.01467333914 9.419073165e-23)
(-0.01156091099 -0.01169360028 3.975463363e-23)
(-0.005465417544 -0.007450739455 4.141397203e-25)
(-0.00145110435 -0.002936040057 1.073957714e-25)
(-9.072970882e-05 0.0002258805959 0)
(-0.0005024622394 0.006045350527 -4.24878017e-23)
(-0.006402738392 0.01637075566 -1.692121464e-23)
(-0.01553502427 0.02355933779 8.212008345e-24)
(-0.02627912257 0.02744163022 0)
(-0.03728747046 0.028321026 0)
(-0.04769037688 0.02658772761 0)
(-0.05679663098 0.02263120304 -4.465458324e-26)
(-0.06405384065 0.01683609128 -2.136998979e-24)
(-0.0690108165 0.009622182608 0)
(-0.07130828182 0.001491049866 1.635340681e-24)
(-0.07070853914 -0.006936503658 2.802718457e-25)
(-0.06713039734 -0.01493018918 -2.810566003e-25)
(-0.0606990568 -0.02166728396 0)
(-0.05180750341 -0.02631606084 4.133216282e-23)
(-0.04114991384 -0.02816071146 -4.68147715e-23)
(-0.02971970092 -0.02677372351 -2.761822413e-23)
(-0.01873716874 -0.02221530474 -3.960606854e-23)
(-0.009488033057 -0.01521922014 7.795811641e-25)
(-0.002976884361 -0.007298191889 9.790499215e-23)
(-0.0002318818663 -0.0008661649375 0)
(-0.0005316131576 0.01009501787 4.269440391e-23)
(-0.007983592432 0.02595219655 4.785482327e-25)
(-0.01939687373 0.03642882901 -4.676183477e-25)
(-0.03282382486 0.04185520913 0)
(-0.04664689238 0.04289485615 7.783091428e-25)
(-0.0598523003 0.04020074495 -7.675176034e-25)
(-0.07163291723 0.03434742031 3.672322616e-23)
(-0.08132751492 0.02585664249 1.848240324e-23)
(-0.0883660127 0.01527298339 6.238946359e-24)
(-0.09225469783 0.003246146107 -1.637245875e-24)
(-0.09260380129 -0.009407833753 0)
(-0.08917555873 -0.02167478195 4.370543274e-25)
(-0.08195979453 -0.03236745323 1.00899081e-23)
(-0.07126885361 -0.04021250525 -4.349244859e-23)
(-0.05782018537 -0.04402046799 1.932852722e-24)
(-0.04278582723 -0.04294829804 4.21706886e-23)
(-0.02775450331 -0.03683347249 -3.84142449e-25)
(-0.01455062558 -0.02652721094 0)
(-0.004859465015 -0.01408454403 5.436558156e-23)
(-0.0003641495719 -0.002846951692 -2.565091937e-22)
(-0.0005272219449 0.01499927934 9.841647659e-23)
(-0.009377926654 0.03739022663 -4.90783732e-25)
(-0.02288182804 0.05170223279 0)
(-0.0388304353 0.05894183309 0)
(-0.05538656874 0.06025574815 -8.732161749e-23)
(-0.07142876925 0.05661901332 -8.499134512e-23)
(-0.08606654508 0.04880169103 -4.067581229e-23)
(-0.09855086375 0.03743980823 -1.504382196e-23)
(-0.1081945348 0.02315984169 -5.368976297e-24)
(-0.1143444769 0.006709679941 -8.17503748e-24)
(-0.1164046254 -0.01093292221 6.601161824e-24)
(-0.1138937446 -0.02848945216 8.826746647e-24)
(-0.1065487012 -0.04437046518 -1.892315214e-23)
(-0.09446804123 -0.05675334123 4.607779151e-24)
(-0.07826856746 -0.06378299119 0)
(-0.05922895216 -0.06393495921 -1.572792122e-23)
(-0.03933981785 -0.05653816721 -2.431254778e-26)
(-0.02114188843 -0.0423580939 0)
(-0.00731870357 -0.02398229482 -1.520662318e-22)
(-0.0005216168551 -0.005925544717 6.05629831e-22)
(-0.0004990826378 0.02064574593 -9.774598689e-23)
(-0.01052951099 0.05045438523 2.831995457e-22)
(-0.02582957621 0.06912512159 1.526865898e-22)
(-0.04402138458 0.07849258297 3.619293393e-24)
(-0.06310739313 0.08029476676 -7.319348745e-23)
(-0.08190405242 0.07588043095 9.043593621e-23)
(-0.09947763874 0.06621690866 -3.590231204e-24)
(-0.1150227401 0.05201695261 -1.729179747e-24)
(-0.1277519211 0.03392358698 2.524174717e-24)
(-0.1368472642 0.01270233366 7.382668185e-24)
(-0.1414710571 -0.01058782233 -6.500907298e-24)
(-0.1408248232 -0.03446024386 -9.788173743e-24)
(-0.1342746007 -0.05692771836 -3.261733229e-23)
(-0.1215450259 -0.07553316452 -3.661511099e-23)
(-0.1029672657 -0.08754260895 5.646001419e-25)
(-0.07976369792 -0.09039210058 0)
(-0.05426682372 -0.0824451412 0)
(-0.02987160875 -0.06397737135 -2.906085934e-24)
(-0.0106628512 -0.03798794867 2.970535635e-24)
(-0.0007350935084 -0.01050089559 1.027871818e-22)
(-0.0004479160555 0.02687251092 0)
(-0.01134923208 0.06480757696 2.001981617e-22)
(-0.02801599808 0.08829617624 8.962059301e-23)
(-0.04799857556 0.1001234991 0)
(-0.06920602232 0.1027076591 1.569888737e-22)
(-0.09044373407 0.09781578874 0)
(-0.1107831698 0.08661103191 -1.428392045e-22)
(-0.1294093781 0.06983950479 6.515582386e-24)
(-0.1454771661 0.04808232329 0)
(-0.1580351854 0.02201755732 0)
(-0.1660133511 -0.007334438114 -1.374416168e-24)
(-0.1682671618 -0.03838839606 -9.316797183e-25)
(-0.163706475 -0.06883975811 1.491984264e-22)
(-0.1515208798 -0.09558275818 -4.70463695e-23)
(-0.1315134573 -0.1148298676 -2.560982031e-24)
(-0.1045596081 -0.1225703437 1.534744485e-24)
(-0.07309349877 -0.1155517995 -1.558953977e-24)
(-0.04135021442 -0.09283115821 0)
(-0.01525230232 -0.05740767817 3.203823912e-24)
(-0.001044308786 -0.01714714582 -1.012917206e-21)
(-0.0003744659367 0.03346304572 0)
(-0.0117500599 0.07998918851 -1.128298817e-22)
(-0.02920707937 0.1086390971 -6.191165067e-22)
(-0.05031745175 0.1232234029 -3.75531447e-22)
(-0.07296317701 0.1269097073 0)
(-0.09598960461 0.121925567 4.119463306e-22)
(-0.1185273503 0.1096348662 1.260928248e-22)
(-0.1398146433 0.09078245951 -5.581848788e-24)
(-0.1590221566 0.06581393191 5.554221637e-24)
(-0.1751461033 0.03520881133 0)
(-0.1869560032 -0.0001967463785 2.912137377e-23)
(-0.1930172707 -0.03889754231 4.69585173e-24)
(-0.1917809972 -0.07843888443 -1.076811768e-22)
(-0.1817874484 -0.1151865377 8.004233835e-23)
(-0.1620570469 -0.1442599475 -2.419752579e-22)
(-0.1327062021 -0.1598548649 0)
(-0.09577888258 -0.156311291 0)
(-0.05601633078 -0.1302981106 0)
(-0.02147859121 -0.08381135278 0)
(-0.001500384417 -0.02665516385 5.572131502e-22)
(-0.0002873899694 0.04016077893 0)
(-0.01169359602 0.09543611746 -3.493023122e-22)
(-0.02924438248 0.1294073657 8.932815033e-22)
(-0.05060947342 0.1469299203 3.617186549e-22)
(-0.07370082819 0.151974871 0)
(-0.09745151333 0.1472757993 -3.862560726e-22)
(-0.121106985 0.1344191971 -3.174434326e-23)
(-0.1440324789 0.1141393327 3.333108601e-22)
(-0.1655143234 0.08670006584 1.769476953e-22)
(-0.1846248528 0.05229123406 -4.060157637e-23)
(-0.2001325831 0.01141716105 1.656821686e-23)
(-0.2104622477 -0.03471424203 -8.265264504e-24)
(-0.2137208568 -0.08376563646 3.371863646e-22)
(-0.2078215535 -0.1318756354 0)
(-0.1908238565 -0.1732756149 2.420921609e-22)
(-0.1616335758 -0.2002593413 5.774798364e-24)
(-0.1211662703 -0.204012173 -5.86091769e-24)
(-0.07384989859 -0.1772119976 1.548455495e-22)
(-0.02971786844 -0.1188642341 -5.435482967e-24)
(-0.002179545109 -0.04005398794 0)
(-0.0002117201806 0.04671640137 0)
(-0.01125001088 0.1105498157 0)
(-0.02815624408 0.149735504 -5.022764357e-22)
(-0.04874479304 0.1701517643 -1.881000296e-23)
(-0.07100086727 0.1766257187 2.038380762e-23)
(-0.09399451616 0.1724526547 -2.014313235e-23)
(-0.1171434305 0.1594871013 -2.316885555e-23)
(-0.1400179497 0.1384805093 -3.029826861e-22)
(-0.1621328875 0.1095160709 6.698611119e-23)
(-0.1827959021 0.07245186789 4.513184253e-23)
(-0.2009835548 0.02734928618 -4.577727604e-23)
(-0.2152270265 -0.02508697979 0)
(-0.2235562223 -0.08298351548 -7.839708532e-23)
(-0.2234632212 -0.1427257349 0)
(-0.2120679448 -0.19818209 -3.739567292e-22)
(-0.1867434563 -0.2400773718 5.244963384e-22)
(-0.1464438316 -0.2560773437 0)
(-0.09394567809 -0.2331209528 -1.494001359e-22)
(-0.04022001031 -0.1639613676 1.937558427e-22)
(-0.003201100333 -0.05861063182 -3.411537953e-22)
(-0.0002015408818 0.05297585159 0)
(-0.01067261824 0.1248172416 9.182879549e-22)
(-0.02628446599 0.1687424622 -2.440688288e-23)
(-0.0450110778 0.1916455185 9.19334919e-22)
(-0.06494597549 0.1992921098 -2.512089196e-23)
(-0.08536628619 0.1956104358 2.838846594e-23)
(-0.1059305652 0.1827886874 -2.812932632e-23)
(-0.1264924181 0.1616583524 -1.660919147e-23)
(-0.1468996831 0.1321762296 -5.260232882e-22)
(-0.1668458136 0.09389646442 -8.906634952e-24)
(-0.1857303004 0.04640576015 9.66020394e-24)
(-0.2024781671 -0.01023785058 3.313080047e-22)
(-0.2154154604 -0.07499820636 -5.820745266e-22)
(-0.2220209713 -0.1450311867 0)
(-0.2188032105 -0.2146760645 8.887333561e-22)
(-0.2016257529 -0.2740016451 -4.940895459e-22)
(-0.1668639199 -0.3075811986 -1.572226008e-23)
(-0.11402201 -0.2953811938 0)
(-0.05288482054 -0.2195802597 -1.890191994e-22)
(-0.004749188239 -0.08377278001 3.360595592e-22)
(-0.0003641981286 0.05902317795 1.551011845e-23)
(-0.01049573818 0.1379881521 -8.764206705e-22)
(-0.02441389392 0.1856804135 -1.157060294e-21)
(-0.04026724347 0.2101384791 -8.628997488e-22)
(-0.05630729601 0.2182348953 0)
(-0.07214856568 0.2146190311 3.513808253e-23)
(-0.08779221603 0.2018791992 -7.294872142e-23)
(-0.1034562782 0.1810005634 5.867888538e-23)
(-0.1193983856 0.151899725 3.02136877e-22)
(-0.1357931524 0.1139150562 -1.128196399e-23)
(-0.1526082296 0.06621424765 0)
(-0.1694521352 0.008177200976 -3.603932363e-22)
(-0.1852760579 -0.06015987959 7.515673233e-22)
(-0.1980448504 -0.1372747037 8.831709589e-22)
(-0.2043546256 -0.2189261913 -5.296632453e-22)
(-0.199097761 -0.2959712938 5.16269459e-22)
(-0.1760605331 -0.3514072615 1.078235667e-23)
(-0.1300890634 -0.3584150809 -1.095550751e-23)
(-0.06688803329 -0.284327653 -8.215246546e-23)
(-0.007083319991 -0.1169964424 0)
(-0.0009095771492 0.06540041583 -1.91148834e-23)
(-0.0116759156 0.1502816423 -1.326966535e-21)
(-0.02388881862 0.200065958 1.094238614e-21)
(-0.0360134027 0.2244216992 6.73493627e-22)
(-0.04657308649 0.2316588274 6.014637129e-22)
(-0.05577038415 0.227239373 6.643962355e-22)
(-0.06411245631 0.2141774911 -4.45868052e-23)
(-0.07227561473 0.1936494411 -3.461339245e-22)
(-0.08096972713 0.1656028337 2.152163569e-22)
(-0.09087192023 0.1292707362 0)
(-0.1025547419 0.08353082433 0)
(-0.1163622123 0.02720010605 2.655398049e-22)
(-0.1321589528 -0.04062006174 8.194325311e-23)
(-0.1489252291 -0.1200128325 -2.821625781e-22)
(-0.1641284261 -0.2089300707 -5.411274694e-23)
(-0.1727877606 -0.3006992523 1.301952023e-22)
(-0.1670311298 -0.3793329119 -3.400509232e-22)
(-0.1365292436 -0.4136451986 -1.593808418e-23)
(-0.08018250139 -0.3538326218 8.204019321e-23)
(-0.01050762295 -0.1594130576 -6.032153901e-22)
(-0.00226049814 0.07348883554 0)
(-0.01580355527 0.162652178 2.145876014e-21)
(-0.02665042386 0.2117904746 0)
(-0.03422339444 0.2333947282 -1.351809028e-21)
(-0.03759398363 0.2377766841 6.18405231e-23)
(-0.03799685107 0.2312553544 -6.193099651e-22)
(-0.03668265737 0.2171899035 -4.756287495e-22)
(-0.03489036153 0.1968934518 8.301259839e-22)
(-0.033788377 0.1703342407 -1.885699015e-22)
(-0.03449876199 0.1367221093 0)
(-0.03811572452 0.09479673721 0)
(-0.04564992166 0.04304286612 2.410616558e-23)
(-0.05790804058 -0.02013781256 -6.007201072e-22)
(-0.0751459834 -0.09620650273 -4.309569011e-22)
(-0.09645174829 -0.185555618 4.637864677e-22)
(-0.1183462605 -0.285356778 -6.48873986e-22)
(-0.1332715374 -0.3838386544 9.119950295e-23)
(-0.1265350984 -0.4504358724 2.937291386e-23)
(-0.0889915407 -0.4198536385 5.660441759e-22)
(-0.01526917931 -0.2111719737 6.020786654e-22)
(-0.005180899406 0.08598046004 0)
(-0.02525550644 0.1766291199 1.465579516e-22)
(-0.03483407865 0.2205961555 -4.917147352e-23)
(-0.03640013718 0.2354859348 7.642935705e-22)
(-0.0301848286 0.2343406755 -7.005382853e-22)
(-0.01916579208 0.2241603891 4.746483827e-23)
(-0.005615147789 0.2083525858 -1.018610486e-22)
(0.008569610294 0.1881241105 -3.389890474e-22)
(0.0217988642 0.1633911287 2.062823822e-22)
(0.03262781704 0.1333242746 0)
(0.03958458782 0.09664086284 0)
(0.04117013472 0.05174056495 -2.902668741e-22)
(0.03578484026 -0.00325539774 0)
(0.02198184872 -0.07058360864 -5.512189082e-22)
(-0.001264844321 -0.1525735511 -1.492377243e-23)
(-0.0331046973 -0.2505949851 2.559742807e-23)
(-0.06909235694 -0.3599341521 2.203145695e-22)
(-0.09227826921 -0.4575424531 4.788070931e-24)
(-0.0871808989 -0.469812942 -5.789410055e-22)
(-0.02103127145 -0.26989723 0)
(-0.01111631535 0.1085974982 0)
(-0.04248901863 0.1947151688 -8.848482875e-22)
(-0.04795528919 0.2258195514 -5.411041852e-22)
(-0.03919535836 0.2282135554 4.543818711e-22)
(-0.01877830089 0.2182328133 -1.709980774e-24)
(0.007664316389 0.2028220355 -4.561052252e-23)
(0.03667993639 0.1847619771 5.696685449e-22)
(0.06582998798 0.1647118219 -2.766891957e-23)
(0.09327131077 0.1423128182 -2.069782697e-22)
(0.1173891623 0.1166274942 3.142214935e-23)
(0.1365461701 0.08641143904 -3.425918528e-23)
(0.148966928 0.05017669025 -3.690595437e-23)
(0.1525275792 0.006159166773 3.20563469e-22)
(0.1449367042 -0.04796127046 6.119608479e-22)
(0.12351598 -0.115305291 -5.101173752e-22)
(0.08633533512 -0.200419565 -1.616059898e-22)
(0.03199089362 -0.3067806592 1.531306407e-22)
(-0.02362123104 -0.4239837146 7.293651273e-23)
(-0.06492413034 -0.4871612791 1.913291442e-21)
(-0.02509971701 -0.3291544746 2.954991269e-21)
(-0.02004680443 0.1460727416 -4.390209036e-23)
(-0.06416406293 0.2112955873 4.417381795e-23)
(-0.05070230677 0.2177300488 1.000188957e-21)
(-0.01934097333 0.201467999 -8.27056624e-24)
(0.02414465081 0.180907618 0)
(0.07154122268 0.1606933344 4.363724843e-23)
(0.1190703426 0.1416495486 -2.273853341e-22)
(0.1644767349 0.1233181813 -9.027962401e-23)
(0.2062251171 0.1048117285 3.680736547e-23)
(0.2429643034 0.08507140005 -1.701655718e-23)
(0.2732207589 0.06296147604 3.429971837e-23)
(0.2952536119 0.0372629376 -6.592683855e-23)
(0.306697107 0.006535067676 -9.303908741e-23)
(0.3049738322 -0.0308777008 1.51704488e-22)
(0.2863936258 -0.07786290988 0)
(0.2470568091 -0.139930037 1.505613115e-22)
(0.1810922241 -0.2266299752 2.56001375e-22)
(0.09604450281 -0.3443894948 0)
(-0.006697615725 -0.4552210219 -3.675634543e-21)
(-0.019224082 -0.3777537589 -2.892620748e-21)
(-0.02591951296 0.2276828809 -9.514205524e-22)
(-0.03998324734 0.223821653 -1.388976907e-22)
(0.03656136712 0.1810585364 -2.335582833e-22)
(0.1090503041 0.1451059096 -1.193742611e-22)
(0.1817191198 0.1172445496 -4.29582851e-23)
(0.2490090744 0.09627907595 9.783188847e-23)
(0.3100336717 0.08002510341 -1.408593239e-22)
(0.3646209348 0.06656815242 1.297176156e-22)
(0.4126252509 0.05449178795 -8.620125508e-23)
(0.4536250315 0.04270894839 1.132190729e-25)
(0.4867878739 0.03032298345 1.527742454e-23)
(0.510745138 0.01652901798 7.997208545e-23)
(0.523659747 0.0005365139021 -1.811124686e-22)
(0.5231798025 -0.01863373282 -1.617147023e-22)
(0.5052323429 -0.04286478977 -4.262958968e-23)
(0.4658715087 -0.07633231195 0)
(0.3952696501 -0.1286089384 -1.846476611e-22)
(0.291607105 -0.2208468098 8.148762607e-22)
(0.1197455107 -0.3525016903 1.631601454e-21)
(0.02670547261 -0.3775497979 2.172655849e-21)
(0.2142894464 0.134744721 9.864990612e-22)
(0.277631117 0.09870503501 0)
(0.4316592272 0.05810414821 -2.594321903e-22)
(0.5304749336 0.03846264942 -1.741667548e-22)
(0.6016965749 0.02623419101 0)
(0.6571198964 0.0183192345 -6.009096889e-23)
(0.7015213612 0.01313600812 6.378006625e-23)
(0.7376042511 0.009542125941 -1.800157798e-23)
(0.7669368428 0.006804463206 2.885976115e-23)
(0.7902106697 0.004464743539 2.315034493e-23)
(0.8074555022 0.002221319556 0)
(0.8182621365 -0.000150075211 -2.873034289e-23)
(0.8216499723 -0.002723848449 0)
(0.8162394202 -0.005712668748 2.738153349e-23)
(0.7991333151 -0.009611382877 1.421694118e-23)
(0.7679986346 -0.01500255107 -5.799401557e-23)
(0.7106555755 -0.02502519953 -2.535660458e-22)
(0.623518398 -0.04204285406 -6.918101117e-22)
(0.423009102 -0.09182968079 0)
(0.2705674689 -0.1524021841 -2.119483715e-21)
)


// ************************************************************************* //
