/*--------------------------------*- C++ -*----------------------------------*\
  =========                 |
  \\      /  F ield         | OpenFOAM: The Open Source CFD Toolbox
   \\    /   O peration     | Website:  https://openfoam.org
    \\  /    A nd           | Version:  13
     \\/     M anipulation  |
\*---------------------------------------------------------------------------*/
FoamFile
{
    format      ascii;
    class       vectorField;
    location    "28.53";
    object      U_all;
}
// * * * * * * * * * * * * * * * * * * * * * * * * * * * * * * * * * * * * * //


400
(
(1.094113545e-05 -3.787414823e-05 0)
(-0.0006661607687 0.0004130322344 -1.547142567e-23)
(-0.002185378162 0.0009203849076 0)
(-0.004047805771 0.001312767124 0)
(-0.005971813534 0.00153504833 6.839349884e-25)
(-0.007762706917 0.001569829182 4.15223659e-24)
(-0.009284454416 0.001423547716 -7.35449036e-24)
(-0.01043584231 0.001119713593 7.550132026e-24)
(-0.01113671209 0.0006960799817 -2.096937765e-25)
(-0.01132701124 0.0002030804083 -3.99696622e-24)
(-0.01097168105 -0.0003002278631 5.806112609e-24)
(-0.01007225222 -0.0007475097069 -5.931579487e-23)
(-0.008679825964 -0.001075555983 -6.554737653e-23)
(-0.006902822981 -0.001233038237 -7.786422212e-23)
(-0.004910730497 -0.001192634077 4.574903958e-24)
(-0.002927241209 -0.000961919352 -4.139291914e-24)
(-0.001205317689 -0.0005912150405 -1.99965148e-22)
(-1.908712683e-05 -0.000169889977 0)
(0.0005181416053 0.0001720769214 1.513313391e-25)
(0.0002227486597 0.0003059734079 -2.600822812e-24)
(-0.0002633912809 0.0008289020238 1.386271542e-25)
(-0.002703311461 0.003383779419 1.556867263e-23)
(-0.006907222306 0.005604422701 1.548864284e-25)
(-0.01195219929 0.0070081193 -8.482629081e-25)
(-0.01713485642 0.007553685113 1.160247789e-24)
(-0.02197510575 0.007294114324 1.304878141e-23)
(-0.0261104657 0.006321824026 1.408402913e-24)
(-0.02926532484 0.004754147138 -7.301351116e-24)
(-0.03122640085 0.002737135248 1.01621798e-23)
(-0.0318416923 0.0004524183043 4.512674138e-24)
(-0.03102732452 -0.001884107047 -6.321598686e-24)
(-0.0287929177 -0.004022974423 2.961467317e-24)
(-0.02527118693 -0.005708290831 3.896598128e-23)
(-0.02073181034 -0.006707346523 -1.955441624e-24)
(-0.01558954589 -0.00685408714 3.755850409e-24)
(-0.0103851031 -0.006097429664 -9.745677925e-23)
(-0.005730275085 -0.004546175239 9.642379572e-23)
(-0.002233383841 -0.002507429518 -3.968754908e-25)
(-0.0001817889352 -0.0005023957678 4.068847631e-25)
(8.343478985e-05 0.0006099074827 0)
(-0.0004188257544 0.002935026362 -2.913659424e-25)
(-0.004647836443 0.008803888001 1.706352932e-23)
(-0.01137183429 0.01324024331 -8.242975099e-24)
(-0.01932706339 0.01579183664 -2.069043785e-25)
(-0.02747378762 0.01652979746 2.032619495e-25)
(-0.0351173672 0.01564423527 7.454328818e-27)
(-0.04171295382 0.01335983179 -1.240265365e-24)
(-0.04683517502 0.009919677141 -4.564054102e-25)
(-0.05014932959 0.005602399175 -1.064085359e-23)
(-0.05141177131 0.0007444498164 0)
(-0.05047742428 -0.00424169363 0)
(-0.04733661765 -0.008887054947 2.672084067e-23)
(-0.04215891287 -0.01268161074 2.814048203e-23)
(-0.03531409567 -0.01513588838 -1.646850377e-24)
(-0.02738977232 -0.01586174937 4.848190441e-23)
(-0.01916994816 -0.01467323116 9.423840543e-23)
(-0.01156085795 -0.01169354072 3.980435287e-23)
(-0.005465399182 -0.007450728433 4.157224536e-25)
(-0.001451101596 -0.002936064277 1.06588252e-25)
(-9.072559106e-05 0.0002258505516 0)
(-0.0005024604789 0.006045264726 -4.252957722e-23)
(-0.006402666356 0.01637053162 -1.696570877e-23)
(-0.01553483119 0.02355901839 8.169853148e-24)
(-0.02627878962 0.02744126766 0)
(-0.0372870015 0.02832066902 0)
(-0.04768978926 0.02658741618 0)
(-0.05679594961 0.02263096542 -4.531098244e-26)
(-0.06405309485 0.01683594459 -2.125768144e-24)
(-0.06901003945 0.009622135531 0)
(-0.07130751079 0.001491104489 1.638051245e-24)
(-0.0707078101 -0.006936355293 2.804398177e-25)
(-0.06712974205 -0.0149299626 -2.812250427e-25)
(-0.06069850122 -0.02166700487 0)
(-0.05180706281 -0.02631576318 4.135491197e-23)
(-0.0411495913 -0.02816043243 -4.683834759e-23)
(-0.02971948744 -0.02677349676 -2.764375271e-23)
(-0.01873704512 -0.02221515377 -3.965655755e-23)
(-0.009487973743 -0.01521915245 7.795856527e-25)
(-0.002976866085 -0.007298193545 9.785230587e-23)
(-0.0002318770974 -0.0008661933336 0)
(-0.0005316074973 0.01009487942 4.273643682e-23)
(-0.007983493293 0.02595184861 4.778703101e-25)
(-0.01939663 0.03642834861 -4.669559083e-25)
(-0.03282341264 0.04185467096 0)
(-0.04664631417 0.0428943266 7.776417911e-25)
(-0.05985157584 0.04020028008 -7.66859505e-25)
(-0.07163207731 0.03434706335 3.670239956e-23)
(-0.08132659554 0.02585642175 1.846065573e-23)
(-0.08836505159 0.01527291225 6.233113676e-24)
(-0.09225373421 0.003246224718 -1.639959597e-24)
(-0.09260287411 -0.009407616359 0)
(-0.08917470516 -0.02167444912 4.374015819e-25)
(-0.08195904793 -0.03236703882 1.010162232e-23)
(-0.07126823867 -0.0402120527 -4.351664774e-23)
(-0.0578197141 -0.04402002697 1.934336746e-24)
(-0.04278549713 -0.04294791787 4.222027801e-23)
(-0.02775429847 -0.03683319301 -3.849389286e-25)
(-0.01455052006 -0.0265270523 0)
(-0.004859429221 -0.01408449674 5.436476301e-23)
(-0.0003641442002 -0.002846966475 -2.564541347e-22)
(-0.0005272142607 0.01499907672 9.837197244e-23)
(-0.009377810147 0.0373897313 -4.904457175e-25)
(-0.0228815518 0.05170156632 0)
(-0.03882997477 0.05894110017 0)
(-0.05538592502 0.06025503473 -8.729962368e-23)
(-0.07142796069 0.05661838817 -8.496978093e-23)
(-0.08606560272 0.04880120707 -4.065293286e-23)
(-0.09854982574 0.03743950219 -1.503331352e-23)
(-0.1081934417 0.02315973321 -5.363818358e-24)
(-0.1143433697 0.006709771667 -8.172105762e-24)
(-0.1164035448 -0.01093264322 6.598026798e-24)
(-0.1138927304 -0.02848901413 8.821001535e-24)
(-0.106547791 -0.04436990945 -1.892266852e-23)
(-0.09446726744 -0.05675272072 4.583914942e-24)
(-0.07826795225 -0.06378236761 0)
(-0.05922850355 -0.06393439755 -1.575352583e-23)
(-0.039339528 -0.05653772596 -2.351433856e-26)
(-0.02114173416 -0.04235781113 0)
(-0.007318649501 -0.02398217273 -1.520120567e-22)
(-0.0005216109245 -0.005925535923 6.055181071e-22)
(-0.0004990764303 0.02064547877 -9.770190177e-23)
(-0.01052939271 0.05045373881 2.831532987e-22)
(-0.02582929331 0.06912426062 1.526638466e-22)
(-0.04402091401 0.07849164542 3.61859594e-24)
(-0.06310673609 0.08029386179 -7.319204883e-23)
(-0.08190322566 0.07587964157 9.041295407e-23)
(-0.09947667051 0.06621629564 -3.58952061e-24)
(-0.1150216658 0.05201655729 -1.728808252e-24)
(-0.1277507795 0.03392343237 2.52361688e-24)
(-0.1368460951 0.01270242478 7.379920832e-24)
(-0.1414699005 -0.01058749772 -6.497948137e-24)
(-0.1408237187 -0.03445971539 -9.781862541e-24)
(-0.1342735874 -0.05692703104 -3.261767474e-23)
(-0.1215441401 -0.0755323778 -3.657707516e-23)
(-0.1029665378 -0.08754179464 5.63829121e-25)
(-0.07976314746 -0.09039133863 0)
(-0.05426645489 -0.08244451055 0)
(-0.02987140625 -0.06397693348 -2.90523533e-24)
(-0.01066277786 -0.03798772609 2.969666167e-24)
(-0.0007350868205 -0.01050085221 1.027859816e-22)
(-0.0004479141809 0.02687218282 0)
(-0.01134912892 0.06480679226 2.001952876e-22)
(-0.0280157414 0.08829513503 8.962012561e-23)
(-0.04799814234 0.1001223685 0)
(-0.06920541335 0.1027065706 1.569661212e-22)
(-0.09044296479 0.09781484059 0)
(-0.1107822655 0.08661029353 -1.428258482e-22)
(-0.1294083695 0.0698390213 6.514812316e-24)
(-0.1454760866 0.04808211884 0)
(-0.1580340692 0.02201763714 0)
(-0.1660122331 -0.007334086247 -1.374209055e-24)
(-0.168266077 -0.03838780034 -9.314753853e-25)
(-0.1637054582 -0.06883896366 1.491715222e-22)
(-0.1515199663 -0.09558182594 -4.704616768e-23)
(-0.1315126808 -0.1148288743 -2.560162242e-24)
(-0.1045589975 -0.1225693804 1.533923899e-24)
(-0.07309307219 -0.1155509648 -1.558120447e-24)
(-0.04134997049 -0.09283054158 0)
(-0.0152522098 -0.05740733227 3.203372944e-24)
(-0.00104430077 -0.01714705739 -1.012800188e-21)
(-0.0003744685113 0.03346266471 0)
(-0.01174998501 0.0799882884 -1.128068882e-22)
(-0.02920688158 0.1086379062 -6.190674912e-22)
(-0.05031710672 0.123222111 -3.755062573e-22)
(-0.07296268316 0.1269084636 0)
(-0.09598897499 0.1219244829 4.119194602e-22)
(-0.118526607 0.1096340192 1.260810308e-22)
(-0.1398138126 0.09078189846 -5.581418733e-24)
(-0.1590212655 0.06581368112 5.55379371e-24)
(-0.1751451776 0.03520887456 0)
(-0.1869550671 -0.0001963828511 2.911946717e-23)
(-0.1930163484 -0.0388969068 4.695398229e-24)
(-0.1917801133 -0.07843802009 -1.076668935e-22)
(-0.1817866289 -0.1151855019 8.00286791e-23)
(-0.1620563213 -0.1442588143 -2.419461222e-22)
(-0.1327056028 -0.1598537278 0)
(-0.09577844018 -0.1563102619 0)
(-0.05601606275 -0.1302973074 0)
(-0.02147848268 -0.08381086778 0)
(-0.001500374671 -0.026655021 5.571544564e-22)
(-0.0002873959485 0.04016036289 0)
(-0.01169355909 0.09543513719 -3.492779048e-22)
(-0.02924427029 0.1294060692 8.932300393e-22)
(-0.05060926189 0.1469285138 3.616942713e-22)
(-0.07370051223 0.1519735173 0)
(-0.09745110197 0.1472746198 -3.862308536e-22)
(-0.1211064963 0.1344182753 -3.174260008e-23)
(-0.1440319342 0.1141387195 3.332954814e-22)
(-0.165513743 0.08669978415 1.769396911e-22)
(-0.1846242532 0.05229128403 -4.059980397e-23)
(-0.2001319764 0.01141752496 1.656807069e-23)
(-0.2104616423 -0.0347135956 -8.264767972e-24)
(-0.2137202596 -0.08376474895 3.371694605e-22)
(-0.2078209731 -0.1318745575 0)
(-0.1908233085 -0.17327441 2.42063011e-22)
(-0.1616330867 -0.2002580933 5.773891868e-24)
(-0.121165877 -0.2040109939 -5.859997675e-24)
(-0.07384963792 -0.1772110261 1.548153415e-22)
(-0.02971775216 -0.1188636074 -5.434561206e-24)
(-0.002179533691 -0.04005378382 0)
(-0.0002117294089 0.04671597672 0)
(-0.01125001954 0.1105488045 0)
(-0.02815623629 0.1497341596 -5.022509581e-22)
(-0.04874474812 0.1701503027 -1.880916356e-23)
(-0.07100077687 0.1766243128 2.038292166e-23)
(-0.09399438415 0.1724514335 -2.014225685e-23)
(-0.1171432693 0.1594861522 -2.316790625e-23)
(-0.1400177747 0.1384798831 -3.029686571e-22)
(-0.162132712 0.1095157866 6.698569967e-23)
(-0.1827957333 0.07245191879 4.512982847e-23)
(-0.2009833922 0.02734964691 -4.577521864e-23)
(-0.2152268623 -0.02508634597 0)
(-0.2235560429 -0.08298265241 -7.838927843e-23)
(-0.2234630127 -0.1427246855 0)
(-0.2120677011 -0.1981809018 -3.739393565e-22)
(-0.1867431872 -0.2400761072 5.244636914e-22)
(-0.1464435687 -0.2560760971 0)
(-0.09394547077 -0.2331198662 -1.493708545e-22)
(-0.04021990124 -0.1639606173 1.937254878e-22)
(-0.003201087927 -0.05861036475 -3.411235339e-22)
(-0.0002015536797 0.05297544713 0)
(-0.01067267661 0.1248162576 9.18258022e-22)
(-0.02628457199 0.1687411382 -2.440600472e-23)
(-0.04501121638 0.191644071 9.193052192e-22)
(-0.06494613557 0.1992907176 -2.512000159e-23)
(-0.08536646524 0.1956092333 2.838750859e-23)
(-0.1059307678 0.1827877645 -2.812837771e-23)
(-0.1264926514 0.1616577582 -1.660867597e-23)
(-0.146899952 0.1321759771 -5.260074143e-22)
(-0.1668461162 0.09389653756 -8.906369495e-24)
(-0.185730625 0.04640612228 9.659929327e-24)
(-0.2024784946 -0.01023724693 3.31300039e-22)
(-0.2154157604 -0.07499740572 -5.820577621e-22)
(-0.2220212076 -0.1450302293 0)
(-0.2188033542 -0.2146749819 8.887004326e-22)
(-0.2016257902 -0.2740004714 -4.940588708e-22)
(-0.1668638648 -0.3075799946 -1.572126684e-23)
(-0.1140219093 -0.2953800805 0)
(-0.05288474032 -0.219579431 -1.889893534e-22)
(-0.004749176313 -0.08377245714 3.360298201e-22)
(-0.0003642140209 0.05902282061 1.550965659e-23)
(-0.01049584459 0.137987254 -8.763921328e-22)
(-0.02441411166 0.1856791816 -1.15702918e-21)
(-0.04026756391 0.2101371184 -8.628718637e-22)
(-0.0563077052 0.2182335842 0)
(-0.07214905286 0.2146179063 3.513710145e-23)
(-0.08779277447 0.2018783517 -7.294673278e-23)
(-0.1034569038 0.1810000406 5.867735092e-23)
(-0.1193990726 0.1518995332 3.021286803e-22)
(-0.1357938895 0.1139151706 -1.12816954e-23)
(-0.1526089982 0.06621462058 0)
(-0.1694529048 0.008177774194 -3.60384438e-22)
(-0.1852767907 -0.06015915813 7.515512778e-22)
(-0.198045504 -0.1372738758 8.831535165e-22)
(-0.2043551539 -0.2189252774 -5.296467091e-22)
(-0.1990981278 -0.2959703022 5.162540544e-22)
(-0.1760607276 -0.3514062114 1.078141738e-23)
(-0.1300891124 -0.3584140501 -1.095455314e-23)
(-0.06688800635 -0.2843268185 -8.218117907e-23)
(-0.007083311007 -0.116996083 0)
(-0.0009095947208 0.06540012909 -1.911441365e-23)
(-0.01167606207 0.150280883 -1.32693704e-21)
(-0.02388913336 0.2000648847 1.094209349e-21)
(-0.03601388387 0.2244204934 6.734781266e-22)
(-0.04657371688 0.2316576586 6.014499048e-22)
(-0.05577114282 0.2272383754 6.643811087e-22)
(-0.06411332131 0.2141767543 -4.458579214e-23)
(-0.07227656675 0.1936490119 -3.461268353e-22)
(-0.08097074669 0.1656027133 2.152122083e-22)
(-0.09087298457 0.129270895 0)
(-0.1025558264 0.08353120834 0)
(-0.1163632867 0.02720065048 2.655357333e-22)
(-0.1321599826 -0.04061942033 8.194380082e-23)
(-0.1489261734 -0.1200121405 -2.821547326e-22)
(-0.1641292381 -0.2089293466 -5.411176714e-23)
(-0.1727883937 -0.3006984892 1.301955526e-22)
(-0.1670315526 -0.3793320933 -3.400361586e-22)
(-0.1365294525 -0.4136443514 -1.595172596e-23)
(-0.08018254583 -0.3538318692 8.206886757e-23)
(-0.01050762027 -0.1594126935 -6.032413878e-22)
(-0.002260515467 0.07348863761 0)
(-0.01580372752 0.162651599 2.145831263e-21)
(-0.02665080719 0.2117896138 0)
(-0.03422399464 0.2333937325 -1.351780349e-21)
(-0.03759478095 0.2377757049 6.184107677e-23)
(-0.03799781415 0.2312545166 -6.192957848e-22)
(-0.03668374609 0.2171892914 -4.756192422e-22)
(-0.03489153983 0.1968931181 8.301096152e-22)
(-0.03378961058 0.1703341786 -1.885662525e-22)
(-0.03450001447 0.1367222918 0)
(-0.03811696642 0.09479711157 0)
(-0.04565112521 0.04304336705 2.410642139e-23)
(-0.05790918188 -0.02013724921 -6.00711309e-22)
(-0.07514703499 -0.09620593288 -4.309502544e-22)
(-0.09645267682 -0.1855550652 4.637799805e-22)
(-0.118347025 -0.2853562351 -6.488590194e-22)
(-0.1332721025 -0.3838380859 9.119708451e-23)
(-0.1265354314 -0.4504352712 2.938734906e-23)
(-0.08899165556 -0.4198530464 5.660556088e-22)
(-0.01526918573 -0.2111716454 6.021046141e-22)
(-0.005180913934 0.08598035997 0)
(-0.02525568167 0.1766287446 1.46558361e-22)
(-0.03483448403 0.220595541 -4.917059511e-23)
(-0.03640078792 0.2354851856 7.642785952e-22)
(-0.03018570598 0.2343399163 -7.005241074e-22)
(-0.01916685868 0.224159729 4.746392785e-23)
(-0.005616340676 0.2083521031 -1.018596109e-22)
(0.00856833516 0.1881238479 -3.38982668e-22)
(0.02179754801 0.1633910922 2.062790343e-22)
(0.03262651625 0.1333244422 0)
(0.03958333576 0.0966411895 0)
(0.04116895847 0.05174099203 -2.902630494e-22)
(0.03578374905 -0.00325493347 0)
(0.02198085598 -0.07058315178 -5.512126799e-22)
(-0.00126572164 -0.1525731368 -1.492305927e-23)
(-0.03310543599 -0.2505946165 2.55967122e-23)
(-0.06909294712 -0.3599337958 2.2030234e-22)
(-0.09227865556 -0.4575421055 4.788790039e-24)
(-0.08718105589 -0.4698125526 -5.789532397e-22)
(-0.02103128779 -0.2698969759 0)
(-0.01111632287 0.1085974884 0)
(-0.04248916073 0.1947149906 -8.848347757e-22)
(-0.04795564269 0.2258191841 -5.410968841e-22)
(-0.03919595045 0.2282130591 4.54374891e-22)
(-0.01877912153 0.2182322814 -1.710000605e-24)
(0.007663303061 0.2028215541 -4.560971332e-23)
(0.0366787884 0.1847616159 5.696580118e-22)
(0.06582876166 0.1647116107 -2.766845799e-23)
(0.09327006082 0.1423127785 -2.069748958e-22)
(0.1173879432 0.1166276126 3.142168925e-23)
(0.1365450201 0.08641168395 -3.425873477e-23)
(0.1489658723 0.05017701754 -3.69055305e-23)
(0.1525266382 0.006159528242 3.205598646e-22)
(0.1449358841 -0.04796092321 6.119539021e-22)
(0.1235152723 -0.1153049935 -5.101108767e-22)
(0.08633475154 -0.2004193309 -1.616010571e-22)
(0.0319903832 -0.3067804778 1.531352633e-22)
(-0.02362159591 -0.4239835317 7.293716272e-23)
(-0.06492427856 -0.4871610711 1.913300319e-21)
(-0.02509973735 -0.329154312 2.955001313e-21)
(-0.02004679918 0.1460727885 -4.390167013e-23)
(-0.06416412724 0.2112955552 4.417339512e-23)
(-0.05070251574 0.2177298865 1.000176476e-21)
(-0.01934136872 0.2014677277 -8.270122288e-24)
(0.0241440566 0.1809072959 0)
(0.07154044602 0.1606930232 4.363645813e-23)
(0.1190694278 0.1416493002 -2.273811937e-22)
(0.1644757333 0.1233180257 -9.027795267e-23)
(0.2062240833 0.1048116829 3.68067185e-23)
(0.2429632912 0.08507146048 -1.701632029e-23)
(0.2732198127 0.06296162417 3.429926733e-23)
(0.2952527677 0.03726314437 -6.592600823e-23)
(0.3066963717 0.006535299418 -9.303818108e-23)
(0.3049732117 -0.03087747742 1.517024165e-22)
(0.2863931206 -0.07786272436 0)
(0.2470564064 -0.1399299086 1.50555801e-22)
(0.1810918979 -0.2266299168 2.56001827e-22)
(0.09604425912 -0.3443894227 0)
(-0.006697740232 -0.455220945 -3.675648974e-21)
(-0.01922410231 -0.3777536878 -2.892630455e-21)
(-0.02591949846 0.2276829304 -9.514177231e-22)
(-0.03998322249 0.2238216872 -1.388965211e-22)
(0.03656134362 0.1810585043 -2.335551887e-22)
(0.1090501734 0.1451058119 -1.193726671e-22)
(0.1817188481 0.11724441 -4.295759895e-23)
(0.2490086531 0.09627892894 9.78297351e-23)
(0.3100331201 0.08002497848 -1.408562903e-22)
(0.364620289 0.06656806931 1.29715155e-22)
(0.4126245561 0.05449175791 -8.619974801e-23)
(0.453624336 0.04270897171 1.13218637e-25)
(0.4867872208 0.03032305154 1.52772147e-23)
(0.5107445607 0.01652911615 7.997105495e-23)
(0.5236592702 0.0005366180958 -1.811101935e-22)
(0.5231794386 -0.01863363152 -1.617126263e-22)
(0.5052320751 -0.04286470801 -4.262830441e-23)
(0.4658713201 -0.07633226061 0)
(0.3952695133 -0.1286089223 -1.846504462e-22)
(0.291607002 -0.2208468051 8.148790509e-22)
(0.1197454483 -0.3525016859 1.631606033e-21)
(0.02670545688 -0.3775497886 2.172658105e-21)
(0.2142894622 0.1347447357 9.864959121e-22)
(0.2776311665 0.0987050548 0)
(0.4316592828 0.05810415727 -2.594293601e-22)
(0.5304749576 0.03846264614 -1.741640825e-22)
(0.6016965355 0.02623417863 0)
(0.6571197786 0.0183192191 -6.008958751e-23)
(0.7015211694 0.01313599519 6.377859234e-23)
(0.7376040037 0.009542119195 -1.800118132e-23)
(0.7669365662 0.006804464721 2.885915938e-23)
(0.7902103932 0.004464753202 2.314992934e-23)
(0.8074552526 0.002221335607 0)
(0.8182619335 -0.000150055287 -2.872994105e-23)
(0.8216498274 -0.002723827629 0)
(0.8162393357 -0.005712653096 2.738087034e-23)
(0.7991332787 -0.009611373687 1.421634906e-23)
(0.7679986303 -0.01500254864 -5.799458691e-23)
(0.7106555836 -0.02502520367 -2.535676756e-22)
(0.6235184032 -0.04204285892 -6.918122935e-22)
(0.4230091012 -0.09182968583 0)
(0.2705674674 -0.1524021864 -2.119485916e-21)
)


// ************************************************************************* //
