/*--------------------------------*- C++ -*----------------------------------*\
  =========                 |
  \\      /  F ield         | OpenFOAM: The Open Source CFD Toolbox
   \\    /   O peration     | Website:  https://openfoam.org
    \\  /    A nd           | Version:  13
     \\/     M anipulation  |
\*---------------------------------------------------------------------------*/
FoamFile
{
    format      ascii;
    class       vectorField;
    location    "35.96";
    object      U_all;
}
// * * * * * * * * * * * * * * * * * * * * * * * * * * * * * * * * * * * * * //


400
(
(1.099425757e-05 -3.783993837e-05 0)
(-0.0006661075315 0.0004130411176 -1.550527643e-23)
(-0.002185377595 0.0009203934449 0)
(-0.004047833386 0.001312780884 0)
(-0.005971866963 0.001535065435 6.844511151e-25)
(-0.007762780587 0.001569846592 4.151268393e-24)
(-0.00928454205 0.001423561725 -7.370347554e-24)
(-0.0104359384 0.00111972194 7.533896762e-24)
(-0.01113681164 0.00069608279 -2.095640377e-25)
(-0.01132710866 0.0002030793233 -3.995025876e-24)
(-0.0109717694 -0.0003002314224 5.804034303e-24)
(-0.01007232445 -0.0007475150264 -5.929922003e-23)
(-0.008679877057 -0.001075562607 -6.553045316e-23)
(-0.006902851203 -0.00123304505 -7.784640479e-23)
(-0.00491073794 -0.001192639046 4.573788217e-24)
(-0.002927233333 -0.0009619202842 -4.138142906e-24)
(-0.001205301802 -0.0005912110058 -1.998899577e-22)
(-1.90717116e-05 -0.0001698821853 0)
(0.0005181509471 0.0001720863198 1.51031519e-25)
(0.0002227500255 0.0003059794265 -2.562337139e-24)
(-0.0002633684549 0.0008289582117 1.383596719e-25)
(-0.002703310209 0.003383835395 1.560311084e-23)
(-0.006907277565 0.005604495809 1.554157206e-25)
(-0.01195231795 0.007008203392 -8.493343327e-25)
(-0.01713504012 0.007553772918 1.161826833e-24)
(-0.02197534702 0.007294196779 1.306540143e-23)
(-0.02611075015 0.006321891045 1.391942099e-24)
(-0.02926563433 0.004754190297 -7.285528358e-24)
(-0.03122671686 0.002737150481 1.015430524e-23)
(-0.03184199804 0.0004524067342 4.510429575e-24)
(-0.03102760464 -0.001884141851 -6.319341282e-24)
(-0.02879315819 -0.004023025884 2.961763179e-24)
(-0.02527137679 -0.005708351212 3.89572357e-23)
(-0.02073194332 -0.006707406944 -1.954879971e-24)
(-0.01558962283 -0.006854138004 3.754701455e-24)
(-0.01038513316 -0.006097462324 -9.741684423e-23)
(-0.005730274135 -0.004546184837 9.638421204e-23)
(-0.002233370584 -0.0025074179 -3.962543252e-25)
(-0.0001817792379 -0.0005023716587 4.062479316e-25)
(8.343322029e-05 0.000609926815 0)
(-0.000418824785 0.002935074765 -2.911029008e-25)
(-0.004647876392 0.008804007441 1.702872714e-23)
(-0.011371958 0.01324041406 -8.275901284e-24)
(-0.0193272846 0.01579203107 -2.074327821e-25)
(-0.027474107 0.016529992 2.03781051e-25)
(-0.03511777477 0.01564441058 6.92858913e-27)
(-0.04171343113 0.01335997152 -1.224311674e-24)
(-0.046835697 0.009919767589 -4.55374173e-25)
(-0.0501498673 0.005602430915 -1.063258313e-23)
(-0.05141229721 0.000744420115 0)
(-0.05047791265 -0.004241778359 0)
(-0.04733704592 -0.008887182287 2.671186403e-23)
(-0.04215926538 -0.01268176281 2.813193326e-23)
(-0.03531436335 -0.0151360445 -1.64627361e-24)
(-0.02738995451 -0.01586188882 4.846224573e-23)
(-0.01917005425 -0.01467333611 9.419965447e-23)
(-0.01156090672 -0.0116935998 3.976364799e-23)
(-0.005465414589 -0.007450740748 4.144277065e-25)
(-0.001451103226 -0.002936042652 1.07248243e-25)
(-9.072931942e-05 0.0002258781162 0)
(-0.0005024638997 0.006045345412 -4.249648018e-23)
(-0.006402739398 0.0163707456 -1.69309519e-23)
(-0.01553501948 0.02355932163 8.202751452e-24)
(-0.02627910983 0.02744160994 0)
(-0.03728745125 0.02832100601 0)
(-0.04769035387 0.02658771232 0)
(-0.05679660578 0.02263119433 -4.478174921e-26)
(-0.06405381311 0.01683608798 -2.134832651e-24)
(-0.06901078611 0.00962218251 0)
(-0.07130824953 0.001491052047 1.63588748e-24)
(-0.07070850723 -0.00693649904 2.803045397e-25)
(-0.06713036885 -0.01493018106 -2.810893859e-25)
(-0.06069903439 -0.02166727221 0)
(-0.05180748756 -0.02631604715 4.133634808e-23)
(-0.04114990299 -0.02816069862 -4.681926323e-23)
(-0.029719693 -0.02677371383 -2.762288847e-23)
(-0.0187371626 -0.02221529921 -3.961522016e-23)
(-0.009488028608 -0.01521921864 7.79582502e-25)
(-0.00297688229 -0.007298193492 9.789561015e-23)
(-0.0002318812973 -0.0008661672026 0)
(-0.0005316130834 0.01009500951 4.27031371e-23)
(-0.007983590019 0.02595218101 4.784109136e-25)
(-0.01939686745 0.03642880905 -4.674841647e-25)
(-0.03282381087 0.04185518552 0)
(-0.04664686958 0.04289483066 7.781668427e-25)
(-0.05985227011 0.04020072106 -7.673772764e-25)
(-0.07163288254 0.03434740195 3.671909158e-23)
(-0.08132747817 0.0258566321 1.847824749e-23)
(-0.08836597483 0.01527298107 6.237857011e-24)
(-0.09225465921 0.003246150564 -1.637793311e-24)
(-0.09260376272 -0.009407823947 0)
(-0.08917552221 -0.02167476803 4.371213009e-25)
(-0.08195976298 -0.032367436 1.009212855e-23)
(-0.0712688291 -0.04021248584 -4.349690256e-23)
(-0.05782016784 -0.04402044842 1.933123648e-24)
(-0.04278581509 -0.04294828092 4.217969736e-23)
(-0.02775449496 -0.03683346009 -3.842858964e-25)
(-0.0145506202 -0.02652720442 0)
(-0.004859462544 -0.01408454283 5.436557964e-23)
(-0.0003641490111 -0.002846952962 -2.564996558e-22)
(-0.0005272204454 0.0149992685 9.840681671e-23)
(-0.009377920826 0.03739020205 -4.907127827e-25)
(-0.02288181804 0.05170220305 0)
(-0.03883041921 0.05894180218 0)
(-0.05538654479 0.06025571795 -8.73172351e-23)
(-0.07142873702 0.05661898541 -8.498698805e-23)
(-0.08606650605 0.04880166774 -4.067127131e-23)
(-0.09855082054 0.03743979225 -1.504183815e-23)
(-0.1081944897 0.02315983498 -5.368013817e-24)
(-0.1143444314 0.006709682992 -8.174508503e-24)
(-0.1164045805 -0.01093291021 6.600594465e-24)
(-0.1138937019 -0.02848943309 8.825696558e-24)
(-0.1065486629 -0.04437044123 -1.892311777e-23)
(-0.09446800934 -0.05675331452 4.603362834e-24)
(-0.07826854295 -0.06378296398 0)
(-0.05922893467 -0.06393493425 -1.573254602e-23)
(-0.03933980643 -0.0565381474 -2.416959297e-26)
(-0.02114188194 -0.04235808132 0)
(-0.007318700951 -0.02398228966 -1.520567261e-22)
(-0.000521616456 -0.005925544484 6.056106652e-22)
(-0.000499081713 0.02064573506 -9.773641555e-23)
(-0.01052950519 0.05045435505 2.831899575e-22)
(-0.02582956382 0.06912508174 1.526820372e-22)
(-0.04402136592 0.07849254116 3.619159995e-24)
(-0.06310736787 0.08029472782 -7.319343794e-23)
(-0.08190402023 0.07588039739 9.043129459e-23)
(-0.09947759997 0.06621688189 -3.590092439e-24)
(-0.115022696 0.05201693397 -1.729109974e-24)
(-0.1277518735 0.03392357788 2.524071172e-24)
(-0.136847215 0.01270233511 7.382172637e-24)
(-0.1414710081 -0.01058781018 -6.500372922e-24)
(-0.1408247763 -0.03446022216 -9.7870209e-24)
(-0.134274558 -0.05692768931 -3.261753098e-23)
(-0.1215449891 -0.07553313091 -3.660818214e-23)
(-0.1029672358 -0.08754257386 5.644596024e-25)
(-0.07976367559 -0.09039206744 0)
(-0.05426680888 -0.08244511357 0)
(-0.02987160065 -0.06397735208 -2.905939328e-24)
(-0.01066284823 -0.03798793886 2.970385778e-24)
(-0.0007350932556 -0.01050089354 1.027871499e-22)
(-0.0004479165724 0.02687249861 0)
(-0.01134922859 0.06480754405 2.001981314e-22)
(-0.02801598711 0.08829613026 8.962057538e-23)
(-0.04799855723 0.1001234485 0)
(-0.06920599735 0.1027076109 1.569845719e-22)
(-0.09044370329 0.09781574757 0)
(-0.1107831339 0.08661100017 -1.428368587e-22)
(-0.1294093378 0.06983948359 6.515443564e-24)
(-0.145477122 0.04808231315 0)
(-0.1580351386 0.0220175585 0)
(-0.1660133033 -0.007334425646 -1.374381546e-24)
(-0.1682671152 -0.03838837292 -9.316455936e-25)
(-0.1637064318 -0.06883972586 1.491939139e-22)
(-0.1515208415 -0.09558271932 -4.704648944e-23)
(-0.1315134251 -0.1148298255 -2.560840656e-24)
(-0.1045595829 -0.1225703026 1.534602473e-24)
(-0.07309348122 -0.1155517637 -1.558809724e-24)
(-0.04135020455 -0.09283113166 0)
(-0.01525229866 -0.05740766315 3.203748669e-24)
(-0.001044308535 -0.0171471418 -1.01289781e-21)
(-0.0003744667486 0.03346302974 0)
(-0.01175005797 0.07998915164 -1.128250478e-22)
(-0.02920707197 0.1086390468 -6.191071308e-22)
(-0.05031743744 0.123223347 -3.755267768e-22)
(-0.07296315615 0.1269096528 0)
(-0.09598957851 0.1219255195 4.119416844e-22)
(-0.1185273204 0.1096348293 1.26090755e-22)
(-0.1398146105 0.09078243514 -5.581777968e-24)
(-0.1590221212 0.06581392059 5.554151166e-24)
(-0.1751460655 0.03520881274 0)
(-0.1869559637 -0.0001967329273 2.912108211e-23)
(-0.1930172311 -0.03889751771 4.695780675e-24)
(-0.1917809593 -0.07843884995 -1.076788639e-22)
(-0.1817874136 -0.1151864953 8.004008357e-23)
(-0.1620570164 -0.1442599002 -2.419706534e-22)
(-0.132706177 -0.1598548169 0)
(-0.09577886412 -0.1563112474 0)
(-0.0560163197 -0.1302980765 0)
(-0.02147858678 -0.08381133208 0)
(-0.001500384049 -0.02665515768 5.572034889e-22)
(-0.0002873901112 0.0401607604 0)
(-0.01169359464 0.095436076 -3.492978559e-22)
(-0.02924437864 0.1294073112 8.932722191e-22)
(-0.05060946509 0.1469298607 3.617141296e-22)
(-0.07370081493 0.1519748129 0)
(-0.09745149601 0.1472757482 -3.862517059e-22)
(-0.1211069651 0.1344191569 -3.174406064e-23)
(-0.1440324576 0.1141393059 3.333085173e-22)
(-0.1655143011 0.08670005345 1.769465101e-22)
(-0.1846248293 0.05229123565 -4.060132017e-23)
(-0.2001325584 0.01141717549 1.656821311e-23)
(-0.2104622221 -0.03471421616 -8.265191207e-24)
(-0.2137208311 -0.08376560064 3.37183919e-22)
(-0.2078215286 -0.1318755914 0)
(-0.1908238331 -0.173275565 2.420875541e-22)
(-0.1616335551 -0.200259289 5.774653485e-24)
(-0.1211662537 -0.2040121233 -5.860770649e-24)
(-0.07384988763 -0.1772119566 1.548406199e-22)
(-0.02971786356 -0.1188642076 -5.435331323e-24)
(-0.002179544613 -0.04005397938 0)
(-0.0002117200815 0.04671638309 0)
(-0.01125001073 0.1105497722 0)
(-0.02815624384 0.1497354468 -5.022719662e-22)
(-0.04874479142 0.1701517023 -1.880986012e-23)
(-0.07100086352 0.1766256586 2.038366311e-23)
(-0.09399451057 0.172452602 -2.014298954e-23)
(-0.1171434241 0.15948706 -2.316871188e-23)
(-0.1400179435 0.1384804819 -3.02980553e-22)
(-0.1621328817 0.1095160585 6.69860986e-23)
(-0.1827958966 0.07245186987 4.513154994e-23)
(-0.200983549 0.02734930119 -4.577697995e-23)
(-0.21522702 -0.02508695354 0)
(-0.2235562146 -0.08298347985 -7.839591789e-23)
(-0.223463212 -0.1427256915 0)
(-0.2120679342 -0.1981820405 -3.739541842e-22)
(-0.1867434447 -0.2400773188 5.244914112e-22)
(-0.1464438203 -0.2560772911 0)
(-0.09394566926 -0.2331209068 -1.493953587e-22)
(-0.04022000566 -0.1639613359 1.937508537e-22)
(-0.003201099775 -0.05861062068 -3.41148812e-22)
(-0.0002015412974 0.0529758351 0)
(-0.01067262054 0.1248171997 9.182828879e-22)
(-0.02628447024 0.1687424055 -2.440673386e-23)
(-0.0450110835 0.1916454565 9.193300992e-22)
(-0.06494598204 0.1992920499 -2.512074878e-23)
(-0.08536629353 0.1956103836 2.83883212e-23)
(-0.1059305738 0.1827886469 -2.81291829e-23)
(-0.1264924284 0.161658326 -1.660911836e-23)
(-0.1468996953 0.1321762183 -5.260210552e-22)
(-0.1668458274 0.09389646726 -8.906598159e-24)
(-0.185730315 0.04640577539 9.6601664e-24)
(-0.2024781814 -0.01023782517 3.313069107e-22)
(-0.2154154733 -0.07499817276 -5.820721818e-22)
(-0.2220209811 -0.1450311466 0)
(-0.2188032164 -0.2146760191 8.88728541e-22)
(-0.2016257543 -0.2740015956 -4.940849167e-22)
(-0.1668639174 -0.3075811476 -1.572210862e-23)
(-0.1140220056 -0.2953811466 0)
(-0.05288481712 -0.2195802245 -1.890142938e-22)
(-0.004749187719 -0.08377276644 3.360546615e-22)
(-0.0003641990977 0.05902316354 1.551004209e-23)
(-0.01049574319 0.1379881145 -8.764158392e-22)
(-0.0244139033 0.1856803611 -1.157055156e-21)
(-0.04026725685 0.2101384208 -8.628952233e-22)
(-0.05630731291 0.2182348386 0)
(-0.07214858579 0.2146189817 3.513793581e-23)
(-0.08779223922 0.2018791613 -7.294842881e-23)
(-0.1034563045 0.1810005395 5.867866526e-23)
(-0.1193984148 0.1518997156 3.021357351e-22)
(-0.135793184 0.1139150603 -1.128192694e-23)
(-0.1526082626 0.066214263 0)
(-0.1694521682 0.008177224971 -3.603920279e-22)
(-0.1852760892 -0.06015984923 7.515650578e-22)
(-0.1980448781 -0.1372746688 8.831684044e-22)
(-0.2043546479 -0.2189261526 -5.296608276e-22)
(-0.1990977764 -0.2959712517 5.162670708e-22)
(-0.1760605413 -0.3514072168 1.078220686e-23)
(-0.1300890655 -0.3584150369 -1.09553553e-23)
(-0.06688803216 -0.2843276174 -8.215734814e-23)
(-0.00708331962 -0.1169964271 0)
(-0.0009095782135 0.06540040396 -1.911480726e-23)
(-0.01167592254 0.1502816108 -1.326961713e-21)
(-0.02388883254 0.2000659129 1.094233781e-21)
(-0.03601342309 0.2244216481 6.734910998e-22)
(-0.04657311278 0.2316587772 6.014615067e-22)
(-0.05577041569 0.2272393294 6.643938813e-22)
(-0.06411249225 0.214177458 -4.458665647e-23)
(-0.07227565442 0.1936494209 -3.461328889e-22)
(-0.08096976997 0.1656028268 2.152157658e-22)
(-0.09087196537 0.1292707415 0)
(-0.1025547882 0.08353083953 0)
(-0.1163622583 0.02720012837 2.655392134e-22)
(-0.1321589968 -0.04062003501 8.194327689e-23)
(-0.1489252694 -0.1200128034 -2.821614956e-22)
(-0.1641284606 -0.2089300399 -5.411259773e-23)
(-0.1727877875 -0.3006992198 1.301951128e-22)
(-0.1670311478 -0.3793328769 -3.400484323e-22)
(-0.1365292526 -0.4136451623 -1.594045165e-23)
(-0.08018250334 -0.3538325895 8.204506921e-23)
(-0.01050762286 -0.159413042 -6.032201387e-22)
(-0.002260498952 0.07348882713 0)
(-0.01580356298 0.1626521539 2.145868683e-21)
(-0.02665044064 0.211790439 0)
(-0.03422341993 0.2333946869 -1.351804316e-21)
(-0.03759401708 0.2377766429 6.184056372e-23)
(-0.03799689143 0.2312553183 -6.193077575e-22)
(-0.03668270296 0.2171898763 -4.756272861e-22)
(-0.03489041091 0.1968934359 8.301235559e-22)
(-0.03378842893 0.1703342362 -1.885693833e-22)
(-0.0344988151 0.1367221153 0)
(-0.03811577753 0.09479675161 0)
(-0.04564997319 0.04304288624 2.410617706e-23)
(-0.05790808944 -0.02013778939 -6.00718781e-22)
(-0.07514602834 -0.09620647888 -4.309558721e-22)
(-0.09645178792 -0.1855555946 4.637853384e-22)
(-0.1183462931 -0.2853567548 -6.488715119e-22)
(-0.1332715617 -0.3838386299 9.119928429e-23)
(-0.1265351127 -0.4504358465 2.937542543e-23)
(-0.08899154568 -0.4198536129 5.660463668e-22)
(-0.01526917961 -0.2111719595 6.02083405e-22)
(-0.005180899894 0.08598045567 0)
(-0.02525551368 0.1766291041 1.465579609e-22)
(-0.03483409577 0.2205961305 -4.917132721e-23)
(-0.0364001647 0.2354859043 7.642910927e-22)
(-0.0301848657 0.2343406442 -7.005359717e-22)
(-0.01916583717 0.2241603613 4.746469358e-23)
(-0.005615198107 0.2083525648 -1.01860782e-22)
(0.008569556563 0.1881240982 -3.389880933e-22)
(0.02179880862 0.1633911257 2.062818758e-22)
(0.03262776185 0.1333242803 0)
(0.03958453443 0.09664087538 0)
(0.0411700844 0.05174058201 -2.902662926e-22)
(0.03578479354 -0.003255378772 0)
(0.02198180622 -0.07058358966 -5.512177977e-22)
(-0.001264881908 -0.1525735336 -1.492373851e-23)
(-0.03310472902 -0.2505949694 2.559729017e-23)
(-0.06909238239 -0.3599341367 2.203123032e-22)
(-0.09227828594 -0.457542438 4.788212233e-24)
(-0.08718090571 -0.4698129251 -5.789433417e-22)
(-0.02103127218 -0.2698972189 0)
(-0.01111631556 0.1085974975 0)
(-0.04248902395 0.1947151608 -8.848460117e-22)
(-0.04795530329 0.2258195363 -5.411029059e-22)
(-0.0391953832 0.2282135353 4.543806439e-22)
(-0.01877833592 0.2182327916 -1.709983106e-24)
(0.007664273153 0.2028220155 -4.561038472e-23)
(0.03667988775 0.1847619617 5.696668315e-22)
(0.06582993633 0.1647118125 -2.766884747e-23)
(0.09327125821 0.1423128159 -2.06977762e-22)
(0.1173891109 0.1166274984 3.142207754e-23)
(0.1365461214 0.08641144869 -3.425911391e-23)
(0.1489668831 0.05017670351 -3.690588404e-23)
(0.152527539 0.00615918161 3.205628427e-22)
(0.144936669 -0.04796125607 6.119596007e-22)
(0.1235159496 -0.1153052786 -5.101161418e-22)
(0.0863353099 -0.2004195551 -1.616049228e-22)
(0.03199087146 -0.3067806514 1.531317054e-22)
(-0.02362124693 -0.4239837067 7.293665105e-23)
(-0.0649241368 -0.48716127 1.913293449e-21)
(-0.0250997179 -0.3291544674 2.954993541e-21)
(-0.02004680434 0.1460727429 -4.390201518e-23)
(-0.06416406485 0.2112955849 4.417374231e-23)
(-0.05070231409 0.2177300417 1.000186701e-21)
(-0.01934098947 0.2014679874 -8.270557143e-24)
(0.02414462544 0.1809076045 0)
(0.07154118949 0.1606933215 4.363710913e-23)
(0.1190703039 0.1416495384 -2.273846305e-22)
(0.1644766929 0.1233181749 -9.027933945e-23)
(0.206225074 0.1048117266 3.680725816e-23)
(0.2429642611 0.08507140248 -1.701652113e-23)
(0.2732207192 0.06296148213 3.429964692e-23)
(0.2952535762 0.03726294617 -6.592669806e-23)
(0.3066970757 0.006535077333 -9.303894391e-23)
(0.3049738056 -0.03087769149 1.517040824e-22)
(0.2863936039 -0.07786290216 0)
(0.2470567915 -0.1399300316 1.505601124e-22)
(0.1810922098 -0.2266299728 2.560015027e-22)
(0.09604449208 -0.3443894916 0)
(-0.006697621205 -0.4552210185 -3.675637848e-21)
(-0.01922408289 -0.3777537557 -2.892622946e-21)
(-0.02591951269 0.2276828825 -9.514200302e-22)
(-0.0399832454 0.2238216543 -1.388974686e-22)
(0.03656136773 0.1810585347 -2.335577259e-22)
(0.1090502991 0.1451059049 -1.193739978e-22)
(0.1817191084 0.1172445434 -4.295815054e-23)
(0.2490090565 0.09627906975 9.783147494e-23)
(0.3100336485 0.08002509837 -1.408587651e-22)
(0.3646209077 0.06656814921 1.297171903e-22)
(0.4126252218 0.05449178693 -8.620100464e-23)
(0.4536250022 0.04270894953 1.132190334e-25)
(0.4867878462 0.03032298642 1.527738925e-23)
(0.5107451133 0.01652902216 7.99719099e-23)
(0.5236597264 0.0005365183173 -1.811120553e-22)
(0.5231797866 -0.01863372856 -1.617142965e-22)
(0.505232331 -0.04286478634 -4.262932178e-23)
(0.4658715003 -0.0763323098 0)
(0.3952696439 -0.1286089377 -1.846483219e-22)
(0.2916071003 -0.2208468096 8.148769288e-22)
(0.1197455078 -0.35250169 1.631602543e-21)
(0.02670547191 -0.3775497975 2.172656388e-21)
(0.2142894474 0.1347447215 9.864984787e-22)
(0.2776311201 0.09870503636 0)
(0.4316592306 0.05810414858 -2.594316441e-22)
(0.530474935 0.0384626492 -1.741662238e-22)
(0.6016965732 0.02623419041 0)
(0.6571198912 0.01831923387 -6.009069991e-23)
(0.7015213529 0.01313600768 6.377979233e-23)
(0.7376042405 0.0095421258 -1.800150837e-23)
(0.766936831 0.006804463403 2.885965675e-23)
(0.7902106577 0.004464744046 2.315027504e-23)
(0.8074554912 0.002221320295 0)
(0.8182621275 -0.0001500743385 -2.873027394e-23)
(0.8216499657 -0.002723847567 0)
(0.8162394162 -0.005712668089 2.738140126e-23)
(0.7991333132 -0.009611382488 1.421681171e-23)
(0.7679986342 -0.01500255096 -5.7994145e-23)
(0.7106555757 -0.02502519969 -2.535664335e-22)
(0.6235183981 -0.04204285426 -6.918106342e-22)
(0.4230091019 -0.091829681 0)
(0.2705674689 -0.1524021842 -2.119484241e-21)
)


// ************************************************************************* //
