/*--------------------------------*- C++ -*----------------------------------*\
  =========                 |
  \\      /  F ield         | OpenFOAM: The Open Source CFD Toolbox
   \\    /   O peration     | Website:  https://openfoam.org
    \\  /    A nd           | Version:  13
     \\/     M anipulation  |
\*---------------------------------------------------------------------------*/
FoamFile
{
    format      ascii;
    class       scalarField;
    location    "7.68";
    object      p_all;
}
// * * * * * * * * * * * * * * * * * * * * * * * * * * * * * * * * * * * * * //


400
(
-1.678515791e-09
-0.0004913075237
-0.0007831264146
-0.0008648268196
-0.0007479415985
-0.0004639626438
-4.891623086e-05
0.0004629312051
0.001037216022
0.001636281671
0.002217747257
0.002732660167
0.003128968763
0.003355809074
0.003371726367
0.003155664629
0.002720477763
0.002119003946
0.0015147879
0.0009576994345
0.0005277969145
5.772508288e-06
-0.0003069524853
-0.0004030024937
-0.0003290464936
-0.000111319806
0.0002211085994
0.0006393586191
0.001112884178
0.001605899238
0.002082886032
0.002493984912
0.002791941759
0.002931277572
0.002877720819
0.002619060548
0.002175261323
0.001603611802
0.001053427543
0.0004370396078
0.000838925376
0.0002613081129
-8.488879843e-05
-0.0001834874573
-0.0001289809553
4.92732925e-05
0.0003266051025
0.000680604062
0.001087169652
0.001517409926
0.001932194858
0.002289139614
0.002538639249
0.002633773382
0.002539291389
0.002242285923
0.001760700726
0.001144137046
0.0004990998999
-0.0002862585925
0.0008286018898
0.0001850099552
-0.0002041813892
-0.0003050759432
-0.0002586561994
-0.0001006592756
0.0001463747128
0.0004668146833
0.000844377382
0.001256270109
0.001667480265
0.002032740065
0.002296074712
0.002400307693
0.002297838412
0.001963622148
0.001404892118
0.0006626528595
-0.0001849660616
-0.00125526854
0.0003432749471
-0.0003450051681
-0.0007589586562
-0.0008540891704
-0.0008088302585
-0.0006638065131
-0.0004378403809
-0.0001370979069
0.0002334198193
0.0006605745989
0.001114655094
0.001548969486
0.001897029801
0.002083175432
0.002035009325
0.001700764445
0.001064709266
0.0001551246577
-0.0009708353677
-0.002398113278
-0.0007511228336
-0.001457968759
-0.001880900425
-0.001967917853
-0.001928823773
-0.001806608622
-0.001613118329
-0.001340567848
-0.0009767971699
-0.000518312229
1.684033673e-05
0.0005855146795
0.001110049432
0.001488707888
0.001608114096
0.001367217035
0.000704305249
-0.0003789996721
-0.001850900637
-0.003733611019
-0.002579494137
-0.003277864368
-0.00370377785
-0.003793944167
-0.003786920395
-0.003725613701
-0.003610902458
-0.003414933033
-0.003099375943
-0.002632126042
-0.002006237424
-0.001246924029
-0.0004365309535
0.0002939456873
0.0007709018468
0.0008091889142
0.0002589089393
-0.0009403224623
-0.002806630451
-0.005258775305
-0.005248483386
-0.005916986507
-0.006349834536
-0.006472662059
-0.00655108086
-0.006626514146
-0.006685516018
-0.006673560022
-0.006514706078
-0.00613104928
-0.005468487887
-0.004498587684
-0.003295492867
-0.002008375225
-0.0008865019565
-0.000246077035
-0.0003963734147
-0.001533623415
-0.003790048577
-0.006931069637
-0.008836407599
-0.009458242959
-0.009910281404
-0.01011130303
-0.01035423848
-0.01068038179
-0.01106114523
-0.01141035098
-0.01160269795
-0.01149111836
-0.01092818506
-0.009834035684
-0.008185670512
-0.006126727434
-0.003980311822
-0.002242262016
-0.001485100023
-0.002173881831
-0.004694069763
-0.008613701641
-0.01337899164
-0.01393927887
-0.01442338648
-0.01475044309
-0.01524627566
-0.01595827882
-0.01684672727
-0.01779332397
-0.0186147793
-0.01907579859
-0.01891284227
-0.0178874323
-0.01585671036
-0.01287367277
-0.009288050673
-0.005794649641
-0.003347273398
-0.002884992727
-0.005308191023
-0.009992677642
-0.01886212207
-0.0193425148
-0.01985616609
-0.02033055549
-0.02114103377
-0.02235409694
-0.02392880989
-0.02572041555
-0.0274863033
-0.02888908839
-0.02951416977
-0.02891974704
-0.02675329083
-0.02286066796
-0.01751108937
-0.01154353106
-0.00637050544
-0.003657090754
-0.00524519576
-0.0104419008
-0.02523257871
-0.02559968223
-0.02609868726
-0.02667006507
-0.02777596813
-0.02952321993
-0.03188476832
-0.03469988352
-0.03767273329
-0.04036242928
-0.04218833007
-0.04247093804
-0.04056699198
-0.03600361431
-0.02879915753
-0.01977015135
-0.01073866774
-0.004296879667
-0.003813463191
-0.008812309094
-0.03244091966
-0.03261781757
-0.03297592429
-0.03346250843
-0.03470038731
-0.03686629331
-0.03996328333
-0.04382384446
-0.04810642789
-0.05227373955
-0.05558524783
-0.05712989287
-0.05589989084
-0.05105346999
-0.04218179552
-0.02981911856
-0.01595831765
-0.00410635289
0.00020790227
-0.003137067252
-0.04054202169
-0.04033598013
-0.04028263182
-0.04030126282
-0.04130922155
-0.04358728135
-0.04717779001
-0.05190421635
-0.05737686587
-0.06296599839
-0.06778164147
-0.07068747218
-0.07037003858
-0.06555054819
-0.0553061953
-0.03963680423
-0.02032435115
-0.001426957462
0.00892657807
0.00970232006
-0.04989227637
-0.04879530501
-0.0478007686
-0.04669109192
-0.04689041379
-0.04880143676
-0.05249049836
-0.0577444177
-0.06410105433
-0.07082284602
-0.07687107299
-0.08090141644
-0.08132643957
-0.07646201044
-0.06487716306
-0.0458867781
-0.02072046272
0.006741400772
0.02578907526
0.0343694942
-0.06163397883
-0.05834373848
-0.05540873198
-0.05214943365
-0.05076761615
-0.05173609787
-0.0550766749
-0.06047253393
-0.0673371254
-0.07477563001
-0.08157959065
-0.08618890327
-0.08675877762
-0.08122999316
-0.06774874275
-0.0448807034
-0.01321363202
0.02488162319
0.05595853667
0.07760420922
-0.0784229438
-0.06950740279
-0.06278219378
-0.05597944355
-0.05220812737
-0.05175185751
-0.05442790842
-0.05969535959
-0.06675304012
-0.07450774135
-0.08153195481
-0.08602478851
-0.08587691454
-0.07864933779
-0.06204355948
-0.03405147063
0.005323988638
0.05831241902
0.1055807159
0.1477494532
-0.1091365903
-0.08469200373
-0.07073743496
-0.05830523077
-0.05121233919
-0.0489164249
-0.05072405639
-0.05569913701
-0.06272375815
-0.07044184152
-0.07718569919
-0.08090971706
-0.07928201199
-0.06922887844
-0.04817315696
-0.01314591155
0.0375249108
0.1063461102
0.1772592899
0.2557179223
-0.1674369295
-0.09908026948
-0.07453315666
-0.05453348987
-0.04431641286
-0.04099603375
-0.04269093003
-0.04789632224
-0.05517459544
-0.06296008641
-0.06941685144
-0.07232691091
-0.06894456656
-0.05644606756
-0.03104653745
0.01142707556
0.07478045091
0.1654547924
0.2752120114
0.4368056697
-0.3974520364
-0.1373560409
-0.07460190154
-0.04696956011
-0.0334155376
-0.02962756733
-0.03197495244
-0.03798151404
-0.04590452543
-0.05408656911
-0.06066779175
-0.06343665966
-0.05981550477
-0.04633490516
-0.01866769077
0.02955782685
0.1062536178
0.2325693431
0.4189969158
0.7791717543
)


// ************************************************************************* //
