/*--------------------------------*- C++ -*----------------------------------*\
  =========                 |
  \\      /  F ield         | OpenFOAM: The Open Source CFD Toolbox
   \\    /   O peration     | Website:  https://openfoam.org
    \\  /    A nd           | Version:  13
     \\/     M anipulation  |
\*---------------------------------------------------------------------------*/
FoamFile
{
    format      ascii;
    class       vectorField;
    location    "48.25";
    object      U_all;
}
// * * * * * * * * * * * * * * * * * * * * * * * * * * * * * * * * * * * * * //


400
(
(1.100841612e-05 -3.783008243e-05 0)
(-0.0006660925647 0.0004130430476 -1.551437852e-23)
(-0.002185373159 0.0009203930916 0)
(-0.004047831864 0.001312780166 0)
(-0.005971869132 0.001535066237 6.845889612e-25)
(-0.007762785221 0.00156985006 4.150694681e-24)
(-0.009284546221 0.001423566184 -7.37401872e-24)
(-0.01043594013 0.00111972412 7.529965565e-24)
(-0.01113681173 0.000696080817 -2.095301825e-25)
(-0.01132710977 0.0002030744407 -3.994553824e-24)
(-0.01097177337 -0.0003002360364 5.803493391e-24)
(-0.01007233074 -0.0007475168198 -5.929465587e-23)
(-0.008679883275 -0.001075561279 -6.552609073e-23)
(-0.006902854626 -0.001233042483 -7.784253758e-23)
(-0.00491073715 -0.001192637612 4.57355205e-24)
(-0.002927228702 -0.0009619210333 -4.137887503e-24)
(-0.00120529479 -0.0005912132045 -1.99871813e-22)
(-1.906420826e-05 -0.0001698844008 0)
(0.0005181572256 0.0001720846209 1.509309478e-25)
(0.0002227528801 0.0003059778876 -2.54893158e-24)
(-0.0002633616021 0.0008289726229 1.382864328e-25)
(-0.002703304175 0.003383844096 1.561237632e-23)
(-0.006907276059 0.005604502224 1.555540337e-25)
(-0.01195231792 0.007008206515 -8.496139926e-25)
(-0.0171350427 0.007553775012 1.162252054e-24)
(-0.02197535482 0.007294201059 1.307003846e-23)
(-0.02611076391 0.006321898007 1.387134775e-24)
(-0.02926565124 0.004754196918 -7.281715712e-24)
(-0.03122673236 0.002737153006 1.015230527e-23)
(-0.03184200944 0.0004524041926 4.509884611e-24)
(-0.03102761256 -0.001884147483 -6.318756607e-24)
(-0.02879316512 -0.004023031168 2.961601986e-24)
(-0.02527138466 -0.005708354074 3.895491394e-23)
(-0.0207319516 -0.006707408036 -1.954743731e-24)
(-0.01558962871 -0.006854139701 3.754434603e-24)
(-0.01038513366 -0.006097466334 -9.740867081e-23)
(-0.005730268591 -0.004546190682 9.637488917e-23)
(-0.002233361771 -0.002507423628 -3.960786068e-25)
(-0.000181771152 -0.0005023760294 4.060677816e-25)
(8.343747673e-05 0.0006099223771 0)
(-0.000418822594 0.002935080587 -2.910279881e-25)
(-0.004647874032 0.00880401758 1.701878983e-23)
(-0.01137196155 0.0132404276 -8.285226829e-24)
(-0.01932729223 0.01579204343 -2.075595731e-25)
(-0.02747411687 0.01653000014 2.039056099e-25)
(-0.03511778707 0.01564441505 6.786021302e-27)
(-0.04171344773 0.01335997521 -1.219674025e-24)
(-0.04683571882 0.009919772547 -4.550718106e-25)
(-0.05014989236 0.005602436273 -1.06304905e-23)
(-0.05141232212 0.0007444231177 0)
(-0.05047793441 -0.00424177963 0)
(-0.04733706332 -0.008887187945 2.670971504e-23)
(-0.04215927966 -0.01268177109 2.812978931e-23)
(-0.03531437601 -0.0151360533 -1.64614343e-24)
(-0.02738996509 -0.01586189706 4.845814309e-23)
(-0.01917006014 -0.0146733438 9.419174272e-23)
(-0.01156090553 -0.01169360701 3.975636579e-23)
(-0.005465407341 -0.007450747003 4.14144403e-25)
(-0.00145109511 -0.002936047577 1.074038255e-25)
(-9.072482231e-05 0.0002258727711 0)
(-0.0005024621624 0.006045350544 -4.248762422e-23)
(-0.006402738567 0.0163707563 -1.692102643e-23)
(-0.01553502487 0.02355933867 8.212065566e-24)
(-0.02627912287 0.02744163061 0)
(-0.03728747018 0.02832102571 0)
(-0.04769037631 0.02658772698 0)
(-0.05679663069 0.02263120257 -4.46488299e-26)
(-0.06405384079 0.01683609115 -2.13707876e-24)
(-0.06901081658 0.009622182722 0)
(-0.07130828123 0.001491050233 1.635322993e-24)
(-0.07070853803 -0.006936502721 2.802699978e-25)
(-0.06713039704 -0.01493018741 -2.810547472e-25)
(-0.06069905908 -0.0216672815 0)
(-0.05180750876 -0.02631605842 4.133205587e-23)
(-0.04114992023 -0.02816070999 -4.681529037e-23)
(-0.0297197044 -0.02677372354 -2.761912257e-23)
(-0.0187371662 -0.02221530638 -3.960780618e-23)
(-0.009488025242 -0.01521922349 7.79598608e-25)
(-0.002976876662 -0.007298197207 9.790475727e-23)
(-0.0002318778812 -0.0008661711253 0)
(-0.0005316129023 0.01009501775 4.269422491e-23)
(-0.007983592262 0.02595219647 4.785525028e-25)
(-0.01939687414 0.0364288295 -4.676225202e-25)
(-0.03282382549 0.04185520991 0)
(-0.04664689272 0.04289485668 7.783102298e-25)
(-0.05985230028 0.04020074483 -7.675186754e-25)
(-0.0716329172 0.03434741948 3.672328013e-23)
(-0.08132751506 0.02585664122 1.848250195e-23)
(-0.0883660125 0.01527298215 6.238956512e-24)
(-0.09225469653 0.003246145468 -1.637228167e-24)
(-0.09260379899 -0.009407833212 0)
(-0.08917555699 -0.02167477989 4.37047024e-25)
(-0.08195979564 -0.03236744969 1.008958326e-23)
(-0.0712688586 -0.0402125006 -4.349232892e-23)
(-0.05782019255 -0.04402046285 1.932866827e-24)
(-0.04278583277 -0.04294829317 4.21720031e-23)
(-0.02775450401 -0.03683346889 -3.841684479e-25)
(-0.01455062174 -0.02652720979 0)
(-0.004859460632 -0.01408454592 5.436530509e-23)
(-0.0003641473847 -0.002846954846 -2.565088028e-22)
(-0.000527221818 0.01499927962 9.841662311e-23)
(-0.009377926583 0.03739022635 -4.907846357e-25)
(-0.0228818281 0.0517022325 0)
(-0.0388304356 0.05894183324 0)
(-0.05538656914 0.06025574873 -8.732170056e-23)
(-0.07142876979 0.05661901385 -8.499142546e-23)
(-0.08606654589 0.04880169091 -4.067587099e-23)
(-0.0985508646 0.03743980715 -1.504384459e-23)
(-0.1081945348 0.02315983989 -5.368985204e-24)
(-0.1143444749 0.006709678115 -8.17503133e-24)
(-0.1164046216 -0.01093292321 6.601189766e-24)
(-0.1138937408 -0.02848945168 8.826881588e-24)
(-0.1065487 -0.04437046292 -1.892324308e-23)
(-0.09446804414 -0.0567533372 4.608599098e-24)
(-0.07826857344 -0.06378298569 0)
(-0.05922895808 -0.06393495304 -1.57283676e-23)
(-0.03933982087 -0.05653816172 -2.430360436e-26)
(-0.02114188827 -0.04235809059 0)
(-0.007318702362 -0.02398229423 -1.520657122e-22)
(-0.0005216162884 -0.005925545144 6.056291018e-22)
(-0.0004990828162 0.02064574642 -9.774613224e-23)
(-0.01052951139 0.05045438553 2.831996712e-22)
(-0.0258295764 0.06912512142 1.526866061e-22)
(-0.04402138451 0.0784925828 3.619295389e-24)
(-0.06310739306 0.08029476705 -7.319348445e-23)
(-0.08190405293 0.07588043168 9.043602043e-23)
(-0.09947764019 0.06621690927 -3.590233549e-24)
(-0.115022742 0.05201695243 -1.729177755e-24)
(-0.127751922 0.03392358564 2.524171489e-24)
(-0.1368472626 0.01270233131 7.382663271e-24)
(-0.1414710529 -0.0105878251 -6.500931939e-24)
(-0.140824818 -0.03446024626 -9.788322953e-24)
(-0.1342745974 -0.05692771964 -3.26172428e-23)
(-0.1215450262 -0.07553316409 -3.661641452e-23)
(-0.1029672692 -0.08754260662 5.646261394e-25)
(-0.07976370262 -0.09039209681 0)
(-0.05426682733 -0.08244513717 0)
(-0.02987161059 -0.06397736834 -2.906082957e-24)
(-0.01066285187 -0.03798794712 2.970532592e-24)
(-0.0007350938348 -0.01050089452 1.02787447e-22)
(-0.0004479163059 0.02687251105 0)
(-0.0113492327 0.06480757753 2.001982232e-22)
(-0.02801599862 0.08829617663 8.96205959e-23)
(-0.04799857539 0.1001234993 0)
(-0.0692060217 0.1027076595 1.569889519e-22)
(-0.0904437341 0.09781578969 0)
(-0.1107831714 0.08661103313 -1.428392923e-22)
(-0.1294093809 0.06983950565 6.515583424e-24)
(-0.1454771684 0.04808232303 0)
(-0.1580351854 0.02201755544 0)
(-0.1660133481 -0.007334441617 -1.374416406e-24)
(-0.1682671571 -0.0383884006 -9.316857058e-25)
(-0.163706471 -0.06883976267 1.491989709e-22)
(-0.1515208782 -0.09558276165 -4.704620245e-23)
(-0.1315134584 -0.1148298693 -2.56100582e-24)
(-0.1045596107 -0.1225703435 1.534757308e-24)
(-0.07309350145 -0.1155517982 -1.558967002e-24)
(-0.04135021642 -0.09283115666 0)
(-0.01525230343 -0.05740767679 3.203824586e-24)
(-0.001044309305 -0.01714714448 -1.012917324e-21)
(-0.0003744660156 0.03346304564 0)
(-0.01175006036 0.07998918878 -1.128299712e-22)
(-0.02920707996 0.1086390975 -6.191165551e-22)
(-0.05031745144 0.1232234034 -3.755314544e-22)
(-0.07296317585 0.126909708 0)
(-0.09598960397 0.1219255682 4.119465943e-22)
(-0.1185273516 0.1096348678 1.260929047e-22)
(-0.1398146467 0.09078246132 -5.581847409e-24)
(-0.1590221604 0.06581393313 5.554220263e-24)
(-0.1751461054 0.03520881108 0)
(-0.1869560025 -0.0001967486409 2.912134429e-23)
(-0.1930172678 -0.03889754643 4.695851147e-24)
(-0.1917809938 -0.07843888955 -1.07681353e-22)
(-0.1817874461 -0.1151865427 8.004262445e-23)
(-0.1620570462 -0.1442599513 -2.419755467e-22)
(-0.1327062027 -0.1598548671 0)
(-0.09577888373 -0.1563112918 0)
(-0.0560163319 -0.1302981105 0)
(-0.02147859192 -0.0838113521 0)
(-0.001500384742 -0.02665516302 5.572133409e-22)
(-0.0002873899805 0.04016077914 0)
(-0.01169359644 0.09543611748 -3.49302406e-22)
(-0.02924438298 0.1294073657 8.932815275e-22)
(-0.05060947284 0.1469299203 3.617186619e-22)
(-0.07370082646 0.1519748712 0)
(-0.09745151189 0.1472758 -3.86256319e-22)
(-0.1211069856 0.1344191985 -3.17443626e-23)
(-0.144032482 0.114139335 3.333110199e-22)
(-0.1655143278 0.08670006852 1.769477065e-22)
(-0.1846248563 0.05229123617 -4.0601562e-23)
(-0.2001325845 0.01141716167 1.656821978e-23)
(-0.2104622468 -0.03471424327 -8.265259175e-24)
(-0.2137208548 -0.08376563925 3.37186223e-22)
(-0.2078215515 -0.1318756389 0)
(-0.1908238551 -0.1732756183 2.420924498e-22)
(-0.1616335752 -0.2002593439 5.774804469e-24)
(-0.1211662702 -0.2040121746 -5.860923886e-24)
(-0.07384989872 -0.1772119983 1.548457222e-22)
(-0.02971786858 -0.1188642342 -5.43548893e-24)
(-0.002179545182 -0.04005398781 0)
(-0.0002117203746 0.04671640194 0)
(-0.01125001173 0.1105498158 0)
(-0.02815624484 0.1497355036 -5.022764348e-22)
(-0.04874479238 0.1701517637 -1.881000162e-23)
(-0.07100086506 0.1766257179 2.038381355e-23)
(-0.09399451386 0.1724526543 -2.014313821e-23)
(-0.1171434299 0.1594871017 -2.316886857e-23)
(-0.1400179516 0.1384805111 -3.029828251e-22)
(-0.162132891 0.1095160742 6.698616916e-23)
(-0.1827959055 0.07245187177 4.513182631e-23)
(-0.2009835569 0.0273492896 -4.577724942e-23)
(-0.215227027 -0.02508697769 0)
(-0.2235562215 -0.08298351495 -7.839700109e-23)
(-0.2234632199 -0.1427257356 0)
(-0.2120679436 -0.1981820914 -3.739567032e-22)
(-0.1867434554 -0.2400773734 5.24496358e-22)
(-0.1464438309 -0.256077345 0)
(-0.09394567767 -0.2331209537 -1.494003026e-22)
(-0.04022001011 -0.1639613681 1.937559984e-22)
(-0.003201100265 -0.05861063216 -3.411539494e-22)
(-0.0002015413482 0.05297585223 0)
(-0.01067261983 0.1248172419 9.182880724e-22)
(-0.02628446754 0.1687424617 -2.440688283e-23)
(-0.04501107751 0.1916455175 9.193346706e-22)
(-0.06494597313 0.1992921084 -2.512088821e-23)
(-0.0853662832 0.1956104342 2.838847551e-23)
(-0.1059305633 0.1827886864 -2.81293358e-23)
(-0.1264924181 0.1616583528 -1.660919818e-23)
(-0.1468996846 0.1321762319 -5.260234519e-22)
(-0.1668458156 0.09389646809 -8.906637195e-24)
(-0.1857303021 0.04640576431 9.660203725e-24)
(-0.2024781679 -0.0102378469 3.313080249e-22)
(-0.2154154606 -0.07499820375 -5.8207448e-22)
(-0.2220209709 -0.1450311853 0)
(-0.21880321 -0.2146760642 8.887333296e-22)
(-0.2016257523 -0.2740016454 -4.940895648e-22)
(-0.1668639193 -0.3075811991 -1.572226093e-23)
(-0.1140220095 -0.2953811944 0)
(-0.05288482029 -0.2195802602 -1.890193522e-22)
(-0.00474918815 -0.08377278045 3.360597103e-22)
(-0.000364198776 0.05902317854 1.551012143e-23)
(-0.01049574045 0.1379881525 -8.76420791e-22)
(-0.0244138964 0.1856804136 -1.157060161e-21)
(-0.04026724387 0.2101384787 -8.628995112e-22)
(-0.05630729394 0.2182348941 0)
(-0.07214856246 0.2146190291 3.513808723e-23)
(-0.08779221325 0.2018791971 -7.294873734e-23)
(-0.1034562767 0.1810005621 5.867890367e-23)
(-0.1193983853 0.151899725 3.021369798e-22)
(-0.1357931529 0.1139150576 -1.128196746e-23)
(-0.1526082303 0.06621424995 0)
(-0.169452136 0.00817720357 -3.603932549e-22)
(-0.1852760585 -0.06015987726 7.515673735e-22)
(-0.1980448508 -0.137274702 8.831710275e-22)
(-0.2043546258 -0.2189261902 -5.296632446e-22)
(-0.1990977609 -0.2959712934 5.162694893e-22)
(-0.1760605329 -0.3514072615 1.078235884e-23)
(-0.1300890631 -0.3584150811 -1.095550972e-23)
(-0.06688803313 -0.2843276533 -8.215236799e-23)
(-0.007083319935 -0.1169964427 0)
(-0.0009095778428 0.06540041643 -1.911488746e-23)
(-0.01167591813 0.1502816428 -1.326966778e-21)
(-0.02388882157 0.200065959 1.094238488e-21)
(-0.03601340374 0.2244217004 6.734934919e-22)
(-0.04657308515 0.2316588276 6.01463583e-22)
(-0.05577038144 0.2272393717 6.643961509e-22)
(-0.06411245356 0.2141774887 -4.458681079e-23)
(-0.07227561271 0.1936494383 -3.461339532e-22)
(-0.080969726 0.1656028313 2.152163858e-22)
(-0.09087191985 0.1292707346 0)
(-0.1025547421 0.08353082357 0)
(-0.1163622128 0.02720010601 2.65539837e-22)
(-0.1321589535 -0.0406200613 8.194325615e-23)
(-0.1489252298 -0.1200128319 -2.821625991e-22)
(-0.1641284266 -0.2089300701 -5.411275157e-23)
(-0.1727877608 -0.3006992519 1.301952178e-22)
(-0.1670311298 -0.3793329117 -3.40050965e-22)
(-0.1365292436 -0.4136451986 -1.593804252e-23)
(-0.08018250133 -0.3538326219 8.204009587e-23)
(-0.01050762293 -0.1594130576 -6.032152953e-22)
(-0.002260498807 0.07348883601 0)
(-0.01580355753 0.1626521784 2.145876418e-21)
(-0.0266504264 0.2117904762 0)
(-0.03422339567 0.2333947308 -1.351808873e-21)
(-0.03759398335 0.2377766861 6.18405918e-23)
(-0.03799684979 0.2312553545 -6.193098852e-22)
(-0.03668265576 0.2171899017 -4.756287039e-22)
(-0.03489036009 0.1968934487 8.301259868e-22)
(-0.03378837595 0.1703342371 -1.885699296e-22)
(-0.03449876141 0.1367221059 0)
(-0.03811572438 0.09479673434 0)
(-0.04564992187 0.04304286403 2.410614328e-23)
(-0.057908041 -0.02013781381 -6.007201647e-22)
(-0.07514598385 -0.09620650326 -4.309569359e-22)
(-0.09645174864 -0.1855556181 4.637864894e-22)
(-0.1183462607 -0.2853567779 -6.488740321e-22)
(-0.1332715375 -0.3838386542 9.119950405e-23)
(-0.1265350984 -0.4504358723 2.937286953e-23)
(-0.08899154066 -0.4198536384 5.66044132e-22)
(-0.01526917929 -0.2111719736 6.020785707e-22)
(-0.005180900057 0.08598045974 0)
(-0.02525550806 0.1766291197 1.465579562e-22)
(-0.03483408004 0.2205961568 -4.917147701e-23)
(-0.03640013803 0.2354859373 7.642935441e-22)
(-0.03018482929 0.234340678 -7.005382143e-22)
(-0.01916579257 0.2241603904 4.746483264e-23)
(-0.005615147884 0.2083525855 -1.018610253e-22)
(0.008569610642 0.1881241088 -3.389890289e-22)
(0.02179886487 0.1633911262 2.062823522e-22)
(0.03262781782 0.1333242719 0)
(0.0395845885 0.09664086029 0)
(0.04117013522 0.05174056287 -2.902668838e-22)
(0.03578484055 -0.00325539918 0)
(0.02198184884 -0.07058360945 -5.512189138e-22)
(-0.001264844289 -0.1525735514 -1.492378188e-23)
(-0.03310469729 -0.2505949852 2.559743044e-23)
(-0.06909235694 -0.359934152 2.203146106e-22)
(-0.09227826918 -0.457542453 4.788068295e-24)
(-0.08718089883 -0.4698129419 -5.789409589e-22)
(-0.02103127142 -0.2698972299 0)
(-0.01111631597 0.1085974963 0)
(-0.04248901948 0.1947151674 -8.84848441e-22)
(-0.04795528934 0.2258195514 -5.411042498e-22)
(-0.03919535858 0.2282135565 4.543819363e-22)
(-0.01877830188 0.2182328149 -1.709984496e-24)
(0.007664315004 0.2028220371 -4.561052422e-23)
(0.03667993533 0.1847619785 5.696684821e-22)
(0.06582998773 0.1647118229 -2.766891473e-23)
(0.09327131136 0.1423128187 -2.06978241e-22)
(0.1173891635 0.1166274943 3.142214613e-23)
(0.1365461714 0.08641143891 -3.4259183e-23)
(0.1489669292 0.05017669002 -3.69059529e-23)
(0.1525275801 0.006159166515 3.205634643e-22)
(0.1449367047 -0.04796127064 6.11960854e-22)
(0.1235159803 -0.1153052911 -5.10117388e-22)
(0.0863353353 -0.200419565 -1.616060055e-22)
(0.03199089371 -0.3067806591 1.531306214e-22)
(-0.02362123097 -0.4239837146 7.293650982e-23)
(-0.06492413024 -0.487161279 1.913291394e-21)
(-0.02509971697 -0.3291544745 2.954991212e-21)
(-0.02004680478 0.1460727378 -4.390209314e-23)
(-0.06416406272 0.2112955845 4.417382075e-23)
(-0.0507023058 0.2177300483 1.00018907e-21)
(-0.01934097299 0.2014679992 -8.270553925e-24)
(0.02414465031 0.180907619 0)
(0.07154122179 0.1606933363 4.363724992e-23)
(0.1190703419 0.1416495513 -2.27385323e-22)
(0.1644767349 0.1233181844 -9.027962714e-23)
(0.2062251179 0.1048117315 3.680736695e-23)
(0.2429643045 0.08507140262 -1.7016555e-23)
(0.2732207602 0.06296147806 3.429971609e-23)
(0.2952536129 0.03726293905 -6.592684019e-23)
(0.3066971077 0.006535068649 -9.303907953e-23)
(0.3049738326 -0.03087770023 1.517044957e-22)
(0.286393626 -0.07786290957 0)
(0.2470568092 -0.1399300368 1.505613293e-22)
(0.1810922242 -0.2266299751 2.560013721e-22)
(0.0960445029 -0.3443894947 0)
(-0.006697615637 -0.4552210218 -3.675634465e-21)
(-0.01922408196 -0.3777537588 -2.892620692e-21)
(-0.02591951295 0.2276828773 -9.514205228e-22)
(-0.03998324512 0.223821651 -1.388976891e-22)
(0.03656136986 0.1810585355 -2.335583226e-22)
(0.109050305 0.1451059096 -1.193742708e-22)
(0.1817191201 0.1172445506 -4.295829535e-23)
(0.2490090743 0.09627907777 9.783192214e-23)
(0.3100336715 0.08002510591 -1.408593618e-22)
(0.3646209347 0.06656815526 1.297176261e-22)
(0.4126252509 0.05449179075 -8.620126052e-23)
(0.4536250316 0.04270895082 1.132187494e-25)
(0.4867878739 0.03032298537 1.527742561e-23)
(0.5107451379 0.01652901935 7.997208836e-23)
(0.5236597468 0.0005365148302 -1.811124761e-22)
(0.5231798022 -0.01863373227 -1.617147073e-22)
(0.5052323426 -0.04286478946 -4.262959496e-23)
(0.4658715086 -0.07633231179 0)
(0.3952696501 -0.1286089383 -1.846476488e-22)
(0.2916071051 -0.2208468097 8.14876246e-22)
(0.1197455107 -0.3525016902 1.631601428e-21)
(0.02670547263 -0.3775497979 2.172655835e-21)
(0.2142894475 0.1347447197 9.864990298e-22)
(0.2776311201 0.09870503468 0)
(0.4316592307 0.05810414753 -2.594322155e-22)
(0.5304749359 0.03846264944 -1.74166797e-22)
(0.601696576 0.02623419145 0)
(0.6571198966 0.01831923525 -6.009099301e-23)
(0.7015213608 0.01313600906 6.378008743e-23)
(0.7376042504 0.009542126937 -1.800158318e-23)
(0.766936842 0.006804464133 2.885976784e-23)
(0.7902106688 0.004464744309 2.315034863e-23)
(0.8074555013 0.002221320128 0)
(0.8182621357 -0.0001500748251 -2.873034519e-23)
(0.8216499716 -0.002723848216 0)
(0.8162394196 -0.005712668609 2.738153638e-23)
(0.7991333147 -0.009611382795 1.421694345e-23)
(0.7679986344 -0.01500255102 -5.799401307e-23)
(0.7106555755 -0.02502519949 -2.535660381e-22)
(0.6235183981 -0.04204285403 -6.918101001e-22)
(0.4230091021 -0.09182968077 0)
(0.2705674689 -0.1524021841 -2.119483701e-21)
)


// ************************************************************************* //
