/*--------------------------------*- C++ -*----------------------------------*\
  =========                 |
  \\      /  F ield         | OpenFOAM: The Open Source CFD Toolbox
   \\    /   O peration     | Website:  https://openfoam.org
    \\  /    A nd           | Version:  13
     \\/     M anipulation  |
\*---------------------------------------------------------------------------*/
FoamFile
{
    format      ascii;
    class       vectorField;
    location    "3.36";
    object      U_all;
}
// * * * * * * * * * * * * * * * * * * * * * * * * * * * * * * * * * * * * * //


400
(
(-2.702178131e-05 2.552193033e-05 0)
(-0.0006106356726 0.0003672439857 -9.252662752e-24)
(-0.001760095725 0.000725804451 0)
(-0.00313300351 0.0009964983941 0)
(-0.004532558021 0.001145611683 -6.952668743e-27)
(-0.005837204215 0.001163524808 3.353484305e-24)
(-0.00696576395 0.001056578926 1.803574705e-23)
(-0.00786109535 0.0008409098152 3.520594797e-23)
(-0.008478308094 0.0005398932079 -4.62769838e-25)
(-0.008779902608 0.0001830507539 -8.052267723e-24)
(-0.008736242897 -0.0001943548793 1.065982359e-23)
(-0.008329896986 -0.0005524924293 -1.026863671e-22)
(-0.007563594323 -0.0008490694535 -1.173496642e-22)
(-0.006469899213 -0.001043632007 -1.37827821e-22)
(-0.005120140096 -0.001104144972 8.931998743e-24)
(-0.003630885541 -0.00101545893 -9.317981429e-24)
(-0.002164761286 -0.0007880037114 -5.924454244e-22)
(-0.0009290317522 -0.0004603517466 0)
(-8.219333143e-05 -0.0001104951233 2.120002496e-24)
(9.227795679e-05 0.0001208278322 -2.61057758e-22)
(-0.000200655402 0.0007384426372 8.346897346e-26)
(-0.002010027288 0.002586885205 9.336260455e-24)
(-0.004997338065 0.004102725865 6.76315015e-26)
(-0.008537208224 0.005038115454 -3.007310224e-26)
(-0.01215440181 0.005393856793 -1.888515411e-25)
(-0.01554727267 0.005220008077 -8.817729593e-24)
(-0.01849919127 0.00458516262 2.36531539e-23)
(-0.02085285357 0.003565384953 -3.430426824e-23)
(-0.02248644264 0.002244235274 2.532736945e-23)
(-0.02330193013 0.0007174985874 9.1748359e-24)
(-0.02322546995 -0.0009011394153 -1.162520093e-23)
(-0.02221710574 -0.002476967141 3.024085294e-25)
(-0.02028880977 -0.003855785185 6.3527433e-23)
(-0.01752714629 -0.004874570225 -4.185479354e-24)
(-0.01411379954 -0.005381450902 8.636897098e-24)
(-0.01033820314 -0.005265874838 -2.925615731e-22)
(-0.006592351107 -0.004495935421 3.049619291e-22)
(-0.003338582423 -0.003158452097 -4.252209532e-24)
(-0.0009932677116 -0.001499678258 4.359422193e-24)
(-4.426204605e-05 -8.665873774e-05 0)
(-0.0002734059925 0.002229113711 -1.453210048e-25)
(-0.003176167323 0.006314568804 2.88816175e-24)
(-0.007722037604 0.009277322039 -8.560505268e-24)
(-0.0130796879 0.01094758852 6.633637984e-26)
(-0.01856389985 0.01142773802 -6.516941471e-26)
(-0.02373885362 0.0108731699 5.978668807e-25)
(-0.02827761202 0.009445444943 -2.270965748e-23)
(-0.03193502698 0.007298369398 -1.950696647e-24)
(-0.0345176204 0.004584713388 -2.654465207e-23)
(-0.03586816992 0.001472017668 0)
(-0.035866433 -0.001839998227 0)
(-0.03444339951 -0.005106852121 5.253766985e-23)
(-0.03160875742 -0.008035642165 5.645176905e-23)
(-0.02748496901 -0.01030100617 -4.065420703e-24)
(-0.02233802365 -0.01157999792 1.387719804e-22)
(-0.01659588111 -0.01161109889 2.836513305e-22)
(-0.01083775565 -0.01027317063 2.703135903e-22)
(-0.005737768821 -0.007675451485 8.278452702e-24)
(-0.001945111557 -0.004245551921 -4.080703708e-24)
(-0.0001404730953 -0.0008932191223 0)
(-0.0002971939048 0.004293056905 -8.173916464e-24)
(-0.004147820041 0.01128075557 -2.662949791e-24)
(-0.0100936517 0.0160142539 8.401232899e-24)
(-0.01709810859 0.01853541378 0)
(-0.02429040593 0.01911684645 0)
(-0.03112416685 0.0180599395 0)
(-0.03718311309 0.01564225254 -8.46132462e-25)
(-0.04214760223 0.01210608827 1.503934973e-23)
(-0.0457564437 0.007676405625 0)
(-0.04778737924 0.002593034112 7.651703041e-24)
(-0.0480584032 -0.002853745999 7.040608422e-25)
(-0.04644620499 -0.00829607895 -7.060334948e-25)
(-0.04292521928 -0.01327237176 0)
(-0.03761783675 -0.01724726478 1.258246851e-22)
(-0.03084179048 -0.01966282541 -1.347242317e-22)
(-0.02314463162 -0.02003609136 -1.428981379e-22)
(-0.01529789821 -0.01809713477 -2.742128202e-22)
(-0.008223993114 -0.01394859797 4.080702344e-25)
(-0.002870341757 -0.00820570264 -2.186060862e-22)
(-0.0002021872432 -0.002150370974 0)
(-0.0002980744252 0.006870154925 8.238839231e-24)
(-0.005028499074 0.01738122288 5.858311799e-25)
(-0.01230065047 0.02421979789 -5.724496602e-25)
(-0.02088658542 0.02773505018 0)
(-0.02974943985 0.02843945497 2.60581708e-25)
(-0.03824985316 0.02681923773 -2.569673541e-25)
(-0.04590047837 0.02328440447 2.403625627e-24)
(-0.05231939295 0.01816664368 -2.085424285e-23)
(-0.05717932844 0.01175422779 -8.12325705e-24)
(-0.06018083123 0.00434718235 -7.66061301e-24)
(-0.0610533405 -0.003681017519 0)
(-0.05957592288 -0.01183528074 1.605027508e-24)
(-0.05563206653 -0.01945633706 5.665815635e-23)
(-0.0492856501 -0.02574212068 -1.337110516e-22)
(-0.04085729443 -0.02981200696 8.378979305e-24)
(-0.03099551926 -0.0308532769 2.798750946e-22)
(-0.02069566361 -0.02834361405 -4.341096345e-24)
(-0.01121860496 -0.02231644441 0)
(-0.003945120467 -0.01358359617 1.713440955e-23)
(-0.000252446227 -0.003906169637 1.399227672e-22)
(-0.000296099886 0.009941805095 9.941849867e-23)
(-0.005892427271 0.02459831792 -5.56735779e-25)
(-0.01447710003 0.03390448386 0)
(-0.0246516401 0.03859769285 0)
(-0.03522953441 0.03950047709 -5.520547567e-23)
(-0.04549884538 0.03732390686 -4.316109665e-23)
(-0.05492175349 0.032623498 -2.644698377e-24)
(-0.0630688187 0.02581186238 6.979167267e-24)
(-0.069549427 0.01721702372 7.448399726e-24)
(-0.07397190894 0.0071685109 3.511435957e-24)
(-0.07594308461 -0.003905247184 -7.028665685e-24)
(-0.07508370279 -0.01540083673 -1.851423346e-23)
(-0.07110439898 -0.0264354248 -4.352810012e-24)
(-0.06392163114 -0.0358747539 -1.21968075e-22)
(-0.05377747626 -0.04239293677 0)
(-0.04138114395 -0.04467507279 -1.456501131e-22)
(-0.02798724711 -0.04176085752 4.44384472e-24)
(-0.01532700846 -0.03348341142 0)
(-0.005436488576 -0.02085114353 2.049189571e-22)
(-0.0003271072902 -0.006300806673 -2.45884521e-22)
(-0.0003001638273 0.0135152894 -9.868034895e-23)
(-0.006779763798 0.0329535903 2.233530332e-22)
(-0.01669935202 0.04511106891 1.154493535e-22)
(-0.02850532737 0.0512036763 2.461974921e-24)
(-0.04087976841 0.05243822169 -4.764832976e-23)
(-0.05306492192 0.04979327764 4.548785918e-23)
(-0.06450016605 0.04398011168 -1.683889731e-24)
(-0.07473084742 0.03547357574 -2.980962158e-25)
(-0.08331252464 0.0245994955 2.752099303e-25)
(-0.08975111315 0.0116583299 -3.49425595e-24)
(-0.09350166798 -0.002931133016 6.454037901e-24)
(-0.09395009658 -0.01846141083 2.037754848e-23)
(-0.09052411785 -0.03387128084 -1.48265076e-23)
(-0.08287391723 -0.04762299886 1.843382964e-22)
(-0.07103152202 -0.05778720951 -4.036678247e-24)
(-0.05567342274 -0.06229156511 0)
(-0.03831559778 -0.05942513966 0)
(-0.02131090119 -0.04855795602 3.393858789e-24)
(-0.007683226352 -0.03083481757 -3.469066898e-24)
(-0.0004561073437 -0.009643025834 3.97597874e-23)
(-0.000313046216 0.0176102134 0)
(-0.007701751328 0.04248091119 1.379997255e-22)
(-0.01898251271 0.05788559508 6.126247234e-23)
(-0.03245388479 0.06562595727 0)
(-0.04668659639 0.06737897903 1.004536181e-22)
(-0.06091049868 0.06444042327 0)
(-0.07457939254 0.05768797044 -7.075617503e-23)
(-0.08724804425 0.04763242156 2.782500772e-24)
(-0.09844406025 0.03453893871 0)
(-0.1075800972 0.01859690686 0)
(-0.1138921264 0.0001243989758 1.090616122e-25)
(-0.1165045888 -0.02018585055 6.428275358e-25)
(-0.1144862133 -0.04111326203 -5.926858677e-23)
(-0.1070210751 -0.06068737733 -1.925569617e-23)
(-0.09375141056 -0.07621056718 3.6281484e-24)
(-0.07514324108 -0.08451966805 -4.652918773e-24)
(-0.05288274135 -0.0826709978 4.726273474e-24)
(-0.03005297618 -0.0690773912 0)
(-0.01110421845 -0.04478489103 -8.595047174e-25)
(-0.0006745202139 -0.01444606554 9.044816388e-23)
(-0.0003366695715 0.02224539317 0)
(-0.008652583804 0.05320077965 -9.127660024e-23)
(-0.02129180176 0.07223903695 -4.474100665e-22)
(-0.03640260917 0.08187567676 -2.589101346e-22)
(-0.05246274793 0.0843635772 0)
(-0.06872713334 0.08137817791 2.429321289e-22)
(-0.0847087213 0.07397959684 6.23885375e-23)
(-0.1000176506 0.06268582265 -2.280027907e-24)
(-0.1141932969 0.04763122981 2.268746534e-24)
(-0.1265804788 0.02878882501 0)
(-0.1362461734 0.006245469516 8.555738253e-24)
(-0.141989782 -0.01949320748 2.361975531e-25)
(-0.1424135528 -0.04712756681 1.816956828e-23)
(-0.1361321449 -0.07429882053 -3.934241213e-23)
(-0.1221653598 -0.09742332726 7.112016986e-23)
(-0.1004797381 -0.1118847466 0)
(-0.07266334724 -0.1128475945 0)
(-0.04246224613 -0.09691765795 0)
(-0.0162081653 -0.0644127339 0)
(-0.001032207258 -0.02147796156 -2.359037131e-23)
(-0.0003765839851 0.02743513633 0)
(-0.009629816853 0.06510349476 -2.545279178e-22)
(-0.02357175683 0.08811068843 6.406459804e-22)
(-0.04018503523 0.09983999055 2.492177655e-22)
(-0.05786573523 0.1032545925 0)
(-0.07593170615 0.1004908536 -2.285417061e-22)
(-0.09400292985 0.09281870375 -1.721411804e-23)
(-0.1117997501 0.08074066426 1.723503545e-22)
(-0.1289342236 0.06419061845 8.377966367e-23)
(-0.1447489845 0.04280859145 -1.763878515e-23)
(-0.1582005432 0.01628912327 9.418291554e-24)
(-0.1678202945 -0.01520008033 -2.00649242e-24)
(-0.1717602067 -0.0505131573 9.866050221e-23)
(-0.1679906329 -0.08704926279 0)
(-0.1547077988 -0.1203570633 -7.11543138e-23)
(-0.1310051892 -0.1440997735 -4.00572813e-24)
(-0.09786012306 -0.1508047135 4.065411671e-24)
(-0.05924003225 -0.1339812415 -1.676075569e-22)
(-0.02358186511 -0.09184307973 3.980727469e-24)
(-0.00160853222 -0.03182112896 0)
(-0.0004488185863 0.03320235425 0)
(-0.01066983106 0.07815089728 0)
(-0.02580000626 0.1053423498 -3.603931204e-22)
(-0.04362519463 0.1192201946 -1.331348737e-23)
(-0.06245868202 0.1236328568 1.30642596e-23)
(-0.08171681869 0.121282509 -1.290997469e-23)
(-0.1011706494 0.1136931939 -1.283525739e-23)
(-0.120705584 0.1013475515 -1.553747622e-22)
(-0.1400805394 0.08393214812 4.479077504e-23)
(-0.1587400315 0.06066309802 1.951572105e-23)
(-0.1756665232 0.0307006839 -1.800512426e-23)
(-0.1892875683 -0.006331032812 0)
(-0.1974693902 -0.04970217542 9.143182297e-24)
(-0.1976367434 -0.09686823284 0)
(-0.1870915783 -0.1427793224 -1.030298784e-22)
(-0.1636920973 -0.179407239 5.331867155e-23)
(-0.1270674005 -0.196061146 0)
(-0.08040890155 -0.1815260269 1.635763527e-22)
(-0.03381303037 -0.1293790312 -1.512359511e-22)
(-0.002535553891 -0.04692930455 1.301577377e-23)
(-0.0005927856122 0.03962077864 0)
(-0.01190772754 0.092308897 6.832432129e-22)
(-0.02807406167 0.1236723692 -1.78850301e-23)
(-0.04664200329 0.1394802315 6.68844218e-22)
(-0.06582994798 0.1446999232 -1.75712785e-23)
(-0.08519279639 0.1427289252 1.790445853e-23)
(-0.1046909964 0.1354066083 -1.774098842e-23)
(-0.1244221917 0.1232182908 -9.374368638e-24)
(-0.1443685675 0.1056015587 -2.93826091e-22)
(-0.1642068391 0.08131916654 -4.802079068e-24)
(-0.1831486245 0.04892048172 4.845108015e-24)
(-0.1998074588 0.007325315239 1.818637299e-22)
(-0.212102269 -0.04343927768 -2.828224082e-22)
(-0.2172464349 -0.1013139342 0)
(-0.2118450062 -0.161239884 3.415451935e-22)
(-0.1923564399 -0.2140380544 -5.113514209e-23)
(-0.1562936356 -0.245788644 -1.154352397e-24)
(-0.1045349635 -0.2390483322 0)
(-0.04725311301 -0.1789149206 1.501741942e-22)
(-0.004028605567 -0.06864145024 -1.213994967e-23)
(-0.00089673919 0.04690782108 1.157521174e-23)
(-0.01367345681 0.1076248601 -6.521282542e-22)
(-0.03073101289 0.1427570938 -8.887224215e-22)
(-0.04938215974 0.1598174676 -6.279222116e-22)
(-0.06774871491 0.1652147284 0)
(-0.08559747222 0.1631892964 2.355605351e-23)
(-0.1031234981 0.1559633637 -4.780052251e-23)
(-0.1206763038 0.1440731622 3.714527684e-23)
(-0.1385272133 0.1267644428 1.754994357e-22)
(-0.1567145202 0.1024096385 -6.779296799e-24)
(-0.1749067339 0.0689850882 0)
(-0.1922560011 0.02465955361 -1.960974296e-22)
(-0.2071929503 -0.03145355648 4.415666506e-22)
(-0.2172949701 -0.09826662798 5.469649914e-22)
(-0.2190264174 -0.1715808687 -2.396240339e-22)
(-0.2077140597 -0.2422262959 2.625807582e-22)
(-0.1783429906 -0.2940475677 -2.239553621e-24)
(-0.1277823912 -0.3028678562 2.275431055e-24)
(-0.06349050192 -0.2408098364 -4.003837674e-22)
(-0.006407240044 -0.09905394545 0)
(-0.001546461641 0.05559814467 -1.478178759e-23)
(-0.01663658075 0.1243399243 -1.059174749e-21)
(-0.03447715705 0.1621849228 8.416112949e-22)
(-0.05232000753 0.1791230087 5.339270672e-22)
(-0.06825879137 0.1834547274 4.686758565e-22)
(-0.0824430433 0.180404575 5.015978711e-22)
(-0.09538885725 0.172620741 -3.082216727e-23)
(-0.1077441683 0.1607419018 -2.458046369e-22)
(-0.1201158956 0.1439253075 1.49433557e-22)
(-0.1329916034 0.1203083377 0)
(-0.146665272 0.08746812298 0)
(-0.1611173009 0.04295333449 1.872024274e-22)
(-0.1757249876 -0.01505466848 9.805698717e-23)
(-0.1891238172 -0.08695781813 -1.228370084e-22)
(-0.1985052365 -0.1701774503 -3.586579863e-23)
(-0.1989341874 -0.2572385653 1.601129692e-22)
(-0.1832964747 -0.3319802614 -1.476838925e-22)
(-0.143321606 -0.3650242737 -1.653882408e-22)
(-0.08049505833 -0.3121967305 3.998358153e-22)
(-0.0100546889 -0.140108149 -8.05674545e-22)
(-0.00292816609 0.06687866358 0)
(-0.02200477642 0.1430586996 1.741938828e-21)
(-0.04042479677 0.1814762279 0)
(-0.05611580372 0.1959207117 -1.105084825e-21)
(-0.06740599195 0.1971964278 8.1627372e-23)
(-0.07519932219 0.1915864729 -4.670870839e-22)
(-0.08050568487 0.1821240068 -3.685358356e-22)
(-0.08434410669 0.1695526868 6.099386656e-22)
(-0.08767811706 0.1530370921 -1.300699427e-22)
(-0.09145080568 0.1306711843 0)
(-0.09660061521 0.09989305017 0)
(-0.1040118515 0.05790791124 3.551898692e-23)
(-0.1144114263 0.002167210684 -4.336819797e-22)
(-0.1278503939 -0.06912398192 -3.091223814e-22)
(-0.1430798727 -0.1557234812 3.782752402e-22)
(-0.156474348 -0.2535077887 -4.288631866e-22)
(-0.1604165889 -0.3495182982 9.056322449e-24)
(-0.1417323748 -0.4134126786 1.857488595e-22)
(-0.09370946825 -0.3851120989 6.287131188e-22)
(-0.01523957378 -0.192693741 8.041559073e-22)
(-0.005750019961 0.08299945419 0)
(-0.03165291083 0.1644956087 1.626178737e-22)
(-0.04965689235 0.1994830222 -4.229509351e-23)
(-0.06063983452 0.2077478868 6.4148028e-22)
(-0.06383870994 0.2032773121 -5.787439128e-22)
(-0.0616156968 0.1932470715 3.881537156e-23)
(-0.05575527556 0.1808351683 -1.012929032e-22)
(-0.04773945086 0.166766107 -2.547775529e-22)
(-0.03886710453 0.1502227602 1.632246164e-22)
(-0.03044284264 0.1294010554 0)
(-0.02391290379 0.1018548342 0)
(-0.02091262244 0.06479625252 -2.231797594e-22)
(-0.02326011882 0.01537759189 0)
(-0.03263015997 -0.04901719459 -4.798757731e-22)
(-0.05002632488 -0.1304454577 2.38617917e-23)
(-0.07441393558 -0.2290351301 2.082689828e-23)
(-0.1004565086 -0.338309348 1.154380278e-22)
(-0.1122015366 -0.4336201186 8.285975856e-24)
(-0.0955221547 -0.4454045576 -6.486782317e-22)
(-0.02156923579 -0.2547144985 0)
(-0.01138432722 0.1088938963 0)
(-0.04747237979 0.1897402222 -7.750486518e-22)
(-0.06051348227 0.2139937367 -5.017499011e-22)
(-0.06075939994 0.2106097663 4.251266119e-22)
(-0.04971654046 0.1971850622 -2.151510983e-24)
(-0.03222040252 0.1810426694 -4.090705114e-23)
(-0.01102928433 0.1648678557 4.816653948e-22)
(0.01196388326 0.1489945 -2.263197021e-23)
(0.03530053642 0.1324932545 -1.626059332e-22)
(0.05756547427 0.113680642 2.570660557e-23)
(0.07710704482 0.09039268899 -2.833957839e-23)
(0.09190605029 0.06016704043 -3.140366381e-23)
(0.09945117647 0.02037819201 2.799106488e-22)
(0.09689835107 -0.03179574969 5.353288718e-22)
(0.0811889121 -0.09950410295 -4.580493685e-22)
(0.05014636878 -0.1865416329 -1.69469095e-22)
(0.003904082998 -0.294668263 1.300787651e-22)
(-0.04285905195 -0.4119336141 7.044288317e-23)
(-0.07461348439 -0.4737415 1.852271793e-21)
(-0.02616257122 -0.3191620473 2.88024624e-21)
(-0.0197944153 0.1482236893 -4.139841324e-23)
(-0.06601219827 0.2112749518 4.165481421e-23)
(-0.05734889287 0.2133099569 9.494255804e-22)
(-0.03267434427 0.1925928383 9.197981024e-24)
(0.003125412487 0.1689646742 0)
(0.04264892128 0.1474991427 4.015155354e-23)
(0.08291201315 0.1290560888 -2.013522063e-22)
(0.1223501602 0.112994579 -7.868973527e-23)
(0.1599512484 0.09807390852 3.12282813e-23)
(0.1946950771 0.08272736633 -1.368780544e-23)
(0.225207189 0.06519128233 2.837312142e-23)
(0.2495770683 0.04356008823 -5.684148596e-23)
(0.2651044954 0.01580547949 -7.765800587e-23)
(0.26853183 -0.02035755063 1.423804217e-22)
(0.2555651111 -0.06781485721 0)
(0.2217086754 -0.1317860992 1.621298472e-22)
(0.1612527569 -0.2206454029 2.321021392e-22)
(0.08179644428 -0.3401888949 0)
(-0.01439035029 -0.4502376338 -3.557320701e-21)
(-0.02036972729 -0.3733714329 -2.819347367e-21)
(-0.02537646692 0.2296141699 -9.37864389e-22)
(-0.03863183515 0.2256185648 -1.349053287e-22)
(0.03676076143 0.1807883302 -2.223320973e-22)
(0.1058383045 0.1423607798 -1.115159564e-22)
(0.1735888197 0.1125479055 -4.306605899e-23)
(0.2350229853 0.09052839545 9.550533597e-23)
(0.2900905678 0.07422387161 -1.311151873e-22)
(0.3393914101 0.06165236443 1.143598677e-22)
(0.3834162558 0.0512151373 -7.293027258e-23)
(0.4222034916 0.04155138802 1.843448592e-25)
(0.4551465607 0.03141744853 1.30854698e-23)
(0.480899571 0.01962797968 6.902902504e-23)
(0.4971264018 0.005021092232 -1.625278525e-22)
(0.5010015843 -0.0135833315 -1.511596953e-22)
(0.4879443356 -0.03818786014 -4.256166507e-23)
(0.453074895 -0.0728809986 0)
(0.3861428896 -0.1267549687 -1.572774425e-22)
(0.2852082798 -0.2203380973 7.802942065e-22)
(0.1157897022 -0.3520225996 1.578164164e-21)
(0.02574089565 -0.3769056662 2.144424687e-21)
(0.2148076026 0.1352450937 9.715776781e-22)
(0.2794788735 0.09946999499 0)
(0.4340857846 0.058541148 -2.550191439e-22)
(0.532182071 0.03847612191 -1.751179213e-22)
(0.6014287216 0.02587571806 0)
(0.6540256164 0.01774111504 -5.944640843e-23)
(0.6953203239 0.01252196265 5.955304441e-23)
(0.7285674822 0.009065166382 -1.553696892e-23)
(0.7557930279 0.006598552427 2.485090814e-23)
(0.7780053189 0.004605888935 1.945207083e-23)
(0.7953799251 0.002707247334 0)
(0.8074329772 0.0006131635262 -2.476188237e-23)
(0.8129829908 -0.001925530654 0)
(0.8102781127 -0.004920497959 2.559832641e-23)
(0.7957910192 -0.008987923795 1.594553086e-23)
(0.7667211327 -0.01469073764 -5.405198917e-23)
(0.7105686151 -0.02503503919 -2.356432802e-22)
(0.6236978822 -0.04227801388 -6.645005507e-22)
(0.4229075648 -0.09210984683 0)
(0.2704747508 -0.152545138 -2.091940497e-21)
)


// ************************************************************************* //
