/*--------------------------------*- C++ -*----------------------------------*\
  =========                 |
  \\      /  F ield         | OpenFOAM: The Open Source CFD Toolbox
   \\    /   O peration     | Website:  https://openfoam.org
    \\  /    A nd           | Version:  13
     \\/     M anipulation  |
\*---------------------------------------------------------------------------*/
FoamFile
{
    format      ascii;
    class       vectorField;
    location    "46.7";
    object      U_all;
}
// * * * * * * * * * * * * * * * * * * * * * * * * * * * * * * * * * * * * * //


400
(
(1.100814998e-05 -3.783034848e-05 0)
(-0.0006660927547 0.0004130430787 -1.551419356e-23)
(-0.002185373312 0.0009203934655 0)
(-0.004047831875 0.001312780537 0)
(-0.005971868426 0.001535065862 6.845861648e-25)
(-0.007762784333 0.00156984881 4.150806599e-24)
(-0.009284546285 0.001423564954 -7.374058264e-24)
(-0.01043594162 0.001119724078 7.529987905e-24)
(-0.01113681382 0.00069608228 -2.095326249e-25)
(-0.01132711097 0.0002030765256 -3.994579216e-24)
(-0.01097177283 -0.0003002345248 5.803530437e-24)
(-0.01007232884 -0.0007475166496 -5.929492865e-23)
(-0.008679881119 -0.001075562188 -6.552622521e-23)
(-0.006902853436 -0.001233043539 -7.784240458e-23)
(-0.004910737666 -0.00119263797 4.573542555e-24)
(-0.00292723099 -0.000961920498 -4.137882843e-24)
(-0.001205298336 -0.0005912122038 -1.99872138e-22)
(-1.906815288e-05 -0.0001698835267 0)
(0.0005181538795 0.0001720852552 1.509429042e-25)
(0.0002227512353 0.000305978923 -2.550658768e-24)
(-0.0002633616333 0.0008289720753 1.382881143e-25)
(-0.00270330388 0.003383843519 1.561218678e-23)
(-0.006907275991 0.005604502324 1.555522533e-25)
(-0.01195231868 0.007008207516 -8.496043356e-25)
(-0.01713504347 0.007553775711 1.162235074e-24)
(-0.02197535456 0.007294200234 1.30698897e-23)
(-0.02611076259 0.006321895882 1.38739446e-24)
(-0.02926565 0.004754195084 -7.281735877e-24)
(-0.03122673248 0.002737152924 1.015235147e-23)
(-0.03184201085 0.0004524058473 4.509913031e-24)
(-0.03102761417 -0.001884145382 -6.318796145e-24)
(-0.02879316572 -0.004023030049 2.961653912e-24)
(-0.02527138361 -0.005708354358 3.895497454e-23)
(-0.02073194967 -0.006707408908 -1.954743033e-24)
(-0.01558962759 -0.006854139849 3.754430122e-24)
(-0.01038513485 -0.006097464993 -9.740829067e-23)
(-0.005730272312 -0.004546188118 9.637501458e-23)
(-0.002233366673 -0.002507420771 -3.960941961e-25)
(-0.0001817748745 -0.0005023733843 4.06083764e-25)
(8.34355377e-05 0.0006099255186 0)
(-0.0004188226903 0.002935080508 -2.910304602e-25)
(-0.004647873723 0.008804016667 1.701917214e-23)
(-0.01137196052 0.01324042637 -8.284980527e-24)
(-0.01932729182 0.01579204325 -2.075602661e-25)
(-0.02747411779 0.01653000133 2.039062907e-25)
(-0.03511778863 0.01564441652 6.794369736e-27)
(-0.04171344855 0.01335997552 -1.219916474e-24)
(-0.04683571822 0.00991977126 -4.550935514e-25)
(-0.05014989101 0.005602434328 -1.063053652e-23)
(-0.05141232118 0.0007444218924 0)
(-0.05047793445 -0.004241779913 0)
(-0.04733706388 -0.008887187462 2.670979909e-23)
(-0.04215927957 -0.01268177048 2.812986858e-23)
(-0.03531437467 -0.01513605286 -1.646142642e-24)
(-0.02738996332 -0.01586189645 4.845801192e-23)
(-0.01917005972 -0.01467334239 9.419136815e-23)
(-0.01156090784 -0.01169360448 3.975581272e-23)
(-0.005465411922 -0.00745074363 4.141468406e-25)
(-0.001451099178 -0.002936043794 1.073981546e-25)
(-9.072699943e-05 0.0002258767162 0)
(-0.0005024626506 0.006045350928 -4.248775413e-23)
(-0.006402739093 0.01637075649 -1.692141133e-23)
(-0.01553502426 0.02355933763 8.211822581e-24)
(-0.02627912166 0.02744162892 0)
(-0.03728746952 0.02832102467 0)
(-0.04769037682 0.02658772743 0)
(-0.05679663187 0.02263120414 -4.465472163e-26)
(-0.06405384162 0.01683609266 -2.136989305e-24)
(-0.06901081651 0.009622183217 0)
(-0.07130828081 0.001491049575 1.635350712e-24)
(-0.07070853771 -0.006936504161 2.802712134e-25)
(-0.06713039657 -0.01493018892 -2.810559663e-25)
(-0.06069905807 -0.02166728259 0)
(-0.05180750688 -0.02631605899 4.133211778e-23)
(-0.04114991796 -0.02816071019 -4.681515994e-23)
(-0.02971970309 -0.02677372338 -2.761884153e-23)
(-0.01873716716 -0.02221530567 -3.960725243e-23)
(-0.009488028384 -0.01521922191 7.795922265e-25)
(-0.002976879816 -0.007298194567 9.790475553e-23)
(-0.0002318795983 -0.0008661681453 0)
(-0.0005316132437 0.01009501746 4.269435696e-23)
(-0.007983592816 0.02595219722 4.785480177e-25)
(-0.01939687454 0.03642883007 -4.676181375e-25)
(-0.03282382512 0.04185520938 0)
(-0.04664689183 0.04289485522 7.783067916e-25)
(-0.05985229946 0.04020074353 -7.675152849e-25)
(-0.07163291693 0.03434741932 3.672320058e-23)
(-0.08132751539 0.02585664228 1.848238478e-23)
(-0.08836601325 0.0152729836 6.23893147e-24)
(-0.09225469752 0.003246146255 -1.637255917e-24)
(-0.09260379983 -0.009407833495 0)
(-0.08917555707 -0.02167478128 4.37051416e-25)
(-0.08195979448 -0.03236745171 1.008975693e-23)
(-0.07126885624 -0.04021250273 -4.349239803e-23)
(-0.05782018971 -0.04402046484 1.932863443e-24)
(-0.0427858307 -0.04294829491 4.2171612e-23)
(-0.02775450372 -0.03683347013 -3.841603123e-25)
(-0.01455062315 -0.02652721008 0)
(-0.004859462285 -0.01408454496 5.436542009e-23)
(-0.0003641482495 -0.002846953487 -2.565089026e-22)
(-0.0005272215237 0.01499927852 9.841627426e-23)
(-0.009377926086 0.03739022587 -4.907834839e-25)
(-0.02288182829 0.05170223307 0)
(-0.03883043598 0.05894183396 0)
(-0.05538656913 0.06025574875 -8.732156948e-23)
(-0.07142876909 0.0566190131 -8.499126287e-23)
(-0.08606654476 0.04880169008 -4.067578205e-23)
(-0.09855086372 0.037439807 -1.504381318e-23)
(-0.1081945349 0.02315984061 -5.368962628e-24)
(-0.1143444762 0.006709679252 -8.175022047e-24)
(-0.1164046235 -0.01093292234 6.601161726e-24)
(-0.1138937423 -0.02848945167 8.826794214e-24)
(-0.1065487 -0.04437046397 -1.892319229e-23)
(-0.09446804248 -0.05675333911 4.60818886e-24)
(-0.0782685708 -0.06378298812 0)
(-0.05922895564 -0.06393495554 -1.57282492e-23)
(-0.0393398196 -0.05653816383 -2.430533817e-26)
(-0.0211418882 -0.04235809184 0)
(-0.007318702736 -0.02398229447 -1.520658273e-22)
(-0.0005216164509 -0.005925545141 6.056292246e-22)
(-0.0004990822734 0.02064574597 -9.774578517e-23)
(-0.01052951033 0.05045438433 2.831993578e-22)
(-0.02582957565 0.06912512077 1.526865527e-22)
(-0.04402138454 0.07849258293 3.619294009e-24)
(-0.06310739346 0.08029476745 -7.319355962e-23)
(-0.08190405288 0.07588043177 9.043584813e-23)
(-0.09947763928 0.06621690894 -3.590228693e-24)
(-0.1150227406 0.05201695204 -1.729176825e-24)
(-0.1277519212 0.0339235857 2.524170299e-24)
(-0.1368472632 0.01270233206 7.382654242e-24)
(-0.1414710548 -0.01058782383 -6.500906318e-24)
(-0.1408248202 -0.03446024497 -9.788226794e-24)
(-0.1342745987 -0.05692771891 -3.261728272e-23)
(-0.1215450259 -0.07553316426 -3.661575401e-23)
(-0.1029672676 -0.08754260768 5.646129887e-25)
(-0.07976370056 -0.09039209842 0)
(-0.05426682572 -0.0824451388 0)
(-0.02987160973 -0.06397736955 -2.906082245e-24)
(-0.01066285154 -0.03798794783 2.970531865e-24)
(-0.0007350936503 -0.01050089516 1.027872886e-22)
(-0.0004479161308 0.02687251167 0)
(-0.01134923212 0.06480757718 2.001981989e-22)
(-0.02801599761 0.08829617572 8.962055368e-23)
(-0.0479985749 0.1001234985 0)
(-0.06920602187 0.1027076591 1.569888973e-22)
(-0.09044373425 0.0978157895 0)
(-0.1107831708 0.08661103288 -1.428392185e-22)
(-0.1294093796 0.06983950531 6.515579713e-24)
(-0.1454771672 0.04808232292 0)
(-0.1580351851 0.02201755593 0)
(-0.1660133491 -0.00733444031 -1.374415237e-24)
(-0.1682671588 -0.03838839868 -9.316824138e-25)
(-0.1637064725 -0.06883976064 1.491986268e-22)
(-0.1515208788 -0.09558276007 -4.704626702e-23)
(-0.1315134579 -0.1148298685 -2.56099309e-24)
(-0.1045596096 -0.1225703435 1.534749549e-24)
(-0.07309350022 -0.1155517986 -1.55895912e-24)
(-0.04135021553 -0.0928311573 0)
(-0.01525230295 -0.05740767742 3.203822939e-24)
(-0.001044309059 -0.01714714515 -1.012916907e-21)
(-0.000374466167 0.03346304614 0)
(-0.01175006033 0.07998918921 -1.128297499e-22)
(-0.02920707945 0.1086390973 -6.191163703e-22)
(-0.05031745112 0.1232234027 -3.755313978e-22)
(-0.072963176 0.1269097071 0)
(-0.09598960411 0.1219255674 4.119464542e-22)
(-0.1185273511 0.1096348671 1.260928386e-22)
(-0.1398146453 0.09078246063 -5.58184623e-24)
(-0.1590221589 0.06581393265 5.554219091e-24)
(-0.1751461044 0.03520881115 0)
(-0.1869560025 -0.0001967477515 2.91213452e-23)
(-0.1930172686 -0.03889754474 4.695849028e-24)
(-0.1917809948 -0.07843888737 -1.076812154e-22)
(-0.1817874468 -0.1151865405 8.004245382e-23)
(-0.1620570463 -0.1442599495 -2.419753176e-22)
(-0.1327062024 -0.1598548659 0)
(-0.09577888318 -0.1563112914 0)
(-0.05601633141 -0.1302981105 0)
(-0.02147859161 -0.0838113524 0)
(-0.001500384574 -0.0266551634 5.572130612e-22)
(-0.0002873899897 0.04016077879 0)
(-0.01169359625 0.09543611766 -3.493022971e-22)
(-0.0292443828 0.1294073659 8.932814056e-22)
(-0.05060947304 0.1469299202 3.61718607e-22)
(-0.07370082705 0.1519748707 0)
(-0.09745151233 0.1472757993 -3.862561885e-22)
(-0.1211069853 0.1344191976 -3.17443515e-23)
(-0.1440324807 0.1141393339 3.33310921e-22)
(-0.1655143261 0.08670006738 1.769476764e-22)
(-0.1846248549 0.05229123536 -4.060156016e-23)
(-0.2001325838 0.01141716152 1.656821919e-23)
(-0.2104622468 -0.03471424264 -8.265258679e-24)
(-0.2137208551 -0.08376563798 3.371861972e-22)
(-0.207821552 -0.1318756373 0)
(-0.1908238554 -0.1732756167 2.420922205e-22)
(-0.1616335753 -0.2002593425 5.774798472e-24)
(-0.1211662702 -0.2040121737 -5.860917799e-24)
(-0.07384989866 -0.1772119979 1.548455177e-22)
(-0.02971786849 -0.1188642341 -5.435482602e-24)
(-0.002179545112 -0.04005398788 0)
(-0.0002117200693 0.04671640126 0)
(-0.01125001099 0.1105498154 0)
(-0.02815624444 0.1497355036 -5.022763977e-22)
(-0.0487447928 0.1701517638 -1.881000135e-23)
(-0.07100086612 0.176625718 2.038380985e-23)
(-0.09399451484 0.1724526542 -2.014313455e-23)
(-0.1171434301 0.1594871013 -2.316886156e-23)
(-0.1400179509 0.1384805101 -3.029827367e-22)
(-0.1621328897 0.1095160727 6.698615164e-23)
(-0.1827959043 0.0724518702 4.513182419e-23)
(-0.2009835561 0.02734928832 -4.577724975e-23)
(-0.2152270267 -0.02508697838 0)
(-0.2235562216 -0.082983515 -7.839699267e-23)
(-0.2234632202 -0.1427257352 0)
(-0.2120679439 -0.1981820907 -3.739566434e-22)
(-0.1867434557 -0.2400773725 5.244962155e-22)
(-0.1464438312 -0.2560773443 0)
(-0.09394567782 -0.2331209532 -1.494001045e-22)
(-0.04022001015 -0.1639613678 1.937557851e-22)
(-0.003201100258 -0.05861063202 -3.411537412e-22)
(-0.0002015409379 0.05297585185 0)
(-0.01067261875 0.1248172413 9.182878938e-22)
(-0.02628446664 0.1687424614 -2.440688029e-23)
(-0.04501107771 0.1916455175 9.193347284e-22)
(-0.06494597433 0.1992921087 -2.51208888e-23)
(-0.08536628459 0.1956104347 2.838847043e-23)
(-0.1059305642 0.1827886866 -2.812933077e-23)
(-0.1264924182 0.1616583525 -1.660919463e-23)
(-0.1468996842 0.1321762309 -5.260233561e-22)
(-0.1668458151 0.09389646665 -8.906635676e-24)
(-0.1857303017 0.04640576275 9.66020279e-24)
(-0.2024781678 -0.01023784823 3.313079902e-22)
(-0.2154154606 -0.07499820465 -5.820744313e-22)
(-0.2220209711 -0.1450311857 0)
(-0.2188032102 -0.2146760642 8.88733211e-22)
(-0.2016257526 -0.2740016451 -4.940894309e-22)
(-0.1668639196 -0.3075811987 -1.57222563e-23)
(-0.1140220097 -0.295381194 0)
(-0.05288482037 -0.2195802598 -1.890191426e-22)
(-0.004749188174 -0.08377278023 3.360595058e-22)
(-0.0003641984605 0.05902317843 1.551011794e-23)
(-0.01049573935 0.1379881522 -8.764206154e-22)
(-0.02441389516 0.185680413 -1.157060096e-21)
(-0.04026724367 0.2101384784 -8.628995679e-22)
(-0.05630729498 0.2182348943 0)
(-0.072148564 0.2146190297 3.513808418e-23)
(-0.0877922145 0.2018791977 -7.294872879e-23)
(-0.1034562774 0.1810005625 5.867889484e-23)
(-0.1193983856 0.151899725 3.021369265e-22)
(-0.135793153 0.1139150572 -1.128196574e-23)
(-0.1526082304 0.06621424927 0)
(-0.169452136 0.008177202782 -3.603932175e-22)
(-0.1852760585 -0.06015987797 7.515673029e-22)
(-0.1980448508 -0.1372747025 8.831709479e-22)
(-0.2043546258 -0.2189261905 -5.29663182e-22)
(-0.199097761 -0.2959712933 5.162694223e-22)
(-0.176060533 -0.3514072612 1.078235376e-23)
(-0.1300890633 -0.3584150807 -1.095550456e-23)
(-0.06688803322 -0.284327653 -8.215254853e-23)
(-0.007083319971 -0.1169964425 0)
(-0.0009095776113 0.06540041627 -1.911488361e-23)
(-0.01167591714 0.1502816427 -1.326966542e-21)
(-0.0238888203 0.2000659582 1.094238427e-21)
(-0.03601340324 0.2244216994 6.734934919e-22)
(-0.0465730858 0.2316588271 6.014636035e-22)
(-0.05577038281 0.227239372 6.643961596e-22)
(-0.06411245487 0.2141774895 -4.458680737e-23)
(-0.07227561358 0.1936494394 -3.461339331e-22)
(-0.0809697265 0.1656028322 2.152163708e-22)
(-0.09087192017 0.1292707354 0)
(-0.1025547423 0.08353082414 0)
(-0.1163622129 0.02720010636 2.655398199e-22)
(-0.1321589535 -0.04062006115 8.194326575e-23)
(-0.1489252297 -0.1200128318 -2.821625589e-22)
(-0.1641284265 -0.20893007 -5.411274712e-23)
(-0.1727877609 -0.3006992518 1.301952231e-22)
(-0.1670311299 -0.3793329115 -3.400508972e-22)
(-0.1365292437 -0.4136451984 -1.593811574e-23)
(-0.08018250144 -0.3538326217 8.204027617e-23)
(-0.01050762297 -0.1594130575 -6.032154671e-22)
(-0.002260498532 0.07348883575 0)
(-0.01580355666 0.1626521784 2.145876052e-21)
(-0.02665042549 0.2117904755 0)
(-0.03422339519 0.2333947293 -1.351808819e-21)
(-0.0375939835 0.2377766848 6.184054526e-23)
(-0.03799685052 0.2312553541 -6.193098937e-22)
(-0.03668265665 0.2171899023 -4.756287019e-22)
(-0.03489036078 0.1968934499 8.301259614e-22)
(-0.03378837638 0.1703342385 -1.885699155e-22)
(-0.03449876166 0.1367221073 0)
(-0.03811572452 0.09479673565 0)
(-0.04564992193 0.04304286512 2.410615523e-23)
(-0.05790804099 -0.02013781301 -6.007201292e-22)
(-0.07514598383 -0.09620650275 -4.309569086e-22)
(-0.09645174866 -0.1855556178 4.637864719e-22)
(-0.1183462608 -0.2853567777 -6.488739713e-22)
(-0.1332715377 -0.3838386541 9.119949019e-23)
(-0.1265350985 -0.4504358722 2.937294724e-23)
(-0.0889915408 -0.4198536384 5.660442044e-22)
(-0.01526917934 -0.2111719736 6.020787422e-22)
(-0.005180899657 0.08598045973 0)
(-0.02525550725 0.1766291198 1.465579549e-22)
(-0.03483407969 0.2205961565 -4.917147178e-23)
(-0.03640013802 0.2354859362 7.642934876e-22)
(-0.03018482921 0.2343406766 -7.0053819e-22)
(-0.01916579252 0.2241603895 4.746483192e-23)
(-0.005615147949 0.2083525853 -1.018610192e-22)
(0.008569610456 0.1881241093 -3.389890259e-22)
(0.02179886459 0.1633911271 2.06282358e-22)
(0.03262781748 0.133324273 0)
(0.03958458816 0.09664086133 0)
(0.04117013491 0.05174056378 -2.902668787e-22)
(0.0357848403 -0.003255398477 0)
(0.02198184864 -0.07058360899 -5.512189091e-22)
(-0.001264844482 -0.1525735511 -1.492377472e-23)
(-0.03310469751 -0.250594985 2.559742786e-23)
(-0.06909235717 -0.359934152 2.203145567e-22)
(-0.0922782694 -0.457542453 4.788071782e-24)
(-0.08718089901 -0.4698129419 -5.789410358e-22)
(-0.02103127148 -0.2698972299 0)
(-0.01111631555 0.1085974971 0)
(-0.04248901873 0.1947151677 -8.848483199e-22)
(-0.04795528926 0.2258195516 -5.411042022e-22)
(-0.03919535901 0.2282135563 4.543818869e-22)
(-0.01877830202 0.2182328144 -1.709983772e-24)
(0.007664315228 0.2028220364 -4.561051917e-23)
(0.03667993566 0.1847619777 5.696684636e-22)
(0.06582998787 0.1647118222 -2.766891531e-23)
(0.09327131115 0.1423128183 -2.069782468e-22)
(0.117389163 0.116627494 3.142214646e-23)
(0.1365461708 0.08641143874 -3.425918326e-23)
(0.1489669285 0.05017668992 -3.690595336e-23)
(0.1525275795 0.006159166463 3.205634633e-22)
(0.1449367043 -0.04796127071 6.119608486e-22)
(0.12351598 -0.1153052912 -5.101173769e-22)
(0.08633533501 -0.2004195651 -1.616059865e-22)
(0.03199089346 -0.3067806592 1.531306467e-22)
(-0.02362123119 -0.4239837147 7.293651411e-23)
(-0.06492413041 -0.4871612791 1.913291465e-21)
(-0.02509971703 -0.3291544746 2.954991297e-21)
(-0.02004680466 0.1460727397 -4.39020894e-23)
(-0.06416406235 0.2112955853 4.417381698e-23)
(-0.0507023057 0.2177300485 1.00018899e-21)
(-0.01934097334 0.2014679992 -8.270554162e-24)
(0.02414464998 0.1809076189 0)
(0.07154122163 0.1606933358 4.363724545e-23)
(0.1190703419 0.1416495503 -2.273853071e-22)
(0.1644767347 0.123318183 -9.027961799e-23)
(0.2062251175 0.10481173 3.680736346e-23)
(0.2429643039 0.0850714012 -1.701655563e-23)
(0.2732207595 0.06296147681 3.429971635e-23)
(0.2952536123 0.03726293803 -6.592683727e-23)
(0.3066971072 0.00653506783 -9.303908511e-23)
(0.3049738323 -0.03087770083 1.517044862e-22)
(0.2863936257 -0.07786291001 0)
(0.247056809 -0.1399300372 1.505613073e-22)
(0.181092224 -0.2266299754 2.560013796e-22)
(0.09604450275 -0.3443894949 0)
(-0.006697615758 -0.455221022 -3.675634582e-21)
(-0.01922408201 -0.3777537589 -2.892620775e-21)
(-0.02591951331 0.2276828796 -9.51420528e-22)
(-0.03998324575 0.2238216523 -1.388976833e-22)
(0.03656136932 0.1810585359 -2.335582987e-22)
(0.1090503045 0.1451059096 -1.193742635e-22)
(0.1817191197 0.1172445502 -4.295828911e-23)
(0.2490090739 0.0962790771 9.78318988e-23)
(0.3100336712 0.08002510495 -1.408593316e-22)
(0.3646209345 0.06656815406 1.297176102e-22)
(0.4126252507 0.05449178943 -8.620125166e-23)
(0.4536250314 0.04270894954 1.132188997e-25)
(0.4867878738 0.03032298423 1.527742438e-23)
(0.5107451378 0.01652901842 7.997208408e-23)
(0.5236597468 0.0005365140827 -1.811124664e-22)
(0.5231798023 -0.01863373281 -1.617147003e-22)
(0.5052323427 -0.04286478984 -4.26295874e-23)
(0.4658715087 -0.07633231205 0)
(0.3952696501 -0.1286089385 -1.846476664e-22)
(0.291607105 -0.2208468099 8.148762688e-22)
(0.1197455107 -0.3525016903 1.631601468e-21)
(0.02670547261 -0.377549798 2.172655856e-21)
(0.2142894469 0.1347447207 9.864990335e-22)
(0.2776311188 0.09870503549 0)
(0.4316592292 0.05810414795 -2.594321997e-22)
(0.5304749346 0.03846264953 -1.741667729e-22)
(0.6016965752 0.02623419129 0)
(0.6571198962 0.01831923494 -6.0090977e-23)
(0.7015213607 0.01313600865 6.378007138e-23)
(0.7376042506 0.009542126481 -1.800157896e-23)
(0.7669368423 0.006804463676 2.885976203e-23)
(0.7902106692 0.004464743888 2.315034513e-23)
(0.8074555017 0.002221319772 0)
(0.818262136 -0.0001500751056 -2.873034265e-23)
(0.8216499719 -0.002723848422 0)
(0.8162394199 -0.005712668764 2.738153232e-23)
(0.799133315 -0.009611382904 1.421694012e-23)
(0.7679986346 -0.0150025511 -5.799401702e-23)
(0.7106555755 -0.02502519954 -2.535660502e-22)
(0.623518398 -0.04204285407 -6.918101181e-22)
(0.423009102 -0.0918296808 0)
(0.2705674689 -0.1524021841 -2.119483722e-21)
)


// ************************************************************************* //
