/*--------------------------------*- C++ -*----------------------------------*\
  =========                 |
  \\      /  F ield         | OpenFOAM: The Open Source CFD Toolbox
   \\    /   O peration     | Website:  https://openfoam.org
    \\  /    A nd           | Version:  13
     \\/     M anipulation  |
\*---------------------------------------------------------------------------*/
FoamFile
{
    format      ascii;
    class       vectorField;
    location    "33.89";
    object      U_all;
}
// * * * * * * * * * * * * * * * * * * * * * * * * * * * * * * * * * * * * * //


400
(
(1.098503706e-05 -3.784626612e-05 0)
(-0.0006661175139 0.0004130398451 -1.549934921e-23)
(-0.002185379828 0.000920392417 0)
(-0.004047832514 0.001312778736 0)
(-0.00597186471 0.001535063527 6.843693138e-25)
(-0.007762777961 0.001569846655 4.151272994e-24)
(-0.009284538297 0.001423563879 -7.367390177e-24)
(-0.01043593228 0.001119724277 7.536795816e-24)
(-0.01113680324 0.0006960830898 -2.095875098e-25)
(-0.01132709988 0.0002030771054 -3.995386594e-24)
(-0.01097176264 -0.000300234555 5.804382443e-24)
(-0.01007232097 -0.0007475169178 -5.930156529e-23)
(-0.008679876334 -0.00107556212 -6.553296917e-23)
(-0.006902851604 -0.001233042829 -7.784950582e-23)
(-0.004910738109 -0.001192636769 4.573990278e-24)
(-0.002927233092 -0.0009619192601 -4.1383463e-24)
(-0.00120530183 -0.0005912113724 -1.999022961e-22)
(-1.907238172e-05 -0.0001698832111 0)
(0.0005181502132 0.0001720853403 1.510777503e-25)
(0.0002227498668 0.0003059789608 -2.568305458e-24)
(-0.0002633727642 0.0008289487664 1.384067773e-25)
(-0.002703314374 0.003383829963 1.559708361e-23)
(-0.006907277732 0.005604490425 1.553199959e-25)
(-0.01195231194 0.007008196332 -8.491391471e-25)
(-0.01713502773 0.007553764708 1.161552124e-24)
(-0.02197533112 0.007294190151 1.306288174e-23)
(-0.02611073391 0.006321888246 1.394337115e-24)
(-0.02926561867 0.004754191008 -7.288374609e-24)
(-0.03122670039 0.002737152348 1.015559022e-23)
(-0.03184197948 0.0004524077959 4.510847545e-24)
(-0.03102758497 -0.001884141769 -6.319721549e-24)
(-0.02879314033 -0.004023025253 2.961494801e-24)
(-0.0252713636 -0.005708348514 3.89584297e-23)
(-0.02073193588 -0.006707402203 -1.954963419e-24)
(-0.01558961996 -0.006854132884 3.754877707e-24)
(-0.01038513271 -0.006097458823 -9.742307451e-23)
(-0.00573027457 -0.004546183878 9.639070028e-23)
(-0.002233371301 -0.002507418991 -3.963524898e-25)
(-0.0001817795809 -0.0005023736181 4.063485719e-25)
(8.343350428e-05 0.0006099254543 0)
(-0.0004188251155 0.002935069027 -2.911487822e-25)
(-0.004647875662 0.008803997647 1.703478469e-23)
(-0.0113719536 0.01324040342 -8.270539942e-24)
(-0.01932727439 0.01579201981 -2.073308312e-25)
(-0.02747408885 0.01652997908 2.036808948e-25)
(-0.03511774888 0.01564439656 7.019916333e-27)
(-0.04171340012 0.01335995926 -1.22664632e-24)
(-0.04683566433 0.009919760447 -4.555279012e-25)
(-0.05014983525 0.005602430357 -1.063393878e-23)
(-0.05141226665 0.0007444249608 0)
(-0.05047788376 -0.004241770629 0)
(-0.04733701921 -0.008887173738 2.671345572e-23)
(-0.0421592424 -0.01268175426 2.813330506e-23)
(-0.03531434585 -0.01513603591 -1.646362629e-24)
(-0.02738994323 -0.01586188041 4.846527296e-23)
(-0.01917004839 -0.01467332898 9.420569452e-23)
(-0.01156090454 -0.01169359535 3.976972114e-23)
(-0.005465414297 -0.007450739589 4.146276811e-25)
(-0.001451103277 -0.002936043976 1.071454071e-25)
(-9.072896372e-05 0.0002258763268 0)
(-0.0005024635883 0.006045338765 -4.250282571e-23)
(-0.006402734907 0.01637072852 -1.693700695e-23)
(-0.0155350084 0.02355930012 8.197396351e-24)
(-0.02627909229 0.02744158861 0)
(-0.03728742637 0.02832098649 0)
(-0.04769032093 0.02658769463 0)
(-0.05679656529 0.02263117882 -4.487758552e-26)
(-0.06405376741 0.01683607638 -2.133232827e-24)
(-0.06901073867 0.009622177172 0)
(-0.0713082035 0.001491054322 1.636224836e-24)
(-0.07070846475 -0.006936489431 2.803258745e-25)
(-0.06713033105 -0.01493016618 -2.811107804e-25)
(-0.06069900188 -0.02166725477 0)
(-0.05180746104 -0.02631602947 4.133942384e-23)
(-0.04114988323 -0.02816068235 -4.682220182e-23)
(-0.02971968016 -0.02677370035 -2.762605497e-23)
(-0.01873715577 -0.02221528984 -3.962139012e-23)
(-0.009488026004 -0.01521921412 7.795804493e-25)
(-0.002976881772 -0.007298193211 9.788899667e-23)
(-0.0002318810811 -0.0008661687478 0)
(-0.000531613325 0.01009500178 4.270952062e-23)
(-0.007983584764 0.0259521586 4.783075951e-25)
(-0.01939685228 0.03642877681 -4.67383206e-25)
(-0.0328237862 0.04185515039 0)
(-0.04664683638 0.04289479818 7.780866215e-25)
(-0.05985222921 0.0402006943 -7.672981675e-25)
(-0.07163283451 0.03434738189 3.671642273e-23)
(-0.08132742404 0.02585661897 1.847521236e-23)
(-0.08836591684 0.01527297545 6.237043983e-24)
(-0.09225460055 0.003246153347 -1.63813106e-24)
(-0.09260370679 -0.009407812387 0)
(-0.08917547168 -0.02167474855 4.371652063e-25)
(-0.08195971931 -0.03236741091 1.009363198e-23)
(-0.07126879292 -0.04021245839 -4.350017015e-23)
(-0.0578201396 -0.04402042194 1.933318054e-24)
(-0.04278579509 -0.04294825824 4.218591399e-23)
(-0.02775448284 -0.03683344333 -3.84384646e-25)
(-0.01455061455 -0.02652719466 0)
(-0.004859461052 -0.01408453955 5.436559584e-23)
(-0.0003641489184 -0.002846953505 -2.564928663e-22)
(-0.0005272211123 0.01499925693 9.840105818e-23)
(-0.00937791566 0.03739017367 -4.906660596e-25)
(-0.02288180238 0.05170216234 0)
(-0.03883039152 0.05894175577 0)
(-0.05538650604 0.06025567257 -8.731427825e-23)
(-0.07142868925 0.05661894657 -8.498431257e-23)
(-0.08606645126 0.04880163883 -4.066833904e-23)
(-0.09855076018 0.03743977464 -1.504039176e-23)
(-0.1081944253 0.0231598288 -5.36729394e-24)
(-0.114344365 0.006709687954 -8.174117577e-24)
(-0.1164045152 -0.01093289466 6.600181296e-24)
(-0.1138936409 -0.02848940799 8.824957298e-24)
(-0.1065486087 -0.04437040853 -1.892306552e-23)
(-0.09446796352 -0.05675327737 4.600313025e-24)
(-0.07826850636 -0.06378292643 0)
(-0.05922890779 -0.06393490047 -1.573579036e-23)
(-0.03933978913 -0.0565381209 -2.406949015e-26)
(-0.0211418731 -0.04235806421 0)
(-0.007318698198 -0.02398228195 -1.520500441e-22)
(-0.0005216163477 -0.005925543498 6.055970599e-22)
(-0.0004990816235 0.02064571793 -9.773071422e-23)
(-0.01052949901 0.05045431688 2.831840988e-22)
(-0.02582954863 0.06912503095 1.52679062e-22)
(-0.04402133879 0.07849248479 3.619061353e-24)
(-0.06310732863 0.08029467226 -7.319321531e-23)
(-0.08190397053 0.07588034833 9.042844599e-23)
(-0.09947754231 0.06621684385 -3.590003885e-24)
(-0.1150226327 0.05201690983 -1.729064667e-24)
(-0.1277518062 0.0339235688 2.524002259e-24)
(-0.1368471456 0.01270234085 7.381805035e-24)
(-0.1414709389 -0.01058779084 -6.499982692e-24)
(-0.14082471 -0.03446019104 -9.786208517e-24)
(-0.1342744973 -0.05692764878 -3.261759288e-23)
(-0.1215449361 -0.07553308417 -3.660335282e-23)
(-0.1029671923 -0.08754252516 5.643621076e-25)
(-0.07976364266 -0.09039202172 0)
(-0.05426678688 -0.08244507569 0)
(-0.02987158877 -0.0639773257 -2.905836329e-24)
(-0.0106628441 -0.03798792522 2.970280495e-24)
(-0.0007350930173 -0.01050089054 1.027871528e-22)
(-0.0004479157749 0.02687247781 0)
(-0.0113492219 0.06480749566 2.001975748e-22)
(-0.02801597255 0.08829606762 8.962062887e-23)
(-0.04799853244 0.1001233811 0)
(-0.06920596165 0.1027075457 1.569814886e-22)
(-0.09044365748 0.09781569019 0)
(-0.1107830798 0.08661095489 -1.428352324e-22)
(-0.1294092775 0.06983945362 6.515349958e-24)
(-0.1454770577 0.04808230034 0)
(-0.1580350722 0.02201756321 0)
(-0.1660132367 -0.00733440445 -1.374356285e-24)
(-0.1682670505 -0.03838833726 -9.316199847e-25)
(-0.1637063709 -0.06883967852 1.49190603e-22)
(-0.1515207867 -0.09558266383 -4.704651412e-23)
(-0.1315133784 -0.1148297663 -2.56073914e-24)
(-0.1045595462 -0.122570245 1.53450242e-24)
(-0.07309345568 -0.1155517137 -1.558708093e-24)
(-0.04135019004 -0.09283109466 0)
(-0.0152522932 -0.05740764226 3.203695568e-24)
(-0.001044308111 -0.01714713629 -1.012884124e-21)
(-0.0003744664441 0.03346300731 0)
(-0.01175005301 0.07998909653 -1.128221061e-22)
(-0.02920705989 0.1086389743 -6.191008964e-22)
(-0.05031741701 0.123223269 -3.755236646e-22)
(-0.07296312707 0.1269095782 0)
(-0.09598954134 0.1219254545 4.11938518e-22)
(-0.1185272762 0.1096347781 1.260893177e-22)
(-0.1398145608 0.09078240078 -5.581727979e-24)
(-0.1590220677 0.06581390474 5.554101425e-24)
(-0.1751460099 0.03520881591 0)
(-0.1869559077 -0.0001967114641 2.912087243e-23)
(-0.1930171762 -0.03889747974 4.695728211e-24)
(-0.1917809065 -0.07843879824 -1.076771451e-22)
(-0.1817873645 -0.1151864334 8.003842179e-23)
(-0.1620569726 -0.1442598326 -2.419672162e-22)
(-0.1327061408 -0.1598547491 0)
(-0.09577883742 -0.156311186 0)
(-0.05601630355 -0.1302980285 0)
(-0.02147858022 -0.08381130304 0)
(-0.001500383438 -0.02665514916 5.571966692e-22)
(-0.0002873907627 0.0401607365 0)
(-0.01169359287 0.0954360175 -3.492946036e-22)
(-0.02924437179 0.1294072328 8.932656173e-22)
(-0.05060945212 0.1469297755 3.617111199e-22)
(-0.07370079588 0.151974731 0)
(-0.0974514716 0.147275677 -3.86248733e-22)
(-0.1211069363 0.1344191012 -3.174386223e-23)
(-0.1440324252 0.1141392686 3.333068026e-22)
(-0.1655142662 0.08670003578 1.769456279e-22)
(-0.184624793 0.05229123782 -4.060112923e-23)
(-0.2001325218 0.01141719663 1.656820461e-23)
(-0.2104621858 -0.03471417783 -8.26513707e-24)
(-0.2137207955 -0.08376554762 3.371820986e-22)
(-0.2078214939 -0.1318755268 0)
(-0.1908238001 -0.1732754929 2.420841153e-22)
(-0.1616335254 -0.2002592144 5.774546495e-24)
(-0.1211662298 -0.2040120529 -5.860662064e-24)
(-0.07384987173 -0.1772118986 1.548370567e-22)
(-0.02971785641 -0.1188641702 -5.435222839e-24)
(-0.002179543851 -0.04005396735 0)
(-0.0002117210904 0.04671635798 0)
(-0.01125001205 0.1105497123 0)
(-0.02815624386 0.1497353663 -5.022686969e-22)
(-0.04874478866 0.1701516141 -1.880975461e-23)
(-0.07100085782 0.1766255735 2.038355962e-23)
(-0.09399450257 0.1724525279 -2.014288728e-23)
(-0.1171434146 0.1594870023 -2.316860702e-23)
(-0.1400179332 0.1384804436 -3.029789891e-22)
(-0.1621328712 0.1095160406 6.698607243e-23)
(-0.1827958862 0.07245187212 4.513133228e-23)
(-0.200983539 0.02734932209 -4.577676126e-23)
(-0.21522701 -0.02508691608 0)
(-0.223556204 -0.08298342839 -7.839504627e-23)
(-0.2234631997 -0.1427256286 0)
(-0.2120679196 -0.1981819693 -3.739522736e-22)
(-0.1867434284 -0.240077243 5.244877171e-22)
(-0.1464438043 -0.2560772165 0)
(-0.09394565648 -0.2331208418 -1.493919045e-22)
(-0.04021999888 -0.1639612911 1.937472944e-22)
(-0.003201098941 -0.05861060491 -3.411452717e-22)
(-0.0002015421596 0.05297581051 0)
(-0.01067262448 0.1248171409 9.182793867e-22)
(-0.02628447727 0.1687423263 -2.440662931e-23)
(-0.0450110921 0.1916453696 9.193265108e-22)
(-0.06494599159 0.1992919659 -2.512064115e-23)
(-0.08536630419 0.1956103107 2.838821247e-23)
(-0.105930586 0.1827885907 -2.812907516e-23)
(-0.1264924426 0.1616582895 -1.660906266e-23)
(-0.1468997115 0.1321762023 -5.260193496e-22)
(-0.1668458454 0.09389647088 -8.906570031e-24)
(-0.1857303343 0.04640579645 9.660138196e-24)
(-0.202478201 -0.01023778948 3.313060986e-22)
(-0.2154154914 -0.07499812507 -5.820704502e-22)
(-0.2220209956 -0.1450310892 0)
(-0.2188032252 -0.2146759541 8.887249595e-22)
(-0.2016257566 -0.2740015251 -4.940814457e-22)
(-0.166863914 -0.3075810752 -1.572199606e-23)
(-0.1140219993 -0.2953810797 0)
(-0.05288481208 -0.2195801748 -1.890107939e-22)
(-0.004749186927 -0.08377274723 3.360511822e-22)
(-0.0003641999361 0.05902314178 1.550998802e-23)
(-0.01049574966 0.1379880603 -8.764125036e-22)
(-0.02441391675 0.1856802871 -1.157051469e-21)
(-0.04026727635 0.2101383391 -8.628918526e-22)
(-0.05630733755 0.2182347598 0)
(-0.07214861508 0.2146189139 3.513782397e-23)
(-0.08779227284 0.20187911 -7.294820494e-23)
(-0.1034563421 0.1810005075 5.867849601e-23)
(-0.119398456 0.1518997034 3.02134858e-22)
(-0.1357932281 0.1139150664 -1.128189847e-23)
(-0.1526083086 0.06621428474 0)
(-0.1694522144 0.008177258837 -3.603911303e-22)
(-0.1852761333 -0.06015980632 7.515634068e-22)
(-0.1980449177 -0.1372746193 8.83166569e-22)
(-0.20435468 -0.2189260977 -5.296590455e-22)
(-0.1990977986 -0.295971192 5.162653474e-22)
(-0.176060553 -0.3514071535 1.07820985e-23)
(-0.1300890683 -0.3584149748 -1.09552452e-23)
(-0.06688803039 -0.2843275672 -8.216077693e-23)
(-0.007083319028 -0.1169964056 0)
(-0.0009095792876 0.06540038667 -1.911475207e-23)
(-0.01167593141 0.1502815648 -1.326958222e-21)
(-0.02388885148 0.2000658482 1.094230312e-21)
(-0.03601345197 0.2244215756 6.734892643e-22)
(-0.04657315058 0.231658707 6.014598954e-22)
(-0.05577046128 0.2272392694 6.643921493e-22)
(-0.06411254437 0.2141774136 -4.458654352e-23)
(-0.07227571179 0.1936493948 -3.461321034e-22)
(-0.08096983128 0.165602819 2.152153127e-22)
(-0.09087202921 0.1292707504 0)
(-0.1025548532 0.08353086193 0)
(-0.1163623227 0.02720016046 2.655387828e-22)
(-0.1321590588 -0.04061999699 8.194330673e-23)
(-0.1489253264 -0.1200127621 -2.821607e-22)
(-0.1641285097 -0.2089299966 -5.411249186e-23)
(-0.1727878258 -0.3006991739 1.301950935e-22)
(-0.1670311733 -0.3793328275 -3.400466824e-22)
(-0.1365292651 -0.4136451112 -1.59421025e-23)
(-0.08018250593 -0.3538325442 8.204849332e-23)
(-0.01050762267 -0.1594130201 -6.032233918e-22)
(-0.002260500187 0.07348881521 0)
(-0.01580357348 0.162652119 2.145863385e-21)
(-0.0266504635 0.2117903871 0)
(-0.03422345573 0.2333946269 -1.351800913e-21)
(-0.03759406475 0.237776584 6.184062213e-23)
(-0.0379969492 0.231255268 -6.193061329e-22)
(-0.03668276849 0.2171898395 -4.756262123e-22)
(-0.03489048193 0.1968934158 8.301217301e-22)
(-0.03378850322 0.1703342321 -1.885689855e-22)
(-0.03449889037 0.1367221258 0)
(-0.03811585204 0.0947967735 0)
(-0.04565004541 0.04304291571 2.410618613e-23)
(-0.05790815804 -0.0201377561 -6.007178385e-22)
(-0.07514609169 -0.09620644508 -4.309551482e-22)
(-0.09645184395 -0.1855555617 4.63784562e-22)
(-0.1183463393 -0.2853567222 -6.488697744e-22)
(-0.1332715957 -0.3838385957 9.119908965e-23)
(-0.1265351327 -0.4504358102 2.937717521e-23)
(-0.08899155254 -0.4198535772 5.66047849e-22)
(-0.01526917998 -0.2111719397 6.02086652e-22)
(-0.005180900949 0.08598044951 0)
(-0.02525552429 0.1766290816 1.465580092e-22)
(-0.03483411987 0.2205960935 -4.917122227e-23)
(-0.03640020344 0.2354858592 7.642893121e-22)
(-0.03018491812 0.2343405984 -7.005343102e-22)
(-0.01916590111 0.2241603214 4.746458919e-23)
(-0.005615269827 0.2083525356 -1.01860601e-22)
(0.008569479735 0.1881240823 -3.389873793e-22)
(0.02179872927 0.1633911233 2.062814967e-22)
(0.03262768351 0.13332429 0)
(0.03958445914 0.09664089458 0)
(0.04117001373 0.0517406072 -2.902658702e-22)
(0.03578472796 -0.003255351325 0)
(0.02198174647 -0.07058356259 -5.51217032e-22)
(-0.001264934804 -0.152573509 -1.492370423e-23)
(-0.03310477359 -0.2505949474 2.559719702e-23)
(-0.06909241797 -0.3599341153 2.203107551e-22)
(-0.09227830919 -0.4575424171 4.788307311e-24)
(-0.08718091513 -0.4698129015 -5.789449237e-22)
(-0.02103127315 -0.2698972036 0)
(-0.01111631606 0.1085974967 0)
(-0.04248903243 0.1947151501 -8.848444125e-22)
(-0.04795532427 0.2258195141 -5.411020135e-22)
(-0.03919541845 0.2282135053 4.543797762e-22)
(-0.01877838493 0.2182327592 -1.709984573e-24)
(0.007664212463 0.2028219862 -4.561028721e-23)
(0.03667981881 0.1847619397 5.696656023e-22)
(0.0658298625 0.1647117996 -2.766879446e-23)
(0.09327118282 0.1423128134 -2.06977381e-22)
(0.1173890374 0.1166275054 3.142202461e-23)
(0.1365460521 0.08641146326 -3.425906163e-23)
(0.1489668195 0.05017672298 -3.69058336e-23)
(0.1525274823 0.006159203114 3.205624014e-22)
(0.1449366196 -0.0479612354 6.11958742e-22)
(0.1235159068 -0.1153052609 -5.101153058e-22)
(0.08633527465 -0.2004195411 -1.616042204e-22)
(0.03199084064 -0.3067806405 1.531323945e-22)
(-0.02362126894 -0.4239836956 7.293674242e-23)
(-0.06492414571 -0.4871612573 1.913294753e-21)
(-0.02509971912 -0.3291544576 2.954995018e-21)
(-0.02004680395 0.1460727456 -4.390196482e-23)
(-0.06416406857 0.2112955829 4.417369164e-23)
(-0.05070232651 0.2177300318 1.000185148e-21)
(-0.01934101305 0.2014679707 -8.270536137e-24)
(0.02414459 0.1809075846 0)
(0.07154114309 0.1606933024 4.363701122e-23)
(0.1190702491 0.1416495232 -2.27384132e-22)
(0.1644766327 0.1233181654 -9.027913925e-23)
(0.2062250117 0.1048117239 3.680718232e-23)
(0.2429641999 0.08507140624 -1.701649412e-23)
(0.273220662 0.06296149114 3.429959458e-23)
(0.2952535251 0.03726295865 -6.59265986e-23)
(0.3066970312 0.006535091241 -9.303883927e-23)
(0.304973768 -0.0308776781 1.517038077e-22)
(0.2863935733 -0.077862891 0)
(0.2470567671 -0.1399300239 1.505593243e-22)
(0.18109219 -0.2266299692 2.560015818e-22)
(0.09604447731 -0.3443894872 0)
(-0.006697628744 -0.4552210137 -3.67563999e-21)
(-0.01922408413 -0.3777537514 -2.892624375e-21)
(-0.02591951174 0.2276828853 -9.514196845e-22)
(-0.03998324378 0.2238216562 -1.388973227e-22)
(0.03656136634 0.1810585325 -2.335573421e-22)
(0.1090502912 0.1451058987 -1.193738062e-22)
(0.1817190922 0.1172445347 -4.295805829e-23)
(0.2490090315 0.09627906066 9.783119178e-23)
(0.3100336157 0.08002509078 -1.408583813e-22)
(0.3646208692 0.06656814429 1.297168926e-22)
(0.4126251801 0.0544917853 -8.620082806e-23)
(0.4536249603 0.04270895112 1.132188991e-25)
(0.4867878067 0.03032299065 1.527736441e-23)
(0.5107450783 0.01652902814 7.997178606e-23)
(0.5236596974 0.0005365246174 -1.811117691e-22)
(0.5231797645 -0.01863372243 -1.617140212e-22)
(0.5052323147 -0.04286478136 -4.262914369e-23)
(0.4658714888 -0.07633230664 0)
(0.3952696356 -0.1286089367 -1.846487467e-22)
(0.291607094 -0.2208468092 8.148773573e-22)
(0.119745504 -0.3525016897 1.631603243e-21)
(0.02670547094 -0.3775497969 2.172656735e-21)
(0.2142894484 0.1347447223 9.864980938e-22)
(0.277631123 0.09870503745 0)
(0.4316592339 0.05810414898 -2.594312753e-22)
(0.5304749365 0.03846264887 -1.741658613e-22)
(0.6016965711 0.02623418956 0)
(0.6571198845 0.01831923289 -6.009051634e-23)
(0.7015213417 0.01313600691 6.377960522e-23)
(0.7376042259 0.00954212546 -1.800146077e-23)
(0.7669368144 0.006804463584 2.88595849e-23)
(0.7902106411 0.004464744709 2.315022645e-23)
(0.8074554761 0.002221321316 0)
(0.8182621151 -0.0001500731097 -2.873022571e-23)
(0.8216499569 -0.002723846295 0)
(0.816239411 -0.005712667123 2.738131237e-23)
(0.799133311 -0.009611381902 1.421672666e-23)
(0.7679986339 -0.01500255079 -5.79942291e-23)
(0.7106555761 -0.02502519992 -2.535666824e-22)
(0.6235183983 -0.04204285455 -6.918109693e-22)
(0.4230091018 -0.0918296813 0)
(0.2705674687 -0.1524021843 -2.11948458e-21)
)


// ************************************************************************* //
