/*--------------------------------*- C++ -*----------------------------------*\
  =========                 |
  \\      /  F ield         | OpenFOAM: The Open Source CFD Toolbox
   \\    /   O peration     | Website:  https://openfoam.org
    \\  /    A nd           | Version:  13
     \\/     M anipulation  |
\*---------------------------------------------------------------------------*/
FoamFile
{
    format      ascii;
    class       scalarField;
    location    "14.13";
    object      p_all;
}
// * * * * * * * * * * * * * * * * * * * * * * * * * * * * * * * * * * * * * //


400
(
8.003202093e-07
-0.0005423185238
-0.0008807026338
-0.001004966832
-0.000923482451
-0.0006685082387
-0.0002774963173
0.0002136897871
0.0007686772575
0.001347181115
0.001903753765
0.002385823674
0.002738213697
0.002907984343
0.002853614329
0.002556912735
0.002037837535
0.001353213255
0.0006981076162
0.0001048022889
0.0005849706994
7.989452192e-06
-0.0003520709484
-0.0004911298461
-0.0004574496787
-0.0002775574731
1.91880163e-05
0.0004035162734
0.0008440659532
0.00130371994
0.001742840312
0.002110451355
0.002356349545
0.002433310577
0.002307445934
0.001969761554
0.00144655442
0.000802356858
0.0002083813938
-0.0004520559831
0.0009456375044
0.0003059810951
-9.13476811e-05
-0.0002343030911
-0.0002247663524
-9.275874112e-05
0.000137623605
0.000444995067
0.0008056035384
0.001187890342
0.001558737459
0.001865636075
0.00205845604
0.002088592716
0.001920913867
0.001545402785
0.0009856402826
0.0002977063833
-0.0003971317973
-0.001230737029
0.0009671991772
0.0002542439148
-0.0001917013179
-0.0003403561639
-0.0003456555616
-0.0002443370519
-5.719611441e-05
0.0002029402979
0.0005222992338
0.0008802176475
0.001236746402
0.001548025641
0.001753815457
0.001793849976
0.001619366284
0.00120688201
0.0005679239503
-0.000251150708
-0.001161964598
-0.002307359801
0.0004726350629
-0.0002875529581
-0.0007619356574
-0.0009096271021
-0.0009259098995
-0.0008520125527
-0.0007032159217
-0.0004804030578
-0.0001836725543
0.0001773991723
0.0005725189147
0.0009534721466
0.001249415414
0.001379831198
0.001268599449
0.0008626407056
0.0001478088847
-0.0008440767295
-0.002048544009
-0.003570395635
-0.0006886676894
-0.001464496167
-0.001948995786
-0.002095517187
-0.002132444987
-0.002102053172
-0.002009967305
-0.001839679073
-0.001570588577
-0.001192761095
-0.0007218583911
-0.0002023303659
0.0002835843887
0.0006266235749
0.0007054776518
0.0004125137691
-0.0003175867962
-0.001483044501
-0.003047434389
-0.005046576843
-0.002653383486
-0.003410981151
-0.003898360325
-0.004058439123
-0.00414840163
-0.004208260364
-0.004229101785
-0.004169919895
-0.003979233357
-0.003614034561
-0.003060235452
-0.00234355914
-0.001549586844
-0.0008199491774
-0.0003419206879
-0.0003154350955
-0.000902798964
-0.002170659534
-0.00413610139
-0.006722474989
-0.005530598468
-0.006242663937
-0.006736547307
-0.006944125974
-0.007148056445
-0.007383964291
-0.007624286008
-0.007795994477
-0.007804037536
-0.0075532093
-0.006974306046
-0.006044172124
-0.004829782983
-0.003494861848
-0.002309021364
-0.001614009528
-0.001744614757
-0.002914603934
-0.005262053942
-0.008546192925
-0.009390388466
-0.01003542362
-0.01054797737
-0.01085253411
-0.0112560285
-0.01179061326
-0.01240879839
-0.01299993828
-0.01341269213
-0.01347632852
-0.01302802145
-0.01196508331
-0.01027552922
-0.008112006948
-0.005822369265
-0.003938663451
-0.003074912288
-0.00373064287
-0.006310400446
-0.01036657761
-0.01424886839
-0.01480833501
-0.01535118953
-0.01580142486
-0.01649485226
-0.01746628369
-0.01865203329
-0.0199029481
-0.02100244847
-0.0216838692
-0.02165894574
-0.0206720616
-0.01857698537
-0.01543669589
-0.01162761975
-0.007887352963
-0.005225188213
-0.00463476693
-0.007056464936
-0.01184776571
-0.02006247054
-0.02051510988
-0.02108164223
-0.02169373142
-0.02273269538
-0.02424943641
-0.02617392873
-0.02832387383
-0.03041607458
-0.03207547183
-0.03285770321
-0.03230180655
-0.03005040447
-0.02596076558
-0.02032675682
-0.01402852662
-0.008538016677
-0.005589419155
-0.007088693807
-0.01233321808
-0.02674253904
-0.02705275629
-0.02759059467
-0.02830115091
-0.02965017723
-0.03172711989
-0.03447072805
-0.03767551512
-0.04099716655
-0.0439518708
-0.04592664096
-0.04621872585
-0.04421098349
-0.03942373844
-0.03190606931
-0.02250848386
-0.01310149582
-0.006342188969
-0.005677576275
-0.01063742274
-0.03420338989
-0.03429332921
-0.03466398511
-0.03527071297
-0.03674178629
-0.03923725366
-0.0427211257
-0.04697328448
-0.05159427889
-0.05599868844
-0.05941521793
-0.06093003902
-0.0595319441
-0.05442640755
-0.04523331198
-0.03251518786
-0.01829229284
-0.006106712478
-0.001551163786
-0.004760336245
-0.04246758818
-0.04214564003
-0.04206407994
-0.04215922464
-0.04336347845
-0.04594545673
-0.0499038661
-0.05500131204
-0.06077719612
-0.06654852284
-0.07139317151
-0.07417654894
-0.07361430926
-0.06847860787
-0.05789815905
-0.0419084624
-0.02230534312
-0.003139131542
0.007449551481
0.008430298416
-0.05186533859
-0.05062620939
-0.04954906636
-0.04844967408
-0.04878816432
-0.05096375136
-0.0549926924
-0.06059557756
-0.06721788429
-0.07406643514
-0.08006532193
-0.08387562934
-0.08395525595
-0.07868969622
-0.06672073377
-0.0474205698
-0.02203862724
0.005580573647
0.02478442394
0.03358314353
-0.0635176182
-0.06006260306
-0.0569811649
-0.05365313415
-0.05234921215
-0.05354810273
-0.05720498356
-0.06296850728
-0.07007157989
-0.07760612674
-0.08430746242
-0.08862280335
-0.08876960776
-0.08274128636
-0.06878275252
-0.04557342445
-0.01371895626
0.02444703062
0.05556608385
0.07737476139
-0.08006523691
-0.07096667645
-0.0640279476
-0.05708211535
-0.05334620995
-0.05311520822
-0.05613502338
-0.06176698516
-0.06909432831
-0.07694830058
-0.08385381313
-0.08801664644
-0.0873751363
-0.07959399404
-0.06245281139
-0.03405086095
0.005534388196
0.05859865543
0.1058115077
0.1480533393
-0.1104122028
-0.08577313725
-0.07154420443
-0.05892138248
-0.05186308792
-0.04981482162
-0.05200836478
-0.05738805292
-0.06471930047
-0.07256197116
-0.07920260653
-0.08260003483
-0.08044482795
-0.06984648221
-0.04822808748
-0.01274692065
0.03819366791
0.1070921548
0.1779381477
0.2564341116
-0.1683665648
-0.09984912859
-0.07497211035
-0.05477508809
-0.04459352559
-0.04154113176
-0.0436458523
-0.04928150198
-0.05689550762
-0.06484003912
-0.07123664755
-0.07387428251
-0.07005211595
-0.05697734243
-0.0310283856
0.01190051705
0.07555187061
0.1663512982
0.2761077796
0.4376532675
-0.3983594861
-0.1380458521
-0.07494127074
-0.04707518373
-0.03353499732
-0.02999809766
-0.03274304714
-0.03917746896
-0.04744866725
-0.05581808416
-0.06238199736
-0.06492769004
-0.06092014661
-0.04692894547
-0.01874954077
0.02991464545
0.1069155543
0.2333790793
0.4198299736
0.7799750443
)


// ************************************************************************* //
