/*--------------------------------*- C++ -*----------------------------------*\
  =========                 |
  \\      /  F ield         | OpenFOAM: The Open Source CFD Toolbox
   \\    /   O peration     | Website:  https://openfoam.org
    \\  /    A nd           | Version:  13
     \\/     M anipulation  |
\*---------------------------------------------------------------------------*/
FoamFile
{
    format      ascii;
    class       vectorField;
    location    "29.3";
    object      U_all;
}
// * * * * * * * * * * * * * * * * * * * * * * * * * * * * * * * * * * * * * //


400
(
(1.094951843e-05 -3.786919612e-05 0)
(-0.0006661529654 0.0004130337103 -1.547697478e-23)
(-0.002185380324 0.0009203867311 0)
(-0.004047815257 0.001312770645 0)
(-0.005971830784 0.001535054027 6.840246602e-25)
(-0.007762729895 0.001569836068 4.152134277e-24)
(-0.009284480173 0.001423553269 -7.357221191e-24)
(-0.01043586898 0.001119715624 7.547316965e-24)
(-0.01113673935 0.0006960783903 -2.096729103e-25)
(-0.01132703903 0.0002030771147 -3.99664277e-24)
(-0.01097170788 -0.000300230693 5.805762578e-24)
(-0.01007227527 -0.000747511145 -5.931287824e-23)
(-0.008679842507 -0.001075556439 -6.554437112e-23)
(-0.006902831623 -0.001233038612 -7.786103983e-23)
(-0.004910731945 -0.001192634685 4.574707743e-24)
(-0.002927237985 -0.0009619195751 -4.139089056e-24)
(-0.001205312896 -0.0005912140387 -1.999514961e-22)
(-1.908349889e-05 -0.0001698876231 0)
(0.0005181430377 0.0001720800385 1.512694549e-25)
(0.0002227484058 0.0003059753717 -2.592770526e-24)
(-0.0002633882963 0.0008289114785 1.385839341e-25)
(-0.002703315715 0.003383793037 1.55743284e-23)
(-0.006907241272 0.005604441806 1.549737063e-25)
(-0.01195223483 0.007008141533 -8.48434207e-25)
(-0.0171349105 0.007553709519 1.16050175e-24)
(-0.02197517795 0.007294139307 1.305163676e-23)
(-0.02611055186 0.006321845956 1.405619137e-24)
(-0.02926541795 0.004754161507 -7.29859123e-24)
(-0.03122649374 0.002737139328 1.016076719e-23)
(-0.03184178001 0.000452412809 4.512300898e-24)
(-0.03102740406 -0.001884119513 -6.32122122e-24)
(-0.02879298665 -0.004022990477 2.961505215e-24)
(-0.02527124275 -0.005708307782 3.896440281e-23)
(-0.02073185052 -0.006707362501 -1.955340479e-24)
(-0.01558956943 -0.006854100402 3.75564296e-24)
(-0.01038511211 -0.006097438155 -9.744960955e-23)
(-0.005730274787 -0.004546177307 9.641659838e-23)
(-0.002233380601 -0.002507425405 -3.967548374e-25)
(-0.0001817875921 -0.0005023880918 4.067610514e-25)
(8.343331594e-05 0.0006099136207 0)
(-0.0004188262442 0.002935037785 -2.913243846e-25)
(-0.004647850957 0.00880392126 1.70580749e-23)
(-0.01137187392 0.0132402924 -8.248421183e-24)
(-0.01932713034 0.01579189193 -2.069919951e-25)
(-0.02747388146 0.01652985154 2.033479948e-25)
(-0.03511748605 0.01564428379 7.370543762e-27)
(-0.04171309382 0.01335987176 -1.23756371e-24)
(-0.04683532939 0.009919705081 -4.562348332e-25)
(-0.05014948888 0.005602411073 -1.063936942e-23)
(-0.05141192628 0.0007444430833 0)
(-0.05047756695 -0.004241718043 0)
(-0.04733674172 -0.008887093157 2.671930498e-23)
(-0.04215901466 -0.01268165643 2.813899042e-23)
(-0.03531417325 -0.01513593449 -1.646747386e-24)
(-0.02738982546 -0.01586178957 4.847838956e-23)
(-0.01916997929 -0.01467326067 9.423145062e-23)
(-0.01156087271 -0.01169355679 3.979712939e-23)
(-0.005465405015 -0.007450731179 4.154833481e-25)
(-0.001451103736 -0.002936057528 1.067123604e-25)
(-9.072760651e-05 0.0002258592344 0)
(-0.0005024613199 0.006045286091 -4.252440071e-23)
(-0.006402688404 0.01637059137 -1.696026657e-23)
(-0.01553488848 0.02355910582 8.175298468e-24)
(-0.02627888619 0.02744136765 0)
(-0.03728713518 0.02832076703 0)
(-0.04768995501 0.0265875009 0)
(-0.05679614104 0.02263102976 -4.522354107e-26)
(-0.06405330449 0.01683598464 -2.127296859e-24)
(-0.06901025816 0.009622149 0)
(-0.07130772777 0.001491090102 1.637674061e-24)
(-0.0707080149 -0.006936396054 2.80415113e-25)
(-0.06712992568 -0.01493002584 -2.812002677e-25)
(-0.06069865662 -0.02166708339 0)
(-0.05180718592 -0.02631584715 4.13514417e-23)
(-0.04114968125 -0.02816051109 -4.683493529e-23)
(-0.02971954673 -0.02677356059 -2.764004544e-23)
(-0.01873707953 -0.02221519631 -3.964921733e-23)
(-0.009487990984 -0.01521917168 7.79589251e-25)
(-0.002976872241 -0.007298193275 9.786049504e-23)
(-0.000231878989 -0.0008661851189 0)
(-0.0005316088895 0.01009491662 4.273122953e-23)
(-0.007983521441 0.02595194265 4.779546004e-25)
(-0.01939669963 0.0364284801 -4.670382975e-25)
(-0.03282353044 0.04185481977 0)
(-0.04664647863 0.04289447373 7.777334285e-25)
(-0.05985178059 0.04020040905 -7.669498567e-25)
(-0.07163231339 0.03434716168 3.670539898e-23)
(-0.08132685322 0.02585648189 1.846371073e-23)
(-0.08836532091 0.01527293107 6.23394856e-24)
(-0.09225400447 0.003246202423 -1.639581976e-24)
(-0.09260313435 -0.00940767687 0)
(-0.08917494483 -0.02167454178 4.373482e-25)
(-0.08195925745 -0.03236715463 1.009977139e-23)
(-0.07126841089 -0.04021217967 -4.35129533e-23)
(-0.05781984553 -0.04402015104 1.934112125e-24)
(-0.0427855887 -0.04294802496 4.221291615e-23)
(-0.02775435527 -0.03683327184 -3.848214022e-25)
(-0.01455054987 -0.02652709715 0)
(-0.004859439803 -0.01408451005 5.436499952e-23)
(-0.0003641459651 -0.002846962047 -2.564629279e-22)
(-0.0005272165067 0.01499913326 9.837771662e-23)
(-0.00937784317 0.03738986778 -4.904901463e-25)
(-0.0228816295 0.05170174964 0)
(-0.03883010466 0.05894130234 0)
(-0.0553861068 0.06025523236 -8.730262541e-23)
(-0.07142818879 0.05661856187 -8.497282777e-23)
(-0.08606586786 0.04880134148 -4.065622689e-23)
(-0.09855011694 0.03743958664 -1.503483139e-23)
(-0.1081937478 0.02315976233 -5.364556144e-24)
(-0.1143436796 0.006709745109 -8.172552432e-24)
(-0.1164038474 -0.01093272156 6.598510579e-24)
(-0.1138930147 -0.02848913637 8.821912551e-24)
(-0.1065480465 -0.04437006433 -1.892279935e-23)
(-0.09446748447 -0.05675289383 4.587837141e-24)
(-0.0782681242 -0.06378254191 0)
(-0.05922862827 -0.06393455487 -1.574963885e-23)
(-0.03933960837 -0.05653784979 -2.363841454e-26)
(-0.02114177718 -0.04235789054 0)
(-0.007318664717 -0.0239822068 -1.520205822e-22)
(-0.0005216126031 -0.005925538111 6.055361454e-22)
(-0.000499078568 0.02064555359 -9.770759131e-23)
(-0.01052942657 0.05045391908 2.831596307e-22)
(-0.025829373 0.06912449962 1.526670362e-22)
(-0.04402104616 0.07849190509 3.61869327e-24)
(-0.06310692062 0.08029411236 -7.319243311e-23)
(-0.081903458 0.07587986036 9.04162053e-23)
(-0.09947694254 0.06621646566 -3.589624515e-24)
(-0.1150219673 0.0520166667 -1.728865534e-24)
(-0.1277510993 0.03392347453 2.523703205e-24)
(-0.1368464221 0.01270239836 7.380338759e-24)
(-0.1414702239 -0.01058758908 -6.498405062e-24)
(-0.1408240278 -0.03445986321 -9.782864071e-24)
(-0.1342738714 -0.05692722271 -3.261768461e-23)
(-0.1215443885 -0.07553259695 -3.658339424e-23)
(-0.1029667415 -0.08754202156 5.639575719e-25)
(-0.07976330097 -0.09039155129 0)
(-0.0542665574 -0.08244468691 0)
(-0.02987146247 -0.06397705604 -2.905373532e-24)
(-0.01066279811 -0.03798778823 2.96980744e-24)
(-0.0007350885459 -0.01050086422 1.027863993e-22)
(-0.0004479148569 0.02687227401 0)
(-0.01134915821 0.06480701131 2.001959016e-22)
(-0.02801581392 0.08829542537 8.962027503e-23)
(-0.04799826416 0.1001226831 0)
(-0.06920558422 0.1027068729 1.569694123e-22)
(-0.09044318053 0.09781510352 0)
(-0.1107825191 0.086610498 -1.428280136e-22)
(-0.1294086522 0.0698391548 6.514934657e-24)
(-0.1454763889 0.04808217458 0)
(-0.1580343813 0.02201761362 0)
(-0.1660125455 -0.007334185551 -1.374243643e-24)
(-0.1682663803 -0.03838796739 -9.31510523e-25)
(-0.1637057429 -0.06883918571 1.491761216e-22)
(-0.1515202223 -0.09558208596 -4.70462655e-23)
(-0.1315128983 -0.1148291512 -2.560302753e-24)
(-0.1045591682 -0.1225696491 1.5340619e-24)
(-0.07309319105 -0.1155511978 -1.558260633e-24)
(-0.04135003819 -0.09283071393 0)
(-0.01525223523 -0.05740742895 3.203448587e-24)
(-0.001044302793 -0.01714708221 -1.012819914e-21)
(-0.0003744675521 0.03346277059 0)
(-0.01175000576 0.07998853917 -1.128099238e-22)
(-0.02920693725 0.1086382383 -6.190746899e-22)
(-0.05031720385 0.1232224711 -3.755101109e-22)
(-0.07296282194 0.1269088099 0)
(-0.09598915168 0.1219247842 4.119239131e-22)
(-0.1185268155 0.109634254 1.260829434e-22)
(-0.1398140454 0.09078205334 -5.581492405e-24)
(-0.1590215149 0.06581374939 5.553867017e-24)
(-0.1751454363 0.03520885524 0)
(-0.1869553285 -0.0001964858566 2.91198081e-23)
(-0.193016606 -0.03889708547 4.695477984e-24)
(-0.1917803605 -0.0784382622 -1.076693755e-22)
(-0.1817868584 -0.1151857914 8.003105927e-23)
(-0.1620565245 -0.1442591305 -2.419512996e-22)
(-0.1327057704 -0.159854045 0)
(-0.09577856365 -0.1563105491 0)
(-0.05601613723 -0.1302975317 0)
(-0.02147851258 -0.08381100333 0)
(-0.001500377193 -0.02665506114 5.571644413e-22)
(-0.0002873940345 0.0401604791 0)
(-0.01169356906 0.09543541035 -3.492815627e-22)
(-0.02924430153 0.1294064305 8.932379605e-22)
(-0.05060932131 0.1469289058 3.616980002e-22)
(-0.07370060115 0.1519738945 0)
(-0.09745121771 0.1472749482 -3.862350279e-22)
(-0.1211066337 0.1344185314 -3.174290584e-23)
(-0.144032087 0.1141388891 3.332983109e-22)
(-0.1655139056 0.08669986109 1.769411872e-22)
(-0.1846244207 0.05229126831 -4.060013854e-23)
(-0.2001321456 0.01141742164 1.656811569e-23)
(-0.2104618112 -0.03471377758 -8.264858944e-24)
(-0.2137204264 -0.08376499785 3.371726149e-22)
(-0.2078211355 -0.131874859 0)
(-0.1908234619 -0.1732747465 2.42068191e-22)
(-0.1616332236 -0.2002584415 5.77405064e-24)
(-0.1211659868 -0.2040113228 -5.86015882e-24)
(-0.07384971046 -0.1772112972 1.548205399e-22)
(-0.02971778433 -0.1188637824 -5.434718808e-24)
(-0.002179536754 -0.04005384103 0)
(-0.0002117268369 0.04671609566 0)
(-0.01125001703 0.1105490867 0)
(-0.02815623821 0.1497345344 -5.022549738e-22)
(-0.04874476062 0.17015071 -1.880929988e-23)
(-0.0710008024 0.1766247045 2.038307361e-23)
(-0.09399442164 0.1724517736 -2.0142407e-23)
(-0.1171433152 0.1594864163 -2.316808202e-23)
(-0.1400178244 0.1384800568 -3.029712413e-22)
(-0.1621327615 0.1095158647 6.698583256e-23)
(-0.1827957805 0.07245190316 4.513020725e-23)
(-0.2009834372 0.0273495447 -4.577560542e-23)
(-0.2152269077 -0.02508652434 0)
(-0.2235560927 -0.08298289449 -7.839068573e-23)
(-0.2234630709 -0.1427249792 0)
(-0.2120677693 -0.1981812337 -3.739426019e-22)
(-0.1867432625 -0.24007646 5.244696629e-22)
(-0.1464436422 -0.2560764447 0)
(-0.09394552853 -0.2331201691 -1.493758945e-22)
(-0.04021993155 -0.1639608266 1.937307076e-22)
(-0.003201091349 -0.05861043938 -3.411287326e-22)
(-0.0002015502243 0.05297556028 0)
(-0.01067266042 0.1248165326 9.182630793e-22)
(-0.02628454228 0.1687415076 -2.440615163e-23)
(-0.04501117748 0.1916444744 9.193102787e-22)
(-0.06494609076 0.1992911054 -2.512015367e-23)
(-0.08536641545 0.1956095681 2.838768338e-23)
(-0.1059307118 0.1827880214 -2.81285509e-23)
(-0.126492587 0.1616579233 -1.660877612e-23)
(-0.1468998776 0.1321760468 -5.260105149e-22)
(-0.1668460319 0.09389651621 -8.906421904e-24)
(-0.1857305342 0.04640602012 9.659983628e-24)
(-0.2024784027 -0.01023741655 3.313016155e-22)
(-0.2154156762 -0.07499763022 -5.820610123e-22)
(-0.2220211413 -0.1450304973 0)
(-0.2188033141 -0.2146752844 8.887066144e-22)
(-0.2016257799 -0.2740007989 -4.940644821e-22)
(-0.1668638803 -0.3075803303 -1.572144761e-23)
(-0.1140219374 -0.2953803908 0)
(-0.05288476269 -0.219579662 -1.889944855e-22)
(-0.004749179656 -0.08377254719 3.360349288e-22)
(-0.0003642096082 0.05902292042 1.550973585e-23)
(-0.01049581498 0.137987505 -8.763969557e-22)
(-0.02441405092 0.1856795255 -1.157034495e-21)
(-0.04026747422 0.2101374978 -8.62876613e-22)
(-0.05630759057 0.2182339495 0)
(-0.07214891664 0.2146182195 3.513728157e-23)
(-0.08779261876 0.2018785875 -7.294710395e-23)
(-0.1034567297 0.1810001858 5.867764453e-23)
(-0.1193988815 0.1518995861 3.02130294e-22)
(-0.1357936842 0.113915138 -1.128174866e-23)
(-0.1526087837 0.06621451572 0)
(-0.1694526897 0.008177613343 -3.603861782e-22)
(-0.1852765858 -0.06015936036 7.515543976e-22)
(-0.1980453213 -0.1372741075 8.831568264e-22)
(-0.2043550063 -0.2189255329 -5.296498262e-22)
(-0.1990980254 -0.295970579 5.162568402e-22)
(-0.1760606733 -0.3514065042 1.078158329e-23)
(-0.1300890987 -0.3584143373 -1.095472172e-23)
(-0.06688801392 -0.284327051 -8.217636868e-23)
(-0.007083313552 -0.1169961832 0)
(-0.0009095897367 0.06540020929 -1.911449549e-23)
(-0.01167602123 0.1502810952 -1.32694214e-21)
(-0.02388904561 0.2000651843 1.094214348e-21)
(-0.03601374932 0.2244208297 6.734807971e-22)
(-0.04657354038 0.2316579842 6.014523243e-22)
(-0.05577093056 0.227238653 6.643838123e-22)
(-0.06411307972 0.214176959 -4.45859817e-23)
(-0.07227630132 0.1936491308 -3.461281642e-22)
(-0.08097046269 0.1656027461 2.152130021e-22)
(-0.09087268811 0.12927085 0)
(-0.1025555241 0.0835311005 0)
(-0.116362987 0.02720049785 2.655365118e-22)
(-0.1321596951 -0.04061960002 8.194364335e-23)
(-0.1489259097 -0.1200123343 -2.821562836e-22)
(-0.1641290113 -0.2089295491 -5.411194776e-23)
(-0.172788217 -0.3006987023 1.30195354e-22)
(-0.1670314346 -0.3793323216 -3.40038641e-22)
(-0.1365293943 -0.4136445875 -1.594948782e-23)
(-0.0801825335 -0.3538320789 8.206406378e-23)
(-0.01050762106 -0.159412795 -6.032373382e-22)
(-0.00226051058 0.07348869324 0)
(-0.01580367958 0.1626517609 2.145838994e-21)
(-0.02665070037 0.211789854 0)
(-0.03422382689 0.2333940101 -1.351785253e-21)
(-0.03759455785 0.2377759776 6.184094905e-23)
(-0.03799754476 0.2312547495 -6.192983184e-22)
(-0.03668344189 0.2171894611 -4.756209567e-22)
(-0.03489121102 0.1968932101 8.30112643e-22)
(-0.0337892667 0.1703341949 -1.885669529e-22)
(-0.03449966552 0.1367222401 0)
(-0.03811662044 0.09479700648 0)
(-0.04565078982 0.04304322676 2.41063428e-23)
(-0.05790886369 -0.02013740685 -6.007129464e-22)
(-0.07514674169 -0.09620609227 -4.309514638e-22)
(-0.09645241775 -0.1855552197 4.637810341e-22)
(-0.1183468117 -0.2853563867 -6.48861581e-22)
(-0.1332719449 -0.3838382445 9.119767457e-23)
(-0.1265353386 -0.4504354388 2.938498665e-23)
(-0.0889916236 -0.4198532114 5.660539263e-22)
(-0.01526918398 -0.2111717369 6.021005722e-22)
(-0.005180909959 0.0859803883 0)
(-0.02525563311 0.1766288497 1.465582525e-22)
(-0.03483437116 0.2205957126 -4.917074276e-23)
(-0.03640060613 0.2354853945 7.642811365e-22)
(-0.03018546063 0.2343401277 -7.005265601e-22)
(-0.01916656044 0.2241599125 4.746408871e-23)
(-0.00561600732 0.2083522368 -1.018598363e-22)
(0.00856869122 0.1881239201 -3.389838375e-22)
(0.02179791525 0.1633911015 2.062796414e-22)
(0.03262687891 0.1333243947 0)
(0.03958368464 0.09664109785 0)
(0.04116928611 0.05174087254 -2.90263751e-22)
(0.03578405299 -0.003255063218 0)
(0.02198113256 -0.0705832794 -5.512136637e-22)
(-0.00126547715 -0.1525732525 -1.492326471e-23)
(-0.0331052301 -0.2505947193 2.559681568e-23)
(-0.06909278264 -0.3599338952 2.203041998e-22)
(-0.09227854793 -0.4575422023 4.788688265e-24)
(-0.0871810122 -0.469812661 -5.789514314e-22)
(-0.02103128326 -0.2698970467 0)
(-0.01111632096 0.1085974912 0)
(-0.0424891215 0.1947150404 -8.848370743e-22)
(-0.0479555443 0.2258192869 -5.410980433e-22)
(-0.03919578506 0.2282131977 4.543759837e-22)
(-0.01877889211 0.2182324297 -1.709993999e-24)
(0.007663586357 0.202821688 -4.560984827e-23)
(0.0366791093 0.1847617161 5.696598438e-22)
(0.06582910434 0.164711669 -2.766854007e-23)
(0.09327040989 0.142312789 -2.069755095e-22)
(0.1173882834 0.116627579 3.14217712e-23)
(0.1365453408 0.08641161519 -3.425881412e-23)
(0.1489661664 0.05017692592 -3.690560223e-23)
(0.1525269002 0.006159427185 3.205604493e-22)
(0.1449361123 -0.04796102018 6.119549907e-22)
(0.1235154692 -0.1153050765 -5.101118307e-22)
(0.08633491388 -0.2004193962 -1.616016567e-22)
(0.03199052529 -0.3067805283 1.531347621e-22)
(-0.02362149435 -0.4239835826 7.293708066e-23)
(-0.06492423739 -0.4871611289 1.91329931e-21)
(-0.02509973171 -0.3291543572 2.955000173e-21)
(-0.02004680082 0.1460727752 -4.390173837e-23)
(-0.06416410945 0.2112955641 4.417346384e-23)
(-0.0507024573 0.2177299326 1.000178363e-21)
(-0.01934125819 0.2014678041 -8.270255602e-24)
(0.02414422264 0.1809073863 0)
(0.0715406631 0.1606931104 4.363658719e-23)
(0.1190696835 0.1416493695 -2.273818916e-22)
(0.1644760132 0.1233180689 -9.027823577e-23)
(0.2062243722 0.1048116952 3.680683023e-23)
(0.2429635738 0.08507144309 -1.701636302e-23)
(0.2732200766 0.06296158232 3.429934678e-23)
(0.2952530029 0.03726308625 -6.592614732e-23)
(0.3066965764 0.006535234498 -9.303834004e-23)
(0.3049733843 -0.03087753988 1.517027108e-22)
(0.2863932609 -0.07786277616 0)
(0.2470565182 -0.1399299444 1.505564643e-22)
(0.1810919885 -0.226629933 2.560017993e-22)
(0.0960443268 -0.3443894427 0)
(-0.006697705683 -0.4552209662 -3.675647375e-21)
(-0.01922409669 -0.3777537074 -2.892629355e-21)
(-0.02591950255 0.2276829164 -9.514181685e-22)
(-0.03998322873 0.2238216779 -1.388966971e-22)
(0.03656135098 0.1810585141 -2.335556497e-22)
(0.1090502099 0.14510584 -1.193729279e-22)
(0.1817189238 0.1172444496 -4.295769564e-23)
(0.2490087706 0.09627897038 9.783006113e-23)
(0.310033274 0.08002501347 -1.408567724e-22)
(0.3646204693 0.06656809236 1.297155673e-22)
(0.41262475 0.05449176595 -8.620000791e-23)
(0.45362453 0.04270896477 1.132187718e-25)
(0.4867874029 0.03032303212 1.527725023e-23)
(0.5107447215 0.01652908844 7.997122666e-23)
(0.5236594028 0.000536588876 -1.811105477e-22)
(0.5231795396 -0.01863365985 -1.617129212e-22)
(0.5052321493 -0.0428647308 -4.26284716e-23)
(0.4658713722 -0.07633227485 0)
(0.3952695511 -0.1286089267 -1.846501624e-22)
(0.2916070305 -0.2208468063 8.148787705e-22)
(0.1197454656 -0.352501687 1.631605565e-21)
(0.02670546124 -0.3775497911 2.172657877e-21)
(0.2142894581 0.1347447317 9.864964077e-22)
(0.2776311533 0.09870504964 0)
(0.4316592678 0.05810415493 -2.59429746e-22)
(0.5304749509 0.03846264729 -1.741644468e-22)
(0.6016965463 0.02623418229 0)
(0.6571198111 0.01831922351 -6.008979315e-23)
(0.7015212226 0.0131359988 6.377882483e-23)
(0.7376040725 0.00954212099 -1.80012472e-23)
(0.7669366432 0.00680446416 2.885926023e-23)
(0.7902104702 0.004464750359 2.315000042e-23)
(0.8074553221 0.002221331012 0)
(0.81826199 -0.0001500609046 -2.873000781e-23)
(0.8216498676 -0.002723833466 0)
(0.816239359 -0.005712657448 2.738096255e-23)
(0.7991332886 -0.009611376209 1.421641999e-23)
(0.7679986313 -0.01500254926 -5.799452256e-23)
(0.7106555812 -0.02502520245 -2.535675099e-22)
(0.6235184017 -0.04204285751 -6.918120744e-22)
(0.4230091014 -0.09182968439 0)
(0.2705674678 -0.1524021857 -2.119485693e-21)
)


// ************************************************************************* //
