/*--------------------------------*- C++ -*----------------------------------*\
  =========                 |
  \\      /  F ield         | OpenFOAM: The Open Source CFD Toolbox
   \\    /   O peration     | Website:  https://openfoam.org
    \\  /    A nd           | Version:  13
     \\/     M anipulation  |
\*---------------------------------------------------------------------------*/
FoamFile
{
    format      ascii;
    class       vectorField;
    location    "44.9";
    object      U_all;
}
// * * * * * * * * * * * * * * * * * * * * * * * * * * * * * * * * * * * * * //


400
(
(1.10073648e-05 -3.783087289e-05 0)
(-0.0006660936305 0.0004130429412 -1.55136753e-23)
(-0.002185373715 0.0009203937304 0)
(-0.004047832138 0.001312781017 0)
(-0.005971868168 0.001535065939 6.845733476e-25)
(-0.007762783694 0.001569848089 4.150943375e-24)
(-0.009284545913 0.001423563832 -7.374039934e-24)
(-0.01043594197 0.001119723439 7.5301084e-24)
(-0.01113681467 0.0006960826961 -2.095327139e-25)
(-0.01132711166 0.000203077784 -3.994571484e-24)
(-0.01097177286 -0.0003002333362 5.803548844e-24)
(-0.01007232822 -0.0007475161807 -5.929540943e-23)
(-0.008679880412 -0.001075562593 -6.552664286e-23)
(-0.006902853214 -0.001233044393 -7.784250917e-23)
(-0.004910738037 -0.001192638657 4.573543797e-24)
(-0.00292723153 -0.0009619206843 -4.137888546e-24)
(-0.001205298552 -0.0005912119887 -1.99873139e-22)
(-1.90679541e-05 -0.0001698831818 0)
(0.0005181542339 0.0001720855819 1.509596803e-25)
(0.0002227515509 0.0003059787177 -2.55306661e-24)
(-0.0002633620557 0.0008289713458 1.382923066e-25)
(-0.002703304122 0.003383842869 1.561165343e-23)
(-0.006907275947 0.005604501995 1.555463855e-25)
(-0.01195231922 0.007008207874 -8.495992445e-25)
(-0.01713504443 0.007553776313 1.162216884e-24)
(-0.02197535504 0.007294200282 1.30693772e-23)
(-0.02611076199 0.006321895097 1.387943264e-24)
(-0.02926564866 0.004754194003 -7.281829889e-24)
(-0.03122673133 0.002737152365 1.015250134e-23)
(-0.03184201077 0.0004524061125 4.509901424e-24)
(-0.03102761507 -0.001884144531 -6.318813707e-24)
(-0.02879316679 -0.004023029299 2.961824663e-24)
(-0.02527138424 -0.005708354225 3.895529249e-23)
(-0.0207319496 -0.006707409331 -1.954758415e-24)
(-0.01558962708 -0.006854140314 3.754454853e-24)
(-0.01038513432 -0.00609746504 -9.740842237e-23)
(-0.005730271989 -0.004546187731 9.637541208e-23)
(-0.002233366513 -0.002507420293 -3.961083802e-25)
(-0.0001817752207 -0.0005023732035 4.060983186e-25)
(8.343528612e-05 0.0006099252041 0)
(-0.0004188230623 0.002935080469 -2.910354789e-25)
(-0.004647874143 0.008804016349 1.701982105e-23)
(-0.01137196027 0.0132404254 -8.284071347e-24)
(-0.01932729148 0.01579204239 -2.075610756e-25)
(-0.02747411787 0.01653000137 2.039070516e-25)
(-0.03511778917 0.01564441743 6.798097067e-27)
(-0.04171344906 0.01335997647 -1.220439243e-24)
(-0.04683571819 0.009919771402 -4.55121916e-25)
(-0.05014989041 0.005602433483 -1.063068909e-23)
(-0.05141232032 0.0007444205398 0)
(-0.05047793382 -0.004241780728 0)
(-0.04733706388 -0.008887187458 2.670981011e-23)
(-0.04215928004 -0.01268176986 2.812999963e-23)
(-0.03531437508 -0.01513605212 -1.646148968e-24)
(-0.02738996327 -0.01586189593 4.845813513e-23)
(-0.01917005926 -0.01467334212 9.419148634e-23)
(-0.01156090738 -0.0116936044 3.975519402e-23)
(-0.005465411839 -0.007450743746 4.141432082e-25)
(-0.001451099399 -0.002936044254 1.073951885e-25)
(-9.072708734e-05 0.0002258764619 0)
(-0.0005024629722 0.006045350922 -4.248801282e-23)
(-0.006402739708 0.01637075693 -1.692205336e-23)
(-0.01553502462 0.02355933746 8.210911531e-24)
(-0.02627912137 0.02744162799 0)
(-0.03728746888 0.02832102357 0)
(-0.04769037636 0.02658772687 0)
(-0.05679663187 0.02263120438 -4.465486968e-26)
(-0.06405384192 0.01683609334 -2.136964594e-24)
(-0.06901081673 0.009622183717 0)
(-0.07130828054 0.001491049634 1.635389768e-24)
(-0.07070853702 -0.006936504529 2.802739959e-25)
(-0.067130396 -0.01493018934 -2.810587571e-25)
(-0.06069905788 -0.02166728271 0)
(-0.05180750696 -0.02631605876 4.13324052e-23)
(-0.04114991797 -0.02816070982 -4.681527681e-23)
(-0.02971970288 -0.02677372316 -2.761875501e-23)
(-0.01873716693 -0.02221530574 -3.960662668e-23)
(-0.009488028395 -0.01521922226 7.795837649e-25)
(-0.002976879907 -0.007298195006 9.790440581e-23)
(-0.0002318795356 -0.0008661683345 0)
(-0.0005316131662 0.01009501685 4.269461734e-23)
(-0.007983592935 0.02595219719 4.785477607e-25)
(-0.01939687517 0.0364288304 -4.676178413e-25)
(-0.03282382546 0.04185520943 0)
(-0.04664689158 0.04289485469 7.782918305e-25)
(-0.05985229878 0.0402007426 -7.675005568e-25)
(-0.07163291621 0.03434741851 3.672290891e-23)
(-0.08132751495 0.02585664197 1.848229724e-23)
(-0.08836601306 0.0152729838 6.238923269e-24)
(-0.09225469742 0.003246146733 -1.637295023e-24)
(-0.09260379968 -0.00940783322 0)
(-0.08917555684 -0.02167478131 4.37058636e-25)
(-0.08195979427 -0.03236745189 1.009002748e-23)
(-0.07126885609 -0.04021250284 -4.349271068e-23)
(-0.05782018958 -0.04402046478 1.932878763e-24)
(-0.04278583054 -0.04294829478 4.217170489e-23)
(-0.02775450365 -0.0368334701 -3.841580969e-25)
(-0.01455062324 -0.0265272102 0)
(-0.004859462294 -0.01408454507 5.436540531e-23)
(-0.0003641481736 -0.002846953448 -2.565085119e-22)
(-0.000527221173 0.01499927794 9.841540569e-23)
(-0.009377925673 0.03739022483 -4.907783094e-25)
(-0.02288182837 0.05170223257 0)
(-0.03883043629 0.05894183393 0)
(-0.0553865693 0.06025574878 -8.732138833e-23)
(-0.07142876886 0.05661901283 -8.49909496e-23)
(-0.08606654414 0.04880168948 -4.067546417e-23)
(-0.09855086292 0.03743980634 -1.504376067e-23)
(-0.1081945341 0.02315984018 -5.368956806e-24)
(-0.1143444757 0.006709679168 -8.175021007e-24)
(-0.1164046233 -0.01093292218 6.601153229e-24)
(-0.1138937423 -0.02848945147 8.826733783e-24)
(-0.1065487 -0.04437046383 -1.892320766e-23)
(-0.09446804237 -0.05675333901 4.607534366e-24)
(-0.07826857058 -0.06378298793 0)
(-0.05922895543 -0.06393495526 -1.572843428e-23)
(-0.03933981955 -0.05653816353 -2.429799365e-26)
(-0.02114188831 -0.04235809158 0)
(-0.00731870274 -0.0239822942 -1.520654645e-22)
(-0.0005216164183 -0.005925544903 6.056285109e-22)
(-0.0004990821946 0.02064574611 -9.774492346e-23)
(-0.01052951016 0.0504543834 2.831985155e-22)
(-0.02582957528 0.06912511963 1.526862294e-22)
(-0.04402138434 0.07849258209 3.619291074e-24)
(-0.06310739342 0.08029476704 -7.31935824e-23)
(-0.08190405283 0.0758804316 9.04355128e-23)
(-0.09947763898 0.06621690873 -3.590220014e-24)
(-0.11502274 0.05201695169 -1.729173045e-24)
(-0.1277519204 0.03392358529 2.524165774e-24)
(-0.1368472624 0.01270233175 7.382653967e-24)
(-0.1414710542 -0.0105878239 -6.500899577e-24)
(-0.14082482 -0.03446024479 -9.788160046e-24)
(-0.1342745986 -0.05692771854 -3.261740422e-23)
(-0.1215450257 -0.0755331638 -3.661480785e-23)
(-0.1029672674 -0.08754260716 5.645926067e-25)
(-0.07976370031 -0.09039209788 0)
(-0.05426682564 -0.08244513826 0)
(-0.02987160981 -0.06397736903 -2.906075316e-24)
(-0.01066285158 -0.03798794735 2.970524782e-24)
(-0.0007350936762 -0.01050089484 1.027872767e-22)
(-0.0004479164427 0.02687251187 0)
(-0.01134923244 0.06480757693 2.001985073e-22)
(-0.0280159974 0.08829617487 8.962055575e-23)
(-0.04799857452 0.1001234974 0)
(-0.0692060215 0.1027076582 1.569887418e-22)
(-0.09044373396 0.09781578892 0)
(-0.1107831705 0.08661103257 -1.428390657e-22)
(-0.1294093791 0.06983950513 6.515571635e-24)
(-0.1454771665 0.04808232276 0)
(-0.1580351843 0.02201755578 0)
(-0.1660133483 -0.007334440373 -1.374415352e-24)
(-0.1682671583 -0.03838839853 -9.316809443e-25)
(-0.1637064722 -0.06883976022 1.491984344e-22)
(-0.1515208785 -0.09558275944 -4.704640509e-23)
(-0.1315134576 -0.1148298677 -2.560979183e-24)
(-0.1045596093 -0.1225703428 1.534736174e-24)
(-0.07309350009 -0.115551798 -1.558945532e-24)
(-0.04135021554 -0.0928311567 0)
(-0.01525230301 -0.05740767692 3.203819866e-24)
(-0.001044309122 -0.01714714486 -1.012916181e-21)
(-0.0003744664273 0.0334630457 0)
(-0.01175006063 0.079989189 -1.128293692e-22)
(-0.02920707955 0.1086390968 -6.191158357e-22)
(-0.05031745094 0.1232234019 -3.755311209e-22)
(-0.07296317565 0.1269097063 0)
(-0.0959896037 0.1219255666 4.119460666e-22)
(-0.1185273506 0.1096348665 1.260927042e-22)
(-0.1398146448 0.09078246031 -5.581842271e-24)
(-0.1590221583 0.06581393252 5.55421515e-24)
(-0.1751461037 0.03520881113 0)
(-0.1869560017 -0.0001967476934 2.912134379e-23)
(-0.1930172679 -0.03889754455 4.695849548e-24)
(-0.1917809943 -0.07843888699 -1.076811733e-22)
(-0.1817874463 -0.1151865399 8.004232337e-23)
(-0.1620570459 -0.1442599488 -2.41975117e-22)
(-0.1327062021 -0.1598548652 0)
(-0.095778883 -0.1563112907 0)
(-0.05601633135 -0.1302981099 0)
(-0.02147859165 -0.08381135198 0)
(-0.001500384639 -0.0266551632 5.572126723e-22)
(-0.0002873899417 0.0401607781 0)
(-0.01169359619 0.09543611698 -3.493021626e-22)
(-0.0292443829 0.1294073653 8.932810725e-22)
(-0.05060947304 0.1469299196 3.617183357e-22)
(-0.07370082691 0.1519748701 0)
(-0.09745151207 0.1472757987 -3.862558245e-22)
(-0.1211069849 0.1344191971 -3.174432553e-23)
(-0.1440324802 0.1141393335 3.333107067e-22)
(-0.1655143256 0.08670006714 1.769475879e-22)
(-0.1846248543 0.05229123531 -4.060154734e-23)
(-0.2001325832 0.01141716161 1.656821282e-23)
(-0.2104622463 -0.03471424244 -8.265259104e-24)
(-0.2137208547 -0.08376563765 3.371861929e-22)
(-0.2078215515 -0.1318756369 0)
(-0.190823855 -0.1732756161 2.420920198e-22)
(-0.161633575 -0.2002593419 5.774790782e-24)
(-0.12116627 -0.2040121731 -5.860909994e-24)
(-0.07384989854 -0.1772119974 1.54845256e-22)
(-0.02971786848 -0.1188642338 -5.435474576e-24)
(-0.002179545153 -0.04005398774 0)
(-0.0002117199225 0.0467164009 0)
(-0.01125001079 0.1105498145 0)
(-0.02815624434 0.1497355028 -5.022762718e-22)
(-0.04874479278 0.1701517631 -1.880999767e-23)
(-0.07100086613 0.1766257174 2.038380129e-23)
(-0.09399451481 0.1724526537 -2.014312609e-23)
(-0.11714343 0.1594871008 -2.316884792e-23)
(-0.1400179506 0.1384805098 -3.029825431e-22)
(-0.1621328894 0.1095160725 6.698613823e-23)
(-0.182795904 0.07245187009 4.513180949e-23)
(-0.2009835559 0.02734928837 -4.577724196e-23)
(-0.2152270265 -0.02508697819 0)
(-0.2235562214 -0.08298351471 -7.839701708e-23)
(-0.22346322 -0.1427257348 0)
(-0.2120679437 -0.1981820902 -3.739565825e-22)
(-0.1867434555 -0.240077372 5.244960552e-22)
(-0.146443831 -0.2560773437 0)
(-0.09394567769 -0.2331209526 -1.493998509e-22)
(-0.0402200101 -0.1639613675 1.937555401e-22)
(-0.003201100268 -0.05861063191 -3.411534807e-22)
(-0.0002015409315 0.0529758518 0)
(-0.01067261868 0.1248172407 9.182875872e-22)
(-0.02628446646 0.1687424605 -2.440687272e-23)
(-0.04501107764 0.1916455167 9.193346332e-22)
(-0.06494597441 0.199292108 -2.512088594e-23)
(-0.08536628476 0.1956104341 2.838846227e-23)
(-0.1059305644 0.1827886863 -2.812932269e-23)
(-0.1264924183 0.1616583522 -1.660918839e-23)
(-0.1468996843 0.1321762307 -5.260231709e-22)
(-0.1668458152 0.09389646658 -8.906632641e-24)
(-0.1857303019 0.04640576282 9.660200621e-24)
(-0.202478168 -0.01023784805 3.313079208e-22)
(-0.2154154608 -0.07499820439 -5.820743453e-22)
(-0.2220209712 -0.1450311854 0)
(-0.2188032102 -0.2146760638 8.887330687e-22)
(-0.2016257525 -0.2740016446 -4.940892798e-22)
(-0.1668639195 -0.3075811981 -1.572225095e-23)
(-0.1140220096 -0.2953811935 0)
(-0.05288482031 -0.2195802595 -1.890189018e-22)
(-0.00474918816 -0.08377278012 3.360592497e-22)
(-0.0003641985563 0.05902317836 1.551011375e-23)
(-0.0104957394 0.1379881517 -8.764203203e-22)
(-0.02441389506 0.1856804123 -1.157059895e-21)
(-0.04026724367 0.2101384775 -8.628994802e-22)
(-0.05630729515 0.2182348935 0)
(-0.07214856432 0.2146190292 3.513807946e-23)
(-0.08779221491 0.2018791974 -7.294871661e-23)
(-0.1034562778 0.1810005623 5.867888233e-23)
(-0.1193983861 0.151899725 3.021368327e-22)
(-0.1357931536 0.1139150572 -1.128196277e-23)
(-0.152608231 0.06621424941 0)
(-0.1694521366 0.008177202983 -3.603931426e-22)
(-0.185276059 -0.06015987773 7.51567167e-22)
(-0.1980448512 -0.1372747022 8.831707976e-22)
(-0.204354626 -0.2189261901 -5.296630965e-22)
(-0.1990977611 -0.2959712929 5.162693153e-22)
(-0.1760605331 -0.3514072608 1.07823475e-23)
(-0.1300890633 -0.3584150803 -1.09554982e-23)
(-0.06688803317 -0.2843276526 -8.215278688e-23)
(-0.007083319947 -0.1169964423 0)
(-0.0009095776548 0.06540041606 -1.911487947e-23)
(-0.01167591718 0.1502816423 -1.326966285e-21)
(-0.02388882033 0.2000659576 1.094238237e-21)
(-0.03601340338 0.2244216986 6.734934019e-22)
(-0.0465730861 0.2316588264 6.014635272e-22)
(-0.05577038326 0.2272393715 6.643960843e-22)
(-0.06411245544 0.2141774892 -4.458680219e-23)
(-0.07227561426 0.1936494393 -3.461338957e-22)
(-0.08096972727 0.1656028323 2.152163426e-22)
(-0.09087192101 0.1292707356 0)
(-0.1025547432 0.08353082438 0)
(-0.1163622137 0.02720010662 2.655397724e-22)
(-0.1321589542 -0.0406200609 8.194325817e-23)
(-0.1489252303 -0.1200128316 -2.821625091e-22)
(-0.1641284269 -0.2089300698 -5.41127378e-23)
(-0.1727877611 -0.3006992515 1.30195195e-22)
(-0.16703113 -0.3793329112 -3.400507717e-22)
(-0.1365292438 -0.413645198 -1.593823266e-23)
(-0.08018250142 -0.3538326214 8.204051418e-23)
(-0.01050762295 -0.1594130574 -6.03215703e-22)
(-0.002260498482 0.07348883556 0)
(-0.01580355664 0.1626521781 2.145875641e-21)
(-0.02665042562 0.211790475 0)
(-0.03422339546 0.2333947286 -1.351808616e-21)
(-0.03759398389 0.2377766841 6.184051441e-23)
(-0.03799685104 0.2312553536 -6.193098238e-22)
(-0.03668265728 0.2171899021 -4.756286511e-22)
(-0.03489036152 0.1968934499 8.301258831e-22)
(-0.03378837722 0.1703342386 -1.885698898e-22)
(-0.03449876257 0.1367221076 0)
(-0.03811572543 0.09479673598 0)
(-0.04564992277 0.04304286546 2.410616604e-23)
(-0.05790804172 -0.02013781271 -6.007200264e-22)
(-0.07514598443 -0.0962065025 -4.309568369e-22)
(-0.09645174913 -0.1855556176 4.63786396e-22)
(-0.1183462611 -0.2853567774 -6.488738351e-22)
(-0.1332715379 -0.3838386538 9.119949252e-23)
(-0.1265350986 -0.4504358719 2.93730716e-23)
(-0.08899154082 -0.4198536381 5.660443186e-22)
(-0.01526917932 -0.2111719734 6.020789777e-22)
(-0.005180899583 0.08598045972 0)
(-0.02525550724 0.1766291196 1.465579429e-22)
(-0.03483407986 0.220596156 -4.917146281e-23)
(-0.03640013833 0.2354859356 7.642933612e-22)
(-0.03018482964 0.234340676 -7.005380787e-22)
(-0.01916579305 0.224160389 4.746482589e-23)
(-0.005615148566 0.2083525851 -1.018610099e-22)
(0.008569609743 0.1881241092 -3.389889986e-22)
(0.02179886378 0.1633911272 2.062823493e-22)
(0.03262781663 0.1333242732 0)
(0.03958458732 0.09664086165 0)
(0.04117013415 0.05174056415 -2.902668419e-22)
(0.03578483964 -0.003255398143 0)
(0.02198184809 -0.07058360872 -5.5121884e-22)
(-0.001264844927 -0.1525735509 -1.492376964e-23)
(-0.03310469785 -0.2505949849 2.559741936e-23)
(-0.06909235742 -0.3599341518 2.203144286e-22)
(-0.09227826955 -0.4575424529 4.788079882e-24)
(-0.08718089904 -0.4698129417 -5.789411575e-22)
(-0.02103127147 -0.2698972298 0)
(-0.01111631553 0.1085974973 0)
(-0.0424890188 0.1947151678 -8.848481682e-22)
(-0.04795528942 0.2258195512 -5.41104108e-22)
(-0.03919535929 0.2282135559 4.54381794e-22)
(-0.01877830245 0.2182328139 -1.709981878e-24)
(0.007664314692 0.202822036 -4.56105118e-23)
(0.03667993505 0.1847619774 5.696684027e-22)
(0.06582998717 0.164711822 -2.766891403e-23)
(0.09327131039 0.1423128181 -2.069782376e-22)
(0.1173891622 0.116627494 3.142214497e-23)
(0.13654617 0.08641143893 -3.425918137e-23)
(0.1489669278 0.05017669021 -3.690595053e-23)
(0.1525275789 0.006159166763 3.205634345e-22)
(0.1449367038 -0.04796127044 6.119607714e-22)
(0.1235159796 -0.115305291 -5.101172979e-22)
(0.08633533475 -0.200419565 -1.616059226e-22)
(0.03199089325 -0.3067806592 1.531307101e-22)
(-0.02362123132 -0.4239837146 7.293652168e-23)
(-0.06492413044 -0.487161279 1.913291574e-21)
(-0.02509971702 -0.3291544745 2.954991417e-21)
(-0.02004680472 0.1460727401 -4.390208552e-23)
(-0.06416406264 0.2112955857 4.41738131e-23)
(-0.05070230592 0.217730048 1.00018884e-21)
(-0.01934097347 0.2014679988 -8.270544872e-24)
(0.02414464962 0.1809076184 0)
(0.07154122114 0.1606933354 4.363723864e-23)
(0.1190703413 0.14164955 -2.273852791e-22)
(0.1644767341 0.1233181827 -9.027960448e-23)
(0.2062251168 0.1048117298 3.68073583e-23)
(0.2429643032 0.08507140113 -1.701655511e-23)
(0.2732207588 0.06296147687 3.429971446e-23)
(0.2952536117 0.03726293819 -6.592683089e-23)
(0.3066971068 0.006535068056 -9.303907929e-23)
(0.3049738319 -0.03087770063 1.51704465e-22)
(0.2863936255 -0.07786290986 0)
(0.2470568089 -0.1399300371 1.505612357e-22)
(0.1810922239 -0.2266299753 2.56001384e-22)
(0.09604450269 -0.3443894948 0)
(-0.006697615775 -0.4552210219 -3.675634761e-21)
(-0.019224082 -0.3777537589 -2.892620892e-21)
(-0.02591951327 0.2276828797 -9.514205002e-22)
(-0.03998324651 0.2238216526 -1.388976735e-22)
(0.03656136862 0.1810585359 -2.335582606e-22)
(0.1090503046 0.1451059093 -1.193742385e-22)
(0.1817191196 0.1172445499 -4.295828061e-23)
(0.2490090737 0.09627907679 9.78318694e-23)
(0.3100336709 0.08002510469 -1.408592926e-22)
(0.3646209341 0.06656815387 1.297175876e-22)
(0.4126252503 0.05449178932 -8.620123871e-23)
(0.4536250309 0.04270894951 1.13219062e-25)
(0.4867878733 0.03032298428 1.527742252e-23)
(0.5107451374 0.01652901852 7.997207586e-23)
(0.5236597465 0.0005365142038 -1.81112446e-22)
(0.5231798021 -0.01863373271 -1.617146794e-22)
(0.5052323426 -0.04286478977 -4.262957366e-23)
(0.4658715087 -0.07633231199 0)
(0.3952696501 -0.1286089385 -1.846477044e-22)
(0.291607105 -0.2208468098 8.148763057e-22)
(0.1197455107 -0.3525016903 1.631601527e-21)
(0.02670547261 -0.377549798 2.172655885e-21)
(0.2142894469 0.1347447206 9.864990038e-22)
(0.2776311185 0.09870503536 0)
(0.4316592288 0.05810414823 -2.594321701e-22)
(0.5304749345 0.03846264955 -1.741667403e-22)
(0.6016965751 0.02623419122 0)
(0.6571198961 0.01831923485 -6.009095739e-23)
(0.7015213607 0.01313600858 6.37800511e-23)
(0.7376042505 0.00954212644 -1.800157349e-23)
(0.7669368422 0.006804463669 2.885975439e-23)
(0.7902106691 0.004464743912 2.315034047e-23)
(0.8074555016 0.002221319816 0)
(0.818262136 -0.0001500750547 -2.873033901e-23)
(0.8216499719 -0.002723848386 0)
(0.8162394199 -0.005712668735 2.738152579e-23)
(0.799133315 -0.009611382884 1.421693322e-23)
(0.7679986346 -0.01500255108 -5.799402401e-23)
(0.7106555756 -0.02502519954 -2.535660718e-22)
(0.6235183981 -0.04204285407 -6.91810147e-22)
(0.4230091021 -0.0918296808 0)
(0.2705674689 -0.1524021841 -2.11948375e-21)
)


// ************************************************************************* //
