/*--------------------------------*- C++ -*----------------------------------*\
  =========                 |
  \\      /  F ield         | OpenFOAM: The Open Source CFD Toolbox
   \\    /   O peration     | Website:  https://openfoam.org
    \\  /    A nd           | Version:  13
     \\/     M anipulation  |
\*---------------------------------------------------------------------------*/
FoamFile
{
    format      ascii;
    class       scalarField;
    location    "12.66";
    object      p_all;
}
// * * * * * * * * * * * * * * * * * * * * * * * * * * * * * * * * * * * * * //


400
(
-3.912236008e-07
-0.0005403640548
-0.0008757213273
-0.0009972424529
-0.0009134955527
-0.0006567057524
-0.0002642286337
0.0002281841664
0.0007842967996
0.001363999357
0.001922028661
0.002406058312
0.002761101023
0.002934348414
0.002884284005
0.00259254149
0.002078635443
0.001399116063
0.0007473138913
0.0001562446484
0.0005797609464
6.416951554e-06
-0.0003505206134
-0.0004867862249
-0.0004505087529
-0.000268208804
3.077180381e-05
0.0004171895812
0.0008597392752
0.001321422376
0.001762803405
0.002133043074
0.002382094731
0.002462853044
0.002341412701
0.002008585931
0.001490276041
0.0008505610024
0.0002597560967
-0.000398740161
0.0009372404275
0.0003016674702
-9.23003375e-05
-0.0002323675576
-0.0002199133691
-8.492811655e-05
0.0001484436401
0.0004587459372
0.000822216718
0.001207614356
0.001580946629
0.001890844457
0.002087076313
0.0021211432
0.00195791549
0.001587203502
0.00103224021
0.0003486879819
-0.0003430017687
-0.001173692652
0.000956898632
0.0002484428382
-0.0001938139729
-0.000339365109
-0.0003412996276
-0.0002363080689
-4.532194152e-05
0.000218641199
0.0005416285236
0.0009026928399
0.001262698569
0.00157722637
0.00178644888
0.001830321725
0.001660169547
0.001252423807
0.0006183526406
-0.0001960208136
-0.001102916659
-0.002243654141
0.0004631829904
-0.0002924207814
-0.0007629263571
-0.0009072079122
-0.0009194765568
-0.0008409477879
-0.0006871675087
-0.0004593769986
-0.0001579956134
0.0002071326234
0.0006058149875
0.000989902062
0.001288868504
0.001422518403
0.001314982728
0.0009132773901
0.0002031667133
-0.0007837481219
-0.001983429885
-0.003499521973
-0.0006934827451
-0.001465016361
-0.001945616264
-0.002088286268
-0.002120260921
-0.002083897006
-0.0019852713
-0.001808463898
-0.001533424489
-0.001150640646
-0.0006758936081
-0.0001535520758
0.0003344707857
0.0006794081981
0.0007604688344
0.0004704452088
-0.0002557487126
-0.001416340034
-0.002975178147
-0.004967288491
-0.002649098981
-0.003403124197
-0.003886657792
-0.004042229355
-0.00412590759
-0.004177939201
-0.00419010132
-0.004122262972
-0.003923788462
-0.003552355965
-0.002994294696
-0.002275294484
-0.001480672814
-0.0007513703484
-0.0002737900702
-0.0002469370749
-0.0008323484365
-0.00209628193
-0.004055878871
-0.006634231687
-0.005512703112
-0.006222272582
-0.006712379075
-0.006914529641
-0.007110404564
-0.00733606176
-0.007564911757
-0.007725139948
-0.007722903232
-0.007464058221
-0.006880290305
-0.005948127119
-0.004734874063
-0.003403329092
-0.00222183477
-0.001530566186
-0.001662759203
-0.002831106623
-0.005173327991
-0.008449026436
-0.009355012269
-0.009998890703
-0.01050773572
-0.0108057217
-0.01119903422
-0.01172048473
-0.01232386646
-0.01290011698
-0.0132995186
-0.01335277172
-0.01289794043
-0.01183360012
-0.01014707035
-0.007990386167
-0.005709874767
-0.003835394902
-0.002978490652
-0.003636603646
-0.006213146535
-0.01026141249
-0.01419348193
-0.0147533208
-0.01529260966
-0.01573511296
-0.01641617216
-0.01737149078
-0.01853899061
-0.01977149394
-0.02085445972
-0.0215230849
-0.02149049863
-0.02050199041
-0.01841142837
-0.01528111331
-0.0114858535
-0.007760713839
-0.005111752467
-0.004529351917
-0.006951570883
-0.01173687209
-0.01998645544
-0.02044113704
-0.02100450154
-0.02160805189
-0.02263289949
-0.02413104378
-0.02603439633
-0.02816304663
-0.03023623011
-0.03188108523
-0.03265486912
-0.03209766286
-0.02985212721
-0.0257747771
-0.02015799017
-0.0138795378
-0.008408031296
-0.005473581476
-0.00697856283
-0.01222069294
-0.02664748954
-0.02696151895
-0.02749709234
-0.02819913344
-0.02953332697
-0.03159034133
-0.03431119512
-0.03749325818
-0.04079502766
-0.04373519208
-0.04570247896
-0.04599555386
-0.04399473288
-0.03922125432
-0.03172223368
-0.02234621588
-0.01296121741
-0.006220472611
-0.005566886164
-0.01052946652
-0.0340930826
-0.03418863121
-0.03455866957
-0.03515816401
-0.0366151776
-0.03909093865
-0.04255204586
-0.04678182009
-0.05138394435
-0.05577591396
-0.0591879038
-0.06070573992
-0.0593190854
-0.0542294276
-0.04505528983
-0.03235754311
-0.01815545111
-0.005988753871
-0.001447527941
-0.004664957595
-0.04234767172
-0.0420330353
-0.04195336963
-0.04204402559
-0.04323657519
-0.04580050397
-0.04973739175
-0.05481420232
-0.06057347224
-0.06633586727
-0.07118074161
-0.07397293565
-0.07342649701
-0.068309983
-0.05774931181
-0.04177758874
-0.02219094508
-0.003039330274
0.00753566406
0.008504508141
-0.05174290968
-0.05051261642
-0.04944067552
-0.04834084282
-0.04867115366
-0.05083104076
-0.05483967572
-0.06042433185
-0.06703180932
-0.07387463238
-0.07987823442
-0.08370268077
-0.08380435489
-0.07856277895
-0.06661664735
-0.04733346465
-0.0219640265
0.005646205493
0.02484145581
0.0336285797
-0.06340090863
-0.05995602691
-0.05688361692
-0.05355984248
-0.05225144214
-0.05343628724
-0.05707095794
-0.06282250554
-0.06990885642
-0.07743920007
-0.08414842364
-0.08848280163
-0.08866273581
-0.08265819444
-0.068726046
-0.04553472717
-0.01369355956
0.02447025758
0.05558585676
0.07738805614
-0.07996330978
-0.07087593289
-0.06395026036
-0.05701298117
-0.05327532627
-0.05303083008
-0.05603001329
-0.06164210247
-0.06895400723
-0.07680359307
-0.08371741724
-0.0878998388
-0.08728174559
-0.07954170217
-0.06243213116
-0.03405399763
0.005503787166
0.05860072539
0.1057982208
0.1480375661
-0.1103325049
-0.08570527005
-0.07149296978
-0.05888060525
-0.0518221948
-0.04975809886
-0.05192877599
-0.05728533338
-0.0645993453
-0.07243607913
-0.07908441013
-0.08250279605
-0.08038219446
-0.06981395776
-0.04822720026
-0.01277116571
0.03815327593
0.1070542833
0.1778994375
0.2563937517
-0.168307894
-0.09980025419
-0.07494314433
-0.054757818
-0.04457407786
-0.04150532564
-0.04358580325
-0.04919659064
-0.05679153555
-0.06472778737
-0.07112900101
-0.07378314616
-0.06998584576
-0.05694824906
-0.03103120207
0.01187219911
0.07550693871
0.1663017639
0.2760569993
0.4376052892
-0.3983022137
-0.1380018017
-0.07491835194
-0.04706616818
-0.03352506744
-0.02997290648
-0.0326942192
-0.03910372827
-0.04735504729
-0.05571443841
-0.06228057139
-0.06484055735
-0.06085667447
-0.04689615628
-0.01874626061
0.02989329656
0.1068772003
0.2333336699
0.4197826971
0.7799293944
)


// ************************************************************************* //
