/*--------------------------------*- C++ -*----------------------------------*\
  =========                 |
  \\      /  F ield         | OpenFOAM: The Open Source CFD Toolbox
   \\    /   O peration     | Website:  https://openfoam.org
    \\  /    A nd           | Version:  13
     \\/     M anipulation  |
\*---------------------------------------------------------------------------*/
FoamFile
{
    format      ascii;
    class       scalarField;
    location    "48.99";
    object      p_all;
}
// * * * * * * * * * * * * * * * * * * * * * * * * * * * * * * * * * * * * * //


400
(
7.224781112e-09
-0.0005475007156
-0.0008895502538
-0.00101703115
-0.0009381750263
-0.000685342939
-0.0002960814027
0.0001936471136
0.0007473178144
0.001324415243
0.001879266269
0.00235900923
0.00270826801
0.002873975385
0.002814615745
0.002512191201
0.001987155089
0.001296633852
0.0006377103423
4.181396822e-05
0.0005881606499
6.85655526e-06
-0.0003568958403
-0.000499219506
-0.0004685431995
-0.0002914664003
2.60940981e-06
0.0003844088388
0.0008225563732
0.001279805398
0.001716294781
0.002080848915
0.002323076473
0.002395609892
0.002264594787
0.001921276206
0.001392407975
0.0007430397982
0.0001454012234
-0.0005172626486
0.0009524205539
0.0003080181644
-9.32579536e-05
-0.00023961422
-0.0002334934224
-0.00010496981
0.0001218909623
0.0004257749398
0.0007829500559
0.001161433042
0.001529440069
0.001832845672
0.002021711317
0.002047297601
0.001874459697
0.001493386381
0.0009280723332
0.0002350883054
-0.0004633709588
-0.001300321682
0.0009761154556
0.000257967951
-0.0001922780847
-0.0003445965306
-0.000353886978
-0.0002569171386
-7.431716195e-05
0.0001813044328
0.0004963840488
0.0008506795872
0.001203011589
0.001510468992
0.001712262879
0.00174785955
0.001568378736
0.001150425774
0.0005058279997
-0.0003186632936
-0.001233989292
-0.002384773828
0.0004804432273
-0.0002850400605
-0.0007639240766
-0.0009156179644
-0.0009366562936
-0.0008682547369
-0.0007253651885
-0.0005084306785
-0.0002171741622
0.000139144196
0.0005300864943
0.0009073796762
0.001199807329
0.001326490369
0.001211011962
0.0008001678942
7.990861248e-05
-0.0009176953811
-0.002127678134
-0.003656171925
-0.0006863846913
-0.00146719182
-0.001956237784
-0.002107277147
-0.002150046307
-0.002126701055
-0.00204233482
-0.00187972589
-0.001617615138
-0.001245577227
-0.0007791545417
-0.0002628910616
0.0002205899995
0.0005614598265
0.0006378065335
0.000341494701
-0.0003930720143
-0.001564113276
-0.00313489866
-0.005142136409
-0.002661835721
-0.003423563858
-0.003915445627
-0.004080826972
-0.004178187329
-0.00424723284
-0.004278251598
-0.004229204166
-0.004047609563
-0.00368966249
-0.003140809693
-0.002426807324
-0.001633557207
-0.0009034832077
-0.0004248729057
-0.000398741783
-0.0009882945483
-0.002260637683
-0.004232799189
-0.006828381233
-0.005555046656
-0.006269965096
-0.006768261747
-0.006982220563
-0.00719561479
-0.007443510239
-0.007697212689
-0.007882278407
-0.00790224887
-0.007660697709
-0.007087437631
-0.006159584615
-0.004943834014
-0.003604949285
-0.002414013237
-0.00171459463
-0.001843283417
-0.00301509915
-0.005368536375
-0.008662334963
-0.009435289582
-0.0100816122
-0.01059847646
-0.01091072166
-0.01132613185
-0.01187602059
-0.01251139879
-0.01311977399
-0.01354793467
-0.01362350832
-0.01318263653
-0.01212128659
-0.01042819409
-0.008256723637
-0.005956491053
-0.004062064099
-0.003190327787
-0.003843229443
-0.006426627981
-0.0104918195
-0.0143170615
-0.0148760511
-0.01542303391
-0.0158822749
-0.01659011435
-0.01758025042
-0.01878711576
-0.02005925144
-0.02117774174
-0.02187379808
-0.02185757994
-0.02087246741
-0.0187721295
-0.01562030288
-0.01179527253
-0.008037530419
-0.005360085761
-0.004760344112
-0.007181366906
-0.01197944999
-0.02015456073
-0.02060479655
-0.02117498792
-0.02179698939
-0.0228523425
-0.02439060066
-0.0263394737
-0.02851386489
-0.03062781085
-0.03230374849
-0.03309550776
-0.03254095949
-0.03028274008
-0.02617894029
-0.0205251339
-0.01420415976
-0.008691765482
-0.005726834101
-0.007219480812
-0.01246662825
-0.02685658323
-0.02716234863
-0.02770279195
-0.02842320923
-0.02978940774
-0.03188934657
-0.03465913596
-0.03788990331
-0.04123419193
-0.04420531951
-0.04618839525
-0.04647904569
-0.04446334828
-0.03966029733
-0.03212128251
-0.02269900365
-0.01326680761
-0.00648616552
-0.005808856396
-0.01076545152
-0.03433494543
-0.03441835615
-0.03478970054
-0.03540478689
-0.0368920982
-0.03941025184
-0.04292029985
-0.04719793974
-0.05184033641
-0.0562586518
-0.05968000867
-0.06119117297
-0.0597797983
-0.05465604533
-0.0454413217
-0.03269996127
-0.01845333882
-0.006246144202
-0.001674186378
-0.004873819962
-0.04261008997
-0.04227966094
-0.0421958829
-0.04229620587
-0.04351395315
-0.04611665027
-0.05009987076
-0.05522064731
-0.06101533371
-0.0667964464
-0.07164039087
-0.07441329046
-0.0738328506
-0.06867517018
-0.0580722325
-0.04206210429
-0.02244031243
-0.00325747877
0.007346816564
0.008341213279
-0.0520105964
-0.05076125072
-0.04967807289
-0.04857917211
-0.04892703899
-0.05112046972
-0.05517317039
-0.06079652449
-0.06743583695
-0.07429020661
-0.08028308495
-0.08407653774
-0.08413096965
-0.07883785538
-0.06684311746
-0.0475237254
-0.02212775326
0.005501510678
0.02471511384
0.03352715441
-0.06365619518
-0.06018949433
-0.05709763714
-0.05376468501
-0.05246582999
-0.05368050373
-0.05736535633
-0.06313856123
-0.07026303856
-0.077801504
-0.08449319375
-0.08878640569
-0.08889872299
-0.08283999573
-0.06885107847
-0.04562109969
-0.01375177693
0.02441665594
0.05553940967
0.0773556502
-0.08018675002
-0.07107530851
-0.06412156471
-0.05716586826
-0.05343203035
-0.05321612168
-0.05625988855
-0.06191492331
-0.06926007637
-0.0771180687
-0.08401333255
-0.08815278751
-0.08748121565
-0.07965693122
-0.06247977502
-0.03405068594
0.005564705619
0.05859388443
0.1058229245
0.1480676322
-0.1105081357
-0.08585544036
-0.07160740976
-0.05897245021
-0.05191485983
-0.04988461648
-0.05210443822
-0.05751060526
-0.06486143984
-0.07271032689
-0.07934174612
-0.08271504022
-0.08052076108
-0.06988765893
-0.04823272016
-0.01272275179
0.03823602792
0.1071319968
0.1779785597
0.2564763982
-0.1684383151
-0.09990960179
-0.07500969403
-0.05479932577
-0.04462047941
-0.04158702456
-0.04371966932
-0.04938361249
-0.05701927971
-0.06497285527
-0.07136372431
-0.07398199471
-0.07013078766
-0.05701426078
-0.03102885772
0.01192918679
0.07559937878
0.1664041474
0.2761619261
0.4377041891
-0.3984295997
-0.1381007589
-0.07497186324
-0.04708987846
-0.03355095705
-0.03003177391
-0.03280399254
-0.03926681784
-0.04756061803
-0.05594117686
-0.06250219355
-0.06503125986
-0.06099649329
-0.04697028347
-0.01875707088
0.0299353137
0.1069555712
0.2334271608
0.419880116
0.7800232977
)


// ************************************************************************* //
