/*--------------------------------*- C++ -*----------------------------------*\
  =========                 |
  \\      /  F ield         | OpenFOAM: The Open Source CFD Toolbox
   \\    /   O peration     | Website:  https://openfoam.org
    \\  /    A nd           | Version:  13
     \\/     M anipulation  |
\*---------------------------------------------------------------------------*/
FoamFile
{
    format      ascii;
    class       vectorField;
    location    "21.87";
    object      U_all;
}
// * * * * * * * * * * * * * * * * * * * * * * * * * * * * * * * * * * * * * //


400
(
(1.081198752e-05 -3.791167468e-05 0)
(-0.0006662235426 0.0004129795921 -1.539838578e-23)
(-0.002185107622 0.0009202446964 0)
(-0.004047191607 0.001312548658 0)
(-0.005970850609 0.001534787595 6.824986464e-25)
(-0.007761434332 0.001569563502 4.153708038e-24)
(-0.009282941039 0.001423311107 -7.308088538e-24)
(-0.01043417925 0.001119533403 7.598425775e-24)
(-0.01113500657 0.0006959750408 -2.100895705e-25)
(-0.01132537613 0.0002030580315 -4.003025232e-24)
(-0.0109702255 -0.0003001717676 5.812763711e-24)
(-0.01007106928 -0.0007473955462 -5.937040364e-23)
(-0.008678978545 -0.001075415049 -6.560617219e-23)
(-0.006902336094 -0.001232907542 -7.792799638e-23)
(-0.004910584524 -0.001192547607 4.579122255e-24)
(-0.002927369535 -0.0009618997075 -4.14390684e-24)
(-0.001205617159 -0.0005912662481 -2.002889638e-22)
(-1.941405322e-05 -0.0001699924576 0)
(0.0005179062751 0.0001719523138 1.528281515e-25)
(0.0002226878465 0.0003058911354 -2.796760603e-24)
(-0.000263400011 0.0008287152871 1.391449809e-25)
(-0.002702890276 0.003383172726 1.549442502e-23)
(-0.006905969054 0.005603377224 1.537507812e-25)
(-0.01194995519 0.007006800028 -8.456113428e-25)
(-0.01713161749 0.007552280847 1.156267594e-24)
(-0.02197098753 0.0072928038 1.300286592e-23)
(-0.02610566778 0.006320757919 1.454332072e-24)
(-0.02926010275 0.00475343716 -7.348445083e-24)
(-0.03122104462 0.00273684635 1.018652902e-23)
(-0.03183649998 0.0004525609994 4.519675571e-24)
(-0.03102258328 -0.001883554379 -6.328838214e-24)
(-0.02878887571 -0.004022109621 2.959344352e-24)
(-0.02526801672 -0.005707252684 3.899520663e-23)
(-0.02072959073 -0.006706300496 -1.957593046e-24)
(-0.01558824674 -0.006853199725 3.760368327e-24)
(-0.01038458464 -0.00609683675 -9.762258483e-23)
(-0.005730305421 -0.004545950281 9.659492956e-23)
(-0.00223366715 -0.002507549804 -3.998423278e-25)
(-0.0001820519665 -0.0005027345514 4.099264038e-25)
(8.339427582e-05 0.0006096377413 0)
(-0.0004187443728 0.002934486218 -2.918258807e-25)
(-0.004646903902 0.00880217165 1.7127385e-23)
(-0.01136950438 0.01323761177 -8.175624272e-24)
(-0.01932310846 0.0157887141 -2.056590518e-25)
(-0.02746822474 0.01652660691 2.020385662e-25)
(-0.03511038619 0.01564135277 8.868125399e-27)
(-0.04170487179 0.01335756418 -1.284736412e-24)
(-0.04682639389 0.009918246751 -4.593450672e-25)
(-0.05014029988 0.005601932135 -1.066641193e-23)
(-0.05140292668 0.0007449707037 0)
(-0.05046919537 -0.00424029084 0)
(-0.04732939693 -0.008884954186 2.675181238e-23)
(-0.04215296963 -0.01267908539 2.817128706e-23)
(-0.03530957895 -0.01513326961 -1.649114471e-24)
(-0.02738668593 -0.01585938313 4.85620598e-23)
(-0.01916814461 -0.01467142233 9.43993081e-23)
(-0.01156005539 -0.01169248857 3.998391869e-23)
(-0.005465218811 -0.007450459178 4.21702906e-25)
(-0.001451179642 -0.002936374438 1.034523849e-25)
(-9.072805876e-05 0.0002254564211 0)
(-0.0005023408378 0.006044063148 -4.258029047e-23)
(-0.00640127687 0.01636718276 -1.702941177e-23)
(-0.01553150204 0.02355419579 8.10251677e-24)
(-0.02627324896 0.02743574614 0)
(-0.03727929636 0.02831516289 0)
(-0.04768017455 0.0265825312 0)
(-0.05678483322 0.02262718017 -4.687090189e-26)
(-0.06404098466 0.01683359865 -2.096986677e-24)
(-0.06899749438 0.009621418052 0)
(-0.07129512317 0.001492047164 1.645795678e-24)
(-0.07069612503 -0.006933914444 2.809369374e-25)
(-0.06711922352 -0.0149263094 -2.817235539e-25)
(-0.06068953381 -0.02166256371 0)
(-0.05179989403 -0.02631105399 4.143293004e-23)
(-0.04114430634 -0.02815601288 -4.691624997e-23)
(-0.0297159933 -0.02676988371 -2.773589322e-23)
(-0.0187350749 -0.02221272458 -3.983909933e-23)
(-0.009487117466 -0.01521803482 7.794272017e-25)
(-0.002976678184 -0.00729816419 9.763219537e-23)
(-0.0002318545494 -0.0008665751065 0)
(-0.0005314774111 0.01009278963 4.27874909e-23)
(-0.007981762893 0.02594643725 4.768011535e-25)
(-0.01939251873 0.03642084255 -4.659112275e-25)
(-0.03281661211 0.04184627184 0)
(-0.04663689336 0.04288608067 7.762440172e-25)
(-0.05983983563 0.04019304207 -7.654810826e-25)
(-0.0716184845 0.03434148839 3.664715373e-23)
(-0.08131172437 0.02585296308 1.840111454e-23)
(-0.08834953413 0.01527181501 6.215070881e-24)
(-0.09223822587 0.003247518715 -1.647713048e-24)
(-0.09258800299 -0.00940409776 0)
(-0.08916103948 -0.02166909379 4.385793254e-25)
(-0.08194707303 -0.03236041143 1.014480614e-23)
(-0.0712583168 -0.04020485799 -4.359982925e-23)
(-0.05781205013 -0.04401304661 1.939748255e-24)
(-0.04278010532 -0.04294191529 4.240623319e-23)
(-0.02775098109 -0.03682878196 -3.87955467e-25)
(-0.01454887235 -0.02652453721 0)
(-0.004858917199 -0.01408371702 5.435074281e-23)
(-0.0003640888176 -0.002847157764 -2.562018177e-22)
(-0.0005270985367 0.01499594545 9.829741309e-23)
(-0.009375899869 0.03738197665 -4.899139313e-25)
(-0.02287699238 0.05169106112 0)
(-0.03882242313 0.05892952012 0)
(-0.05537545139 0.06024377607 -8.724447091e-23)
(-0.07141488173 0.05660855783 -8.490968683e-23)
(-0.08605040506 0.04879363372 -4.059206345e-23)
(-0.09853310259 0.03743474859 -1.500267841e-23)
(-0.1081758452 0.02315810305 -5.347806397e-24)
(-0.1143255765 0.006711312604 -8.16079922e-24)
(-0.1163862208 -0.01092812859 6.5855137e-24)
(-0.1138765037 -0.02848197135 8.797215772e-24)
(-0.1065332303 -0.04436100418 -1.891461705e-23)
(-0.09445484971 -0.05674281072 4.482226656e-24)
(-0.07825802281 -0.06377244532 0)
(-0.05922122499 -0.0639254918 -1.585318295e-23)
(-0.03933482518 -0.05653074655 -2.025078056e-26)
(-0.02113925602 -0.04235333645 0)
(-0.007317798443 -0.02398022204 -1.517754078e-22)
(-0.0005215240042 -0.005925378383 6.049921805e-22)
(-0.0004989937652 0.02064125026 -9.76280101e-23)
(-0.01052749525 0.05044355318 2.830448115e-22)
(-0.02582470923 0.06911066722 1.526062253e-22)
(-0.04401326935 0.07847680604 3.616766021e-24)
(-0.06309607941 0.0802795185 -7.317561254e-23)
(-0.08188985629 0.0758671405 9.034869238e-23)
(-0.09946105604 0.06620662385 -3.587240351e-24)
(-0.1150043747 0.05201037467 -1.727386969e-24)
(-0.1277324339 0.03392109476 2.521436758e-24)
(-0.1368273399 0.0127040011 7.369365343e-24)
(-0.1414513825 -0.01058220948 -6.486089715e-24)
(-0.1408060669 -0.0344511886 -9.755679185e-24)
(-0.1342573997 -0.05691598439 -3.261096049e-23)
(-0.121529969 -0.07551976712 -3.640698908e-23)
(-0.1029548523 -0.08752877685 5.603491568e-25)
(-0.079754275 -0.09037919272 0)
(-0.05426049397 -0.0824344816 0)
(-0.02986813071 -0.06396997627 -2.901282213e-24)
(-0.01066158795 -0.03798418252 2.965625412e-24)
(-0.0007349728733 -0.01050016349 1.027651032e-22)
(-0.0004478796847 0.02686692209 0)
(-0.01134745741 0.06479431756 2.001581604e-22)
(-0.02801160984 0.08827862865 8.960533825e-23)
(-0.0479911583 0.1001044523 0)
(-0.06919558713 0.102689311 1.568963149e-22)
(-0.09043055147 0.09779980036 0)
(-0.1107676824 0.08659859497 -1.42765292e-22)
(-0.1293921255 0.06983140048 6.51150466e-24)
(-0.1454587326 0.04807896776 0)
(-0.158016167 0.02201903679 0)
(-0.1659943476 -0.007328339644 -1.373137597e-24)
(-0.1682487562 -0.03837816555 -9.303964764e-25)
(-0.1636892365 -0.06882616907 1.490294361e-22)
(-0.1515053832 -0.09556685303 -4.703601371e-23)
(-0.1315002608 -0.1148129586 -2.555963037e-24)
(-0.1045492055 -0.1225539797 1.529906596e-24)
(-0.07308621299 -0.1155376451 -1.554039782e-24)
(-0.04134603305 -0.09282071307 0)
(-0.0152507039 -0.05740182192 3.201068768e-24)
(-0.001044160448 -0.01714565947 -1.012190119e-21)
(-0.0003744942548 0.03345656345 0)
(-0.0117487527 0.07997391328 -1.127561905e-22)
(-0.02920368653 0.1086189468 -6.188986729e-22)
(-0.05031155883 0.123201584 -3.754053198e-22)
(-0.07295474776 0.1268887238 0)
(-0.09597884748 0.1219072835 4.117883389e-22)
(-0.1185146362 0.1096205918 1.260275311e-22)
(-0.1398004272 0.09077302763 -5.579061419e-24)
(-0.1590069192 0.06580976655 5.551448064e-24)
(-0.1751303122 0.03520998443 0)
(-0.1869400825 -0.0001904662963 2.910725197e-23)
(-0.1930016246 -0.03888664172 4.692661898e-24)
(-0.191766027 -0.07842410596 -1.075860917e-22)
(-0.1817735724 -0.1151688666 7.995284308e-23)
(-0.1620447495 -0.1442406508 -2.417705912e-22)
(-0.1326960291 -0.1598355326 0)
(-0.0957713583 -0.156293817 0)
(-0.0560117562 -0.1302844844 0)
(-0.02147672704 -0.08380313209 0)
(-0.001500208941 -0.02665275273 5.568413178e-22)
(-0.0002874882304 0.04015372703 0)
(-0.01169295004 0.09541948056 -3.491887594e-22)
(-0.02924244287 0.1293853892 8.930192352e-22)
(-0.0506058539 0.146906119 3.615967292e-22)
(-0.07369544472 0.1519520015 0)
(-0.09744450341 0.1472558991 -3.861081983e-22)
(-0.1210986372 0.1344036661 -3.173262268e-23)
(-0.1440231524 0.1141290238 3.331960463e-22)
(-0.1655043784 0.08669536904 1.768853556e-22)
(-0.1846145978 0.05229215882 -4.058726646e-23)
(-0.2001222435 0.01142341462 1.656566833e-23)
(-0.2104519726 -0.03470319044 -8.261395436e-24)
(-0.2137107501 -0.08375049402 3.370502325e-22)
(-0.2078117434 -0.1318572694 0)
(-0.1908145935 -0.1732551123 2.41887395e-22)
(-0.1616253002 -0.2002381288 5.768588794e-24)
(-0.1211596041 -0.2039921494 -5.854615549e-24)
(-0.07384546895 -0.1771955106 1.546460598e-22)
(-0.02971588515 -0.1188536035 -5.429518421e-24)
(-0.002179346425 -0.04005052924 0)
(-0.0002118860055 0.04670919962 0)
(-0.01125015872 0.1105326672 0)
(-0.02815609124 0.1497127141 -5.021390359e-22)
(-0.04874401105 0.1701270138 -1.880511888e-23)
(-0.0709993264 0.1766019495 2.037797446e-23)
(-0.09399227323 0.1724320452 -2.013736803e-23)
(-0.1171406782 0.1594711188 -2.316165106e-23)
(-0.1400149393 0.1384699962 -3.028776798e-22)
(-0.1621298491 0.1095113379 6.697844862e-23)
(-0.1827929772 0.07245280178 4.51157033e-23)
(-0.200980752 0.02735546282 -4.576056961e-23)
(-0.2152242248 -0.02507617614 0)
(-0.2235531918 -0.08296882475 -7.833791659e-23)
(-0.2234597139 -0.1427078879 0)
(-0.2120638457 -0.1981618973 -3.738183361e-22)
(-0.1867389217 -0.2400558948 5.24248252e-22)
(-0.1464393928 -0.2560561853 0)
(-0.09394216899 -0.2331025172 -1.492066449e-22)
(-0.04021816059 -0.1639486397 1.935559495e-22)
(-0.003200889223 -0.05860609815 -3.409547217e-22)
(-0.0002017641979 0.05296897029 0)
(-0.01067360948 0.1248005484 9.181002604e-22)
(-0.0262862566 0.1687200221 -2.440150015e-23)
(-0.04501342296 0.1916210076 9.191414889e-22)
(-0.06494869716 0.1992685692 -2.511503823e-23)
(-0.08536933818 0.1955901445 2.83812816e-23)
(-0.1059340117 0.1827731589 -2.812220753e-23)
(-0.1264963722 0.1616484006 -1.660486715e-23)
(-0.1469042254 0.1321720549 -5.258885591e-22)
(-0.1668509159 0.09389778758 -8.904335548e-24)
(-0.1857357757 0.04641196021 9.657785649e-24)
(-0.2024837033 -0.01022757232 3.312377571e-22)
(-0.2154205452 -0.07498459873 -5.819309327e-22)
(-0.2220249912 -0.1450149286 0)
(-0.2188056698 -0.2146576894 8.88469275e-22)
(-0.2016264106 -0.2739817349 -4.938564132e-22)
(-0.1668630076 -0.3075607829 -1.571480944e-23)
(-0.1140203159 -0.2953623188 0)
(-0.05288346641 -0.219566211 -1.888226699e-22)
(-0.004748987284 -0.08376729962 3.358639374e-22)
(-0.0003644633942 0.05901708582 1.550709938e-23)
(-0.01049753161 0.1379728996 -8.762416411e-22)
(-0.02441758087 0.1856595242 -1.156857603e-21)
(-0.04027268235 0.2101154336 -8.627182215e-22)
(-0.05631425275 0.2182127236 0)
(-0.07215685474 0.2146000551 3.513054698e-23)
(-0.08780171631 0.2018649534 -7.293298487e-23)
(-0.1034669116 0.1809918341 5.866620248e-23)
(-0.1194100484 0.1518966016 3.020661365e-22)
(-0.1358056509 0.1139171024 -1.12796064e-23)
(-0.1526212508 0.06622065005 0)
(-0.1694651679 0.008186972344 -3.603157068e-22)
(-0.1852884698 -0.06014761759 7.514302562e-22)
(-0.1980559275 -0.1372606533 8.830292082e-22)
(-0.2043635866 -0.2189106976 -5.295300033e-22)
(-0.1991039907 -0.2959544911 5.161565392e-22)
(-0.1760638437 -0.3513894743 1.077581047e-23)
(-0.1300899051 -0.3583976237 -1.094885623e-23)
(-0.06688758427 -0.2843135184 -8.232918241e-23)
(-0.007083169294 -0.1169903501 0)
(-0.0009098663961 0.06539552949 -1.911170043e-23)
(-0.01167838248 0.1502687344 -1.326769314e-21)
(-0.02389414827 0.2000477399 1.094047931e-21)
(-0.03602157072 0.2244012586 6.733910579e-22)
(-0.04658379844 0.2316390482 6.013692339e-22)
(-0.05578327893 0.2272225367 6.642867638e-22)
(-0.06412715773 0.2141651121 -4.457865162e-23)
(-0.07229179091 0.1936423001 -3.46076561e-22)
(-0.08098704082 0.1656009331 2.151816204e-22)
(-0.0908899793 0.1292735565 0)
(-0.1025731268 0.08353744015 0)
(-0.1163804155 0.02720941131 2.655062822e-22)
(-0.132176392 -0.04060914299 8.195231541e-23)
(-0.1489412183 -0.1200010838 -2.820933487e-22)
(-0.1641421782 -0.208917799 -5.410526051e-23)
(-0.1727984872 -0.3006863339 1.302099268e-22)
(-0.1670382974 -0.3793190608 -3.399598226e-22)
(-0.1365327888 -0.4136308661 -1.601721004e-23)
(-0.08018326038 -0.3538198883 8.221666865e-23)
(-0.01050757899 -0.1594068947 -6.033479898e-22)
(-0.002260787459 0.07348546959 0)
(-0.01580646877 0.1626423323 2.145577736e-21)
(-0.02665692312 0.2117758451 0)
(-0.03423358362 0.233377826 -1.351623177e-21)
(-0.03760752405 0.237760093 6.184918675e-23)
(-0.03801320446 0.2312412013 -6.1920742e-22)
(-0.03670114128 0.2171796144 -4.75558742e-22)
(-0.03491036383 0.1968879148 8.299972792e-22)
(-0.03380931218 0.1703333236 -1.885391929e-22)
(-0.03452000661 0.1367253372 0)
(-0.03813677644 0.09480320185 0)
(-0.0456703109 0.04305145022 2.411071852e-23)
(-0.05792736594 -0.02012820196 -6.006514725e-22)
(-0.07516378386 -0.09619681413 -4.309074385e-22)
(-0.0964674622 -0.1855462433 4.637493629e-22)
(-0.1183591978 -0.2853475902 -6.487772995e-22)
(-0.1332811003 -0.3838290471 9.116822035e-23)
(-0.1265407376 -0.4504257164 2.945611334e-23)
(-0.08899348927 -0.4198436346 5.660932795e-22)
(-0.01526928949 -0.2111664251 6.022110152e-22)
(-0.005181147807 0.0859787658 0)
(-0.02525848999 0.176622746 1.465651354e-22)
(-0.03484097112 0.2205857046 -4.916600566e-23)
(-0.03641118913 0.2354732025 7.641985436e-22)
(-0.03019972047 0.2343277977 -7.004461721e-22)
(-0.01918388881 0.2241492255 4.745860575e-23)
(-0.005635381684 0.2083444637 -1.018550022e-22)
(0.008547983214 0.1881197493 -3.389397389e-22)
(0.02177654273 0.1633906174 2.062573695e-22)
(0.03260576456 0.133327227 0)
(0.03956337125 0.09664650393 0)
(0.04115021281 0.0517478892 -2.902378344e-22)
(0.03576636636 -0.003247469543 0)
(0.02196504945 -0.07057583234 -5.51185745e-22)
(-0.001279682893 -0.1525665197 -1.491167566e-23)
(-0.03311718662 -0.2505887456 2.559450086e-23)
(-0.06910233339 -0.3599281366 2.202566282e-22)
(-0.0922848009 -0.4575365877 4.790798396e-24)
(-0.08718355631 -0.4698063719 -5.789942431e-22)
(-0.02103154896 -0.2698929418 0)
(-0.01111644676 0.1085973434 0)
(-0.04249145657 0.1947121573 -8.847626919e-22)
(-0.04796132546 0.2258133167 -5.410650444e-22)
(-0.0392054258 0.2282051257 4.543466961e-22)
(-0.01879222717 0.2182237889 -1.710270567e-24)
(0.007647131911 0.2028138855 -4.560589742e-23)
(0.03666047207 0.1847558858 5.695995133e-22)
(0.06580919606 0.1647082895 -2.766565934e-23)
(0.09325011984 0.1423122065 -2.069528337e-22)
(0.1173684999 0.1166295682 3.141887538e-23)
(0.1365266876 0.08641565411 -3.425606457e-23)
(0.1489490528 0.05018229177 -3.690327902e-23)
(0.152511655 0.006165332944 3.205430411e-22)
(0.1449228373 -0.04795536008 6.119246397e-22)
(0.1235040203 -0.1153002383 -5.100892926e-22)
(0.08632547793 -0.2004156007 -1.615959944e-22)
(0.03198227727 -0.306777596 1.531345868e-22)
(-0.02362738985 -0.4239806345 7.293808169e-23)
(-0.064926636 -0.4871577764 1.913302849e-21)
(-0.02510006177 -0.3291517344 2.955004213e-21)
(-0.02004671542 0.1460735582 -4.389974381e-23)
(-0.06416518387 0.2112950702 4.417145672e-23)
(-0.05070590494 0.2177273166 1.000127898e-21)
(-0.01934771753 0.2014634132 -8.262887061e-24)
(0.02413455479 0.1809021649 0)
(0.07152804393 0.1606880623 4.363297219e-23)
(0.119054826 0.1416453407 -2.273606283e-22)
(0.1644597498 0.1233155497 -9.026934016e-23)
(0.2062075886 0.104810966 3.680314107e-23)
(0.2429471502 0.08507244045 -1.701481149e-23)
(0.273204733 0.06296400524 3.429659398e-23)
(0.2952393266 0.03726646039 -6.592176741e-23)
(0.3066846755 0.006539011856 -9.303281196e-23)
(0.3049633525 -0.03087390356 1.516965786e-22)
(0.2863851022 -0.07785976066 0)
(0.2470500201 -0.1399278625 1.505507379e-22)
(0.1810867288 -0.2266289872 2.559996732e-22)
(0.09604039787 -0.3443882822 0)
(-0.006699715061 -0.4552197289 -3.675649288e-21)
(-0.01922442566 -0.3777525615 -2.892633029e-21)
(-0.02591926178 0.2276837406 -9.514064167e-22)
(-0.03998284617 0.2238222463 -1.388923231e-22)
(0.03656092308 0.1810580124 -2.335432853e-22)
(0.109048049 0.1451042724 -1.1936565e-22)
(0.181714481 0.117242193 -4.29558112e-23)
(0.2490019058 0.0962765822 9.782257046e-23)
(0.3100243011 0.08002297535 -1.408439301e-22)
(0.3646099756 0.06656672956 1.297029469e-22)
(0.4126134703 0.05449126556 -8.619143834e-23)
(0.4536132511 0.04270933463 1.132156896e-25)
(0.4867768248 0.03032413337 1.527611033e-23)
(0.5107353841 0.01653068219 7.9965876e-23)
(0.523651703 0.0005382825794 -1.811010063e-22)
(0.5231736744 -0.01863201357 -1.617067533e-22)
(0.5052278423 -0.04286340309 -4.262608359e-23)
(0.4658683435 -0.07633144233 0)
(0.3952673586 -0.1286086666 -1.846483759e-22)
(0.2916053793 -0.2208467325 8.148764194e-22)
(0.1197444647 -0.352501619 1.631602571e-21)
(0.02670520798 -0.3775496419 2.172656098e-21)
(0.2142897093 0.1347449797 9.864833562e-22)
(0.2776319365 0.09870536836 0)
(0.4316601418 0.05810430451 -2.594211187e-22)
(0.5304753137 0.03846259672 -1.741577199e-22)
(0.6016958829 0.02623398185 0)
(0.6571178805 0.01831896988 -6.008529664e-23)
(0.7015180962 0.01313578179 6.37727211e-23)
(0.7376000506 0.009542002719 -1.799923806e-23)
(0.7669321563 0.006804480387 2.885612703e-23)
(0.7902059959 0.004464900695 2.314767888e-23)
(0.8074512937 0.002221587553 0)
(0.8182587229 -0.000149739007 -2.872793918e-23)
(0.8216475442 -0.002723495767 0)
(0.8162380135 -0.005712403086 2.737919554e-23)
(0.7991327186 -0.009611226727 1.421585845e-23)
(0.7679985773 -0.01500250944 -5.79946734e-23)
(0.7106557248 -0.02502526915 -2.535663436e-22)
(0.6235184937 -0.04204293582 -6.91810229e-22)
(0.4230090922 -0.09182976541 0)
(0.2705674436 -0.1524022225 -2.119483958e-21)
)


// ************************************************************************* //
