/*--------------------------------*- C++ -*----------------------------------*\
  =========                 |
  \\      /  F ield         | OpenFOAM: The Open Source CFD Toolbox
   \\    /   O peration     | Website:  https://openfoam.org
    \\  /    A nd           | Version:  13
     \\/     M anipulation  |
\*---------------------------------------------------------------------------*/
FoamFile
{
    format      ascii;
    class       scalarField;
    location    "0.33";
    object      p_all;
}
// * * * * * * * * * * * * * * * * * * * * * * * * * * * * * * * * * * * * * //


400
(
-3.69393401e-09
5.775797155e-05
0.0004898965948
0.001274898572
0.002277896374
0.003445466082
0.00473815194
0.006125637942
0.007582132369
0.00908406167
0.01060840323
0.0121327046
0.01363253548
0.01508161741
0.0164499564
0.01770133845
0.01878854913
0.01964790401
0.02013026788
0.02020772801
-1.592893439e-05
2.524819472e-05
0.0003830164162
0.001101554099
0.002064174134
0.003222670927
0.004533465352
0.005960693538
0.007472702064
0.009040187926
0.01063483792
0.01222765863
0.01378863232
0.01528494604
0.01667959867
0.01792935768
0.01898128061
0.01977548778
0.02018096248
0.02024180183
-0.0005048774949
-0.0003852724893
-1.98132085e-05
0.0007088233607
0.00168793413
0.002879057931
0.004238650711
0.005729116137
0.007315890346
0.008966260421
0.01064807324
0.01232873676
0.01397391067
0.01554650053
0.01700528207
0.01830354182
0.01938640074
0.02020185171
0.02062093391
0.02076434764
-0.001483969733
-0.001253208985
-0.0008375250246
-4.880218366e-05
0.0009965228577
0.002269698273
0.003728485597
0.005334548997
0.007050806632
0.008841037431
0.0106689798
0.01249742623
0.01428724435
0.01599644304
0.01757921535
0.0189853927
0.020158344
0.02105281052
0.02153308912
0.02179438339
-0.002903888852
-0.002559417576
-0.002066667
-0.001176728188
-1.825374236e-05
0.001386573853
0.002995848889
0.004770377762
0.0066707201
0.008657311714
0.01068980339
0.01272643133
0.0147229817
0.0166321469
0.01840279408
0.01997994894
0.02130276956
0.02232792664
0.0229028173
0.02328720092
-0.00479025374
-0.004340423989
-0.003754174766
-0.002729599638
-0.001413605063
0.0001745215481
0.001991414027
0.003995992161
0.00614586085
0.008397668697
0.01070653652
0.01302554495
0.01530459306
0.01748985782
0.01952309165
0.02134180442
0.02287703921
0.0240812342
0.02477627513
0.02527889772
-0.007196024972
-0.00665113609
-0.005957325368
-0.00476619949
-0.00324724758
-0.001420580813
0.0006668269431
0.002970502454
0.005444141256
0.008039952573
0.01070796755
0.01339550084
0.0160455836
0.0185963423
0.02097996969
0.02312269707
0.02494225714
0.02637935844
0.02722191068
0.02783752039
-0.01019985243
-0.009570333935
-0.008754682207
-0.007363319858
-0.005592346458
-0.003466343489
-0.001038207395
0.001642424345
0.004524183244
0.00755411028
0.01067663264
0.01383279129
0.01695782564
0.01998016602
0.02281955397
0.02538623895
0.02757797586
0.02931433308
0.03033839839
0.03106400093
-0.01390761764
-0.01320355872
-0.01224927864
-0.01061847756
-0.008539333155
-0.006044821212
-0.003196396864
-5.084552045e-05
0.00333421128
0.006900104804
0.01058554418
0.0143253801
0.01804670531
0.02166705332
0.02509082449
0.02820676911
0.03088398987
0.03300817394
0.03426051835
0.03509765164
-0.01845880959
-0.0176892384
-0.01657451727
-0.01465503549
-0.01220009414
-0.00925580818
-0.005895478995
-0.002185303468
0.001809741974
0.006025217291
0.01039486284
0.01484868044
0.01930662538
0.02367551974
0.02784241122
0.03166868741
0.03498359931
0.03762080898
0.03917018158
0.04012953718
-0.0240389658
-0.02320888005
-0.02190261047
-0.01962819182
-0.01671183567
-0.01321905589
-0.009239421098
-0.004851244011
-0.000127771198
0.00486154845
0.01004768309
0.01535932909
0.02071288746
0.02600765549
0.03111394947
0.03586102238
0.04002467774
0.04336039365
0.04531417247
0.04642740799
-0.03090237163
-0.03000398249
-0.02845739302
-0.02573287354
-0.02224108147
-0.01807543375
-0.01334789042
-0.008152224379
-0.002570575726
0.003324583157
0.009465749749
0.01578717806
0.02220961777
0.02863360851
0.03491931488
0.04086379811
0.04617580941
0.05049634874
0.05303311189
0.05438235297
-0.03941430982
-0.03840410705
-0.03653364996
-0.03321400074
-0.02898720904
-0.02398574894
-0.01835230213
-0.01220020414
-0.005620646097
0.001314513303
0.008546153317
0.01602607129
0.02369302642
0.03146687745
0.03921593405
0.04671780059
0.0536090851
0.05937206282
0.06280820207
0.06459871546
-0.05013392116
-0.04887444245
-0.04652631945
-0.0423796029
-0.03718435433
-0.03112507905
-0.02438576447
-0.01710388848
-0.009379017309
-0.001276928728
0.007161061642
0.01592568595
0.02499080343
0.03432749686
0.04385118644
0.05336132067
0.0624487018
0.07040314069
0.07533266847
0.07807305918
-0.0639847305
-0.06209285069
-0.05896833078
-0.05361247837
-0.04709636829
-0.0396669842
-0.03156136738
-0.02294474051
-0.01392222047
-0.004543391654
0.005191743233
0.01529574364
0.02584326656
0.03689315163
0.04847429407
0.06050318403
0.07263545603
0.08401766266
0.09162132423
0.0965879318
-0.08265784097
-0.07911022942
-0.07459957759
-0.0673886548
-0.05900278959
-0.04974983717
-0.03992931401
-0.02973215357
-0.01925985502
-0.008534466574
0.00249033019
0.01391643323
0.02590171364
0.03865551875
0.05241765696
0.06739839432
0.08361658365
0.1004400265
0.1131882542
0.1236022466
-0.1093254416
-0.1013781457
-0.09425785185
-0.08414651996
-0.07305728914
-0.06133338607
-0.04934033828
-0.03727736057
-0.02521663487
-0.01312737296
-0.0008952199848
0.01166561266
0.02482860159
0.03898393596
0.05466560459
0.0726174705
0.09380680375
0.118996846
0.141750377
0.1650951962
-0.1527302298
-0.131768005
-0.1193243237
-0.1042649807
-0.08898579738
-0.07380279424
-0.05905748793
-0.04485164824
-0.03113911878
-0.01777706188
-0.00455221509
0.008823735394
0.0226982172
0.03763788422
0.05447660633
0.07466486204
0.1007683297
0.1371447767
0.1771180575
0.2307919669
-0.225010728
-0.1641158675
-0.1423866374
-0.1205526314
-0.1007671103
-0.0824828569
-0.06555455359
-0.04980224238
-0.0350029629
-0.02089277845
-0.007177877449
0.006491771849
0.02062035308
0.03581455122
0.0532425574
0.07526523739
0.1064086035
0.1569121467
0.2243885544
0.3683323336
-0.4629625296
-0.2133630444
-0.1566900522
-0.1271624396
-0.1032725996
-0.08335025585
-0.06592422863
-0.05004126147
-0.03523815232
-0.02117449882
-0.007511866202
0.006136951502
0.02030173386
0.03600591664
0.05512896966
0.08227331191
0.1261817101
0.2111063642
0.3555167229
0.6935867096
)


// ************************************************************************* //
