/*--------------------------------*- C++ -*----------------------------------*\
  =========                 |
  \\      /  F ield         | OpenFOAM: The Open Source CFD Toolbox
   \\    /   O peration     | Website:  https://openfoam.org
    \\  /    A nd           | Version:  13
     \\/     M anipulation  |
\*---------------------------------------------------------------------------*/
FoamFile
{
    format      ascii;
    class       vectorField;
    location    "9.79";
    object      U_all;
}
// * * * * * * * * * * * * * * * * * * * * * * * * * * * * * * * * * * * * * //


400
(
(7.041075574e-06 -3.120195118e-05 0)
(-0.0006577932559 0.0004069381954 -1.471210186e-23)
(-0.002133941712 0.0008973423191 0)
(-0.003940797638 0.001276210962 0)
(-0.005806676506 0.00149073912 6.077983503e-25)
(-0.007545120079 0.001524201956 4.078625635e-24)
(-0.009025808006 0.001382761892 -4.605379046e-24)
(-0.01015156849 0.001088864867 1.052303314e-23)
(-0.01084493542 0.0006785494663 -2.360271004e-25)
(-0.01104700418 0.0002000074197 -4.415683022e-24)
(-0.01072227582 -0.0002901113761 6.295849442e-24)
(-0.009869760025 -0.0007278075841 -6.357281913e-23)
(-0.008535686497 -0.001051610559 -7.049305512e-23)
(-0.006821740841 -0.001211045078 -8.342896524e-23)
(-0.004889275191 -0.001178342496 4.969245033e-24)
(-0.002953433728 -0.0009592686216 -4.598590984e-24)
(-0.001260648046 -0.0006009576237 -2.342580068e-22)
(-7.800502282e-05 -0.000188598826 0)
(0.000476351156 0.0001496754983 3.207963775e-25)
(0.0002121257846 0.0002912683466 -2.492841859e-23)
(-0.0002558961967 0.0008160650843 1.329937207e-25)
(-0.002621909512 0.003289788768 1.480459407e-23)
(-0.006687799049 0.005432261062 1.441180978e-25)
(-0.01156583768 0.006786570883 -7.559090074e-25)
(-0.01657948267 0.007315341801 1.008645329e-24)
(-0.02126873246 0.007069808565 1.063717825e-23)
(-0.02528611812 0.006137965202 3.894386987e-24)
(-0.02836655738 0.004630935612 -1.020401354e-23)
(-0.03030327182 0.002686852127 1.179716264e-23)
(-0.03094644127 0.0004777822292 4.994779207e-24)
(-0.03020988339 -0.001787961189 -6.85641433e-24)
(-0.02809606001 -0.003872818202 2.681473344e-24)
(-0.02472545828 -0.0055283317 4.129632223e-23)
(-0.02035150115 -0.006526431056 -2.160142305e-24)
(-0.01536980312 -0.006701273833 4.198741278e-24)
(-0.01030140636 -0.005996543411 -1.14842183e-22)
(-0.005741427953 -0.004510092453 1.146733564e-22)
(-0.002286720935 -0.002531933822 -7.325398211e-25)
(-0.0002294984328 -0.000564655887 7.510168524e-25)
(7.625887978e-05 0.0005611354434 0)
(-0.0004025607537 0.002851130794 -2.761802232e-25)
(-0.004482671709 0.008519588603 1.5649746e-23)
(-0.01096776788 0.01279730813 -8.155894584e-24)
(-0.01864483495 0.01526154824 -1.747340877e-25)
(-0.02651539635 0.01598446336 1.716600741e-25)
(-0.03391367392 0.01514855129 7.497981857e-26)
(-0.04031674172 0.01296703484 -3.638560732e-24)
(-0.04531454445 0.009669123772 -6.246327494e-25)
(-0.04858172051 0.005517357282 -1.235435715e-23)
(-0.04987465715 0.0008303063304 0)
(-0.04904668605 -0.00400031216 0)
(-0.04607998535 -0.00852240668 2.927709836e-23)
(-0.04112471764 -0.01224185475 3.085803371e-23)
(-0.03452917884 -0.0146796313 -1.870071583e-24)
(-0.02685528086 -0.01545022997 5.674724773e-23)
(-0.01886006187 -0.01436031842 1.111171024e-22)
(-0.01142560339 -0.0115142588 6.000173682e-23)
(-0.005437456192 -0.007409242057 1.098392815e-24)
(-0.001466553833 -0.002995631151 -2.55593927e-25)
(-9.123830061e-05 0.0001541131715 0)
(-0.0004806356555 0.00584594396 -3.913257494e-23)
(-0.006160440472 0.01580571886 -1.553962942e-23)
(-0.01495743225 0.02273900209 8.074390085e-24)
(-0.02531864462 0.02649619087 0)
(-0.03595101658 0.02737251181 0)
(-0.04602029603 0.02574103368 0)
(-0.05486178309 0.02197031072 -1.393013156e-25)
(-0.06194112257 0.01642166482 -1.026562704e-25)
(-0.06681745618 0.0094892257 0)
(-0.06913653425 0.001647036314 2.303881292e-24)
(-0.06865530069 -0.006516044816 3.243916717e-25)
(-0.06528041038 -0.01429472831 -3.253000872e-25)
(-0.05912106438 -0.02089117602 0)
(-0.05054621726 -0.02549137721 4.943089033e-23)
(-0.0402210504 -0.02738668616 -5.488174366e-23)
(-0.02910699685 -0.02614238589 -3.795409294e-23)
(-0.01839308358 -0.02179364 -6.020083389e-23)
(-0.009339418557 -0.01502943166 7.517367314e-25)
(-0.002944800517 -0.007299644716 7.103265673e-23)
(-0.0002277048833 -0.0009369172084 0)
(-0.0005083598182 0.009740712393 3.932489354e-23)
(-0.007681648662 0.02502919977 4.858117854e-25)
(-0.01868029189 0.03514216182 -4.747193884e-25)
(-0.03163746813 0.04040764788 0)
(-0.04500071104 0.0414650614 7.12812935e-25)
(-0.05779643868 0.03893702186 -7.029311083e-25)
(-0.06924683726 0.03336577895 3.255496046e-23)
(-0.0787102884 0.02523945151 1.381157718e-23)
(-0.08562811002 0.01506702718 4.575237673e-24)
(-0.08951150354 0.003460705729 -2.30656574e-24)
(-0.08996768918 -0.008800328228 0)
(-0.08674944274 -0.02074033853 5.567005486e-25)
(-0.07983173137 -0.0312048617 1.477615508e-23)
(-0.06950502197 -0.03894674326 -5.214291183e-23)
(-0.05645818345 -0.04279106801 2.531024877e-24)
(-0.04182858108 -0.04189185729 6.348465524e-23)
(-0.02716651498 -0.03605967032 -7.340946891e-25)
(-0.01425921168 -0.02608998297 0)
(-0.004769313911 -0.01395415857 5.176758514e-23)
(-0.0003542064421 -0.00288506434 -2.239559574e-22)
(-0.0005062882845 0.01446261981 9.78102794e-23)
(-0.009042184265 0.03605664307 -4.937414602e-25)
(-0.02208093127 0.04988893366 0)
(-0.03750239271 0.05693348749 0)
(-0.05354095267 0.05829143488 -8.353161887e-23)
(-0.06911821285 0.05489115322 -8.004593316e-23)
(-0.08337424084 0.04745772727 -3.606073648e-23)
(-0.09558001836 0.03658319494 -1.24297581e-23)
(-0.1050602028 0.02284965453 -3.886231924e-24)
(-0.1111672816 0.006959781233 -6.893320647e-24)
(-0.1133048663 -0.01015344618 5.147190309e-24)
(-0.1109859063 -0.02725697888 6.004438491e-24)
(-0.1039367645 -0.04280199685 -1.750816009e-23)
(-0.09223969532 -0.05500169578 -7.592714449e-24)
(-0.07648717088 -0.06202611041 0)
(-0.05792417458 -0.06235776156 -2.737769812e-23)
(-0.03849781714 -0.05530407685 3.692274822e-25)
(-0.02069892429 -0.04157047598 0)
(-0.00716706445 -0.02364336704 -1.223082896e-22)
(-0.0005061038971 -0.005901939813 5.367196596e-22)
(-0.0004836853307 0.01991575414 -9.713795233e-23)
(-0.01019266272 0.04869104677 2.765653143e-22)
(-0.02501622744 0.06676392149 1.486511267e-22)
(-0.04266370674 0.07590315508 3.486507785e-24)
(-0.0612110939 0.07777683412 -7.05475772e-23)
(-0.07951883565 0.07366894212 8.512355024e-23)
(-0.09668372577 0.06448840644 -3.36998637e-24)
(-0.1119197452 0.05089389393 -1.568971248e-24)
(-0.1244507636 0.03347642199 2.274520427e-24)
(-0.1334643527 0.0129505641 6.189500593e-24)
(-0.1381248311 -0.009674374797 -5.118902464e-24)
(-0.1376310636 -0.03296326783 -6.677442039e-24)
(-0.1313435224 -0.05497375369 -3.113321455e-23)
(-0.1189788123 -0.07329333364 -1.555729925e-23)
(-0.100852242 -0.08522542356 1.316641518e-25)
(-0.07815948107 -0.08822855809 0)
(-0.05319059812 -0.08065994123 0)
(-0.02928130735 -0.0627421285 -2.391631916e-24)
(-0.01044906354 -0.03736274185 2.444672004e-24)
(-0.0007146792506 -0.01038231732 9.897143344e-23)
(-0.0004408586322 0.02595854582 0)
(-0.0110486208 0.06263537312 1.940606477e-22)
(-0.02727370305 0.08541265427 8.685775192e-23)
(-0.04674316769 0.0969792358 0)
(-0.06743679905 0.0996598352 1.506821874e-22)
(-0.08820320235 0.09513854027 0)
(-0.1081433691 0.08450636531 -1.352693061e-22)
(-0.1264601777 0.0684453071 6.113644278e-24)
(-0.1423177576 0.04747747945 0)
(-0.1547682788 0.02222524652 0)
(-0.1627448955 -0.006344108736 -1.229466414e-24)
(-0.1650995907 -0.03669203242 -7.84482857e-25)
(-0.1607387526 -0.06656681796 1.298086863e-22)
(-0.1488540946 -0.09291021321 -4.500863332e-23)
(-0.129244721 -0.1119819032 -1.998548252e-24)
(-0.1027738593 -0.1198117942 1.005650807e-24)
(-0.07184515522 -0.1131666597 -1.02151448e-24)
(-0.04063534993 -0.09107406771 0)
(-0.01497983005 -0.05642625625 2.88917218e-24)
(-0.001019052767 -0.01690072574 -9.287628082e-22)
(-0.0003779340119 0.03239645243 0)
(-0.01152375972 0.07747236324 -1.101502654e-22)
(-0.02862260242 0.1053096947 -6.017092078e-22)
(-0.04930345611 0.1196019509 -3.638065242e-22)
(-0.07151152422 0.1234047811 0)
(-0.09413318946 0.1188461211 3.949552156e-22)
(-0.1163271089 0.1072040607 1.19403067e-22)
(-0.1373471976 0.08914882791 -5.255369248e-24)
(-0.1563704364 0.06505972738 5.229358878e-24)
(-0.1723927581 0.0353565566 0)
(-0.1841760118 0.0008217493375 2.730393342e-23)
(-0.1902839962 -0.03708444259 4.298526564e-24)
(-0.1891681121 -0.07595594409 -9.627851936e-23)
(-0.1793695424 -0.1122022393 6.944427362e-23)
(-0.1599192489 -0.1409925286 -2.164484644e-22)
(-0.1309427269 -0.1565781251 0)
(-0.09447862558 -0.1533501738 0)
(-0.0552283711 -0.1279921114 0)
(-0.02115870923 -0.08242395049 0)
(-0.001470381374 -0.02625079938 5.13571218e-22)
(-0.0003025444286 0.03899384916 0)
(-0.01157527381 0.09268056603 -3.397885487e-22)
(-0.02889681578 0.1257579974 8.685513188e-22)
(-0.04996622314 0.142959803 3.504002135e-22)
(-0.07274653495 0.1481354862 0)
(-0.09620825445 0.1439060362 -3.703905732e-22)
(-0.1196229775 0.1317589156 -3.034797044e-23)
(-0.1423690709 0.112342096 3.186674551e-22)
(-0.1637346931 0.08584424306 1.68760661e-22)
(-0.182785151 0.05239043667 -3.867405438e-23)
(-0.1982754222 0.01243131126 1.612495325e-23)
(-0.208617935 -0.03287067939 -7.752053594e-24)
(-0.2119121351 -0.08121068357 3.187564451e-22)
(-0.206074426 -0.1287586455 0)
(-0.189184112 -0.1697857702 2.165529884e-22)
(-0.1601779902 -0.196644738 5.010614928e-24)
(-0.1200009581 -0.2006008911 -5.085339616e-24)
(-0.07307988972 -0.1744066868 1.308104096e-22)
(-0.02937502747 -0.1170596111 -4.727488708e-24)
(-0.002145387417 -0.03946945817 0)
(-0.0002383836242 0.04551815888 0)
(-0.01126365984 0.1076957222 0)
(-0.02810537031 0.1459337758 -4.885814137e-22)
(-0.04857305094 0.1660049024 -1.828744572e-23)
(-0.07068622418 0.172617178 1.969541106e-23)
(-0.09354675569 0.168945828 -1.946286192e-23)
(-0.1165958742 0.1567343013 -2.224191042e-23)
(-0.1394145448 0.1366347686 -2.89566975e-22)
(-0.1615152584 0.1086438795 6.56554992e-23)
(-0.1821919612 0.07254694919 4.296699054e-23)
(-0.2003991336 0.02834953769 -4.351178984e-23)
(-0.2146457612 -0.02328106143 0)
(-0.2229433719 -0.08049532052 -7.070159037e-23)
(-0.2227806285 -0.1396824938 0)
(-0.211298858 -0.194727246 -3.552141261e-22)
(-0.1859164278 -0.2363983883 4.917544166e-22)
(-0.1456501859 -0.2524539452 0)
(-0.09332678921 -0.2299679751 -1.260773277e-22)
(-0.039897134 -0.1617894026 1.695984301e-22)
(-0.003164529291 -0.05783977678 -3.17068773e-22)
(-0.0002381982231 0.05182503667 0)
(-0.01082856582 0.1220264769 8.968994129e-22)
(-0.02656100959 0.1649836369 -2.380568471e-23)
(-0.04536653577 0.1875225772 8.966661349e-22)
(-0.06535135583 0.1953064544 -2.443049953e-23)
(-0.08581543099 0.1921431683 2.74649654e-23)
(-0.1064364652 0.1801005482 -2.721425347e-23)
(-0.1270761231 0.1598977602 -1.601865539e-23)
(-0.1475775329 0.1313923859 -5.074775062e-22)
(-0.1676170018 0.09405539753 -8.586692556e-24)
(-0.1865668569 0.04741229837 9.317337945e-24)
(-0.2033286198 -0.008513613359 3.213056726e-22)
(-0.2161954743 -0.07268480216 -5.618683071e-22)
(-0.2226297793 -0.1422462084 0)
(-0.2191577912 -0.2115161875 8.527015897e-22)
(-0.2016862242 -0.2705731022 -4.633183367e-22)
(-0.1666707778 -0.3040669744 -1.474360472e-23)
(-0.1137101657 -0.2921369749 0)
(-0.05264434119 -0.2171711468 -1.652690787e-22)
(-0.004713993633 -0.08283602985 3.12392511e-22)
(-0.0004083925327 0.05799957585 1.515602414e-23)
(-0.01078900198 0.1354280575 -8.560127439e-22)
(-0.02501414923 0.1821686556 -1.133214e-21)
(-0.04115081782 0.2062488119 -8.416340044e-22)
(-0.05743691938 0.2144686348 0)
(-0.07349599804 0.2113652518 3.415408321e-23)
(-0.08934078444 0.1994025047 -7.085709433e-23)
(-0.1051942772 0.1794428613 5.695100992e-23)
(-0.1213100285 0.1512931747 2.923012042e-22)
(-0.1378492373 0.1141983377 -1.095004218e-23)
(-0.1547573278 0.06725888752 0)
(-0.1716104286 0.009820459861 -3.493587286e-22)
(-0.1873360297 -0.05806943881 7.322104741e-22)
(-0.1998834032 -0.134858375 8.635152032e-22)
(-0.2058395586 -0.2162489573 -5.113752178e-22)
(-0.2001240849 -0.2930627851 5.014441087e-22)
(-0.1765966326 -0.3483297534 9.954939167e-24)
(-0.130212999 -0.355399904 -1.011480675e-23)
(-0.06680172449 -0.2818924558 -1.026551049e-22)
(-0.007056364465 -0.1159500569 0)
(-0.0009583195757 0.0645759522 -1.873276294e-23)
(-0.01208616383 0.1481076734 -1.303452217e-21)
(-0.02477319301 0.1969939176 1.071799787e-21)
(-0.03736838344 0.2209619854 6.612507376e-22)
(-0.04835218765 0.2282902857 5.899028512e-22)
(-0.05791683108 0.2243447429 6.505144048e-22)
(-0.06656918983 0.2120190879 -4.348952443e-23)
(-0.0749857632 0.1923623008 -3.383485296e-22)
(-0.08387546994 0.1652090122 2.104104329e-22)
(-0.09391176874 0.1296918304 0)
(-0.1056574054 0.08461766394 0)
(-0.1194418028 0.02876785696 2.608696446e-22)
(-0.1351136909 -0.03875547288 8.345657497e-23)
(-0.1516365018 -0.1179859205 -2.722407883e-22)
(-0.1664615755 -0.2068003035 -5.310250575e-23)
(-0.1746061379 -0.2984517194 1.329434471e-22)
(-0.1682426864 -0.3769240691 -3.29324231e-22)
(-0.1371238774 -0.4111577789 -2.476703914e-23)
(-0.08030498641 -0.3516289377 1.02514804e-22)
(-0.010498745 -0.1583497969 -6.1624053e-22)
(-0.00230965893 0.07291874969 0)
(-0.01629291452 0.1609893643 2.110390582e-21)
(-0.02774035091 0.2093176955 0)
(-0.03593210281 0.2305279956 -1.329985322e-21)
(-0.03986821629 0.2349475973 6.330353205e-23)
(-0.04074938164 0.2288207782 -6.063137578e-22)
(-0.03981077172 0.2154016922 -4.667159488e-22)
(-0.0382845748 0.1958761731 8.12809043e-22)
(-0.03734245983 0.1701148583 -1.843109273e-22)
(-0.03811771358 0.1372213259 0)
(-0.04171124775 0.09586512229 0)
(-0.04914198307 0.04449153385 2.487871327e-23)
(-0.06122062769 -0.01850081708 -5.913608362e-22)
(-0.07819859849 -0.09453310505 -4.243652822e-22)
(-0.09914968777 -0.1839230809 4.596102256e-22)
(-0.1205677479 -0.2837506864 -6.370555607e-22)
(-0.1349119593 -0.3821591141 8.611388625e-23)
(-0.1275000615 -0.448664711 3.86074818e-23)
(-0.08932242327 -0.4181149429 5.6990937e-22)
(-0.01528690851 -0.2102106812 6.150792414e-22)
(-0.005223371931 0.08569243287 0)
(-0.02575962337 0.1755505514 1.477543702e-22)
(-0.03599701535 0.2188265796 -4.855157406e-23)
(-0.03826339039 0.2333220734 7.533272321e-22)
(-0.03269888549 0.2321434445 -6.89673178e-22)
(-0.02222316373 0.2222361489 4.670791092e-23)
(-0.009079972286 0.206931481 -1.014112246e-22)
(0.004856732926 0.1873324234 -3.323518627e-22)
(0.01799095256 0.1632579402 2.030071397e-22)
(0.02884403093 0.1337908602 0)
(0.03592965799 0.09758207291 0)
(0.03771973536 0.05298981873 -2.863596833e-22)
(0.03259177783 -0.001873914306 0)
(0.01908432658 -0.06922813933 -5.476893251e-22)
(-0.003831172772 -0.1513426433 -1.282661791e-23)
(-0.03526713048 -0.2494984512 2.537896611e-23)
(-0.07081906485 -0.3588762397 2.149947985e-22)
(-0.0934073023 -0.4565141202 4.96110861e-24)
(-0.08763864274 -0.4686662859 -5.832199503e-22)
(-0.02107822929 -0.2691513285 0)
(-0.01113891583 0.1085702813 0)
(-0.04290247384 0.1942046858 -8.750095948e-22)
(-0.04897847173 0.2247614695 -5.37208704e-22)
(-0.04089652144 0.2267730802 4.510528296e-22)
(-0.02113726716 0.2167001575 -1.7589034e-24)
(0.004741744293 0.2014162468 -4.512137633e-23)
(0.03334908129 0.1836833756 5.61506637e-22)
(0.06226057409 0.1640887914 -2.725546316e-23)
(0.08963305016 0.1421800796 -2.036256126e-22)
(0.1138279154 0.1169572365 3.100211063e-23)
(0.1331800598 0.08711795922 -3.386293652e-23)
(0.1458791815 0.05113574544 -3.658865714e-23)
(0.1497600413 0.007240621458 3.183454868e-22)
(0.1425055574 -0.04692731177 6.081858957e-22)
(0.1214259218 -0.1144189737 -5.077905818e-22)
(0.08461495242 -0.1997209823 -1.622009445e-22)
(0.03048840616 -0.3062388628 1.514268127e-22)
(-0.02469380787 -0.4234409372 7.29079633e-23)
(-0.06535912378 -0.4865473548 1.910796287e-21)
(-0.02515889426 -0.3286762069 2.952160249e-21)
(-0.02003192514 0.1462108891 -4.366041405e-23)
(-0.06435554337 0.21120841 4.3930642e-23)
(-0.05131882401 0.2172682352 9.947545129e-22)
(-0.02046836743 0.2006897394 -6.944386944e-24)
(0.02244715062 0.1799793736 0)
(0.06929069586 0.1597865503 4.32050878e-23)
(0.1164146504 0.1409119493 -2.246471669e-22)
(0.1615597179 0.122852407 -8.91059262e-23)
(0.2032079666 0.1046616175 3.630154928e-23)
(0.2400010222 0.08523145307 -1.678711511e-23)
(0.2704432401 0.06338053731 3.390300142e-23)
(0.2927753003 0.03785608742 -6.53320919e-23)
(0.3045272029 0.007193397601 -9.227980977e-23)
(0.3031347783 -0.03022604925 1.511849002e-22)
(0.2848985922 -0.07731425965 0)
(0.24586631 -0.1395474857 1.513497987e-22)
(0.1801293408 -0.2264529816 2.554087921e-22)
(0.0953265005 -0.344173682 0)
(-0.007064164862 -0.4549928616 -3.670791084e-21)
(-0.01928378406 -0.3775440121 -2.889837293e-21)
(-0.02587679979 0.2278285755 -9.500775146e-22)
(-0.03991481509 0.2239226076 -1.384624693e-22)
(0.03648496091 0.1809722336 -2.322545425e-22)
(0.1086738407 0.1448391153 -1.184460683e-22)
(0.1809404997 0.1168379037 -4.283898452e-23)
(0.2477895243 0.0958498189 9.713259406e-23)
(0.3084336105 0.07965398251 -1.394105356e-22)
(0.3627407332 0.06631709925 1.280882685e-22)
(0.4105968729 0.0543932363 -8.502606748e-23)
(0.4515876515 0.04276670564 1.131172355e-25)
(0.4848676705 0.0305134447 1.512130202e-23)
(0.5090396789 0.01681100512 7.925170627e-23)
(0.5222485395 0.0008340109291 -1.799711639e-22)
(0.5221074564 -0.01833768728 -1.611928618e-22)
(0.5044404548 -0.04262226919 -4.260190853e-23)
(0.4653121776 -0.07617829863 0)
(0.3948646049 -0.1285589086 -1.832799842e-22)
(0.2913032791 -0.2208313669 8.13383774e-22)
(0.1195619292 -0.3524880995 1.629324207e-21)
(0.02665919352 -0.3775220776 2.171468606e-21)
(0.2143338425 0.1347883717 9.850170477e-22)
(0.2777699898 0.0987611764 0)
(0.4318138649 0.0581299448 -2.587668862e-22)
(0.530541016 0.03845563801 -1.738221785e-22)
(0.6015833036 0.02619800033 0)
(0.656778595 0.01827436175 -5.970562399e-23)
(0.7009647188 0.0130966741 6.310545043e-23)
(0.7368837522 0.009520315907 -1.774423385e-23)
(0.7661291626 0.006806378154 2.845185759e-23)
(0.7894007703 0.004490892948 2.283410194e-23)
(0.8067217806 0.002267157974 0)
(0.8176629637 -9.134685101e-05 -2.845420845e-23)
(0.8212204416 -0.002658682719 0)
(0.8159878058 -0.005663966925 2.725921564e-23)
(0.7990229405 -0.009582374473 1.431303026e-23)
(0.7679836486 -0.01499395869 -5.781927055e-23)
(0.7106786057 -0.0250364336 -2.527390893e-22)
(0.6235337393 -0.04205664978 -6.906409943e-22)
(0.4230069151 -0.09184428076 0)
(0.2705630097 -0.1524088413 -2.118325271e-21)
)


// ************************************************************************* //
