/*--------------------------------*- C++ -*----------------------------------*\
  =========                 |
  \\      /  F ield         | OpenFOAM: The Open Source CFD Toolbox
   \\    /   O peration     | Website:  https://openfoam.org
    \\  /    A nd           | Version:  13
     \\/     M anipulation  |
\*---------------------------------------------------------------------------*/
FoamFile
{
    format      ascii;
    class       vectorField;
    location    "1.81";
    object      U_all;
}
// * * * * * * * * * * * * * * * * * * * * * * * * * * * * * * * * * * * * * //


400
(
(-4.436422633e-05 5.265855801e-05 0)
(-0.0006308799069 0.0003725263774 -7.38230578e-24)
(-0.001696240343 0.0006887456804 0)
(-0.002924110385 0.0009153149783 0)
(-0.004135210417 0.001028694145 -2.594499642e-25)
(-0.005234528636 0.001027511763 2.879478074e-24)
(-0.006169491469 0.000923455266 2.766509943e-23)
(-0.006912291892 0.0007334128349 4.556304713e-23)
(-0.007445673572 0.0004771226889 -5.62011391e-25)
(-0.007754466475 0.0001761242003 -9.627748721e-24)
(-0.00782402399 -0.0001463349903 1.260296391e-23)
(-0.007637948445 -0.0004624815062 -1.20711401e-22)
(-0.007181548807 -0.0007442873835 -1.398345189e-22)
(-0.006450075923 -0.0009609455695 -1.649927462e-22)
(-0.005455984927 -0.001081779301 1.100462265e-23)
(-0.004243148895 -0.001080853152 -1.188561234e-23)
(-0.002902398115 -0.0009434007989 -7.940217592e-22)
(-0.001584499276 -0.0006771290182 0)
(-0.0005017613949 -0.0003266219296 3.168540792e-24)
(-3.5510115e-06 -4.925522651e-06 -3.992781984e-22)
(-0.0001890318618 0.0007539093061 6.765075521e-26)
(-0.001861500887 0.002426967875 7.463566495e-24)
(-0.004513191967 0.003705512061 3.873905097e-26)
(-0.007565345543 0.004426463272 2.501496343e-25)
(-0.01059251801 0.004632915342 -6.547609811e-25)
(-0.01335756187 0.004406617449 -1.674911543e-23)
(-0.01571895377 0.003834238386 3.124631853e-23)
(-0.01759673538 0.00299282422 -4.442961667e-23)
(-0.01894078708 0.00194911483 3.076207532e-23)
(-0.01971161288 0.000764532267 1.098403639e-23)
(-0.01987071246 -0.0004982142089 -1.375071769e-23)
(-0.01938144217 -0.001766512827 -6.836427314e-25)
(-0.01821617706 -0.002955440166 7.422533923e-23)
(-0.01637048965 -0.003961682302 -5.228732119e-24)
(-0.01388665205 -0.004664675761 1.097347901e-23)
(-0.01088261786 -0.004935136567 -3.897566631e-22)
(-0.00758403843 -0.004655846377 4.120716171e-22)
(-0.004342208467 -0.003760865475 -6.296242419e-24)
(-0.001655019883 -0.002293133848 6.454989489e-24)
(-0.0001473102657 -0.0005821547208 0)
(-0.0002310902726 0.002090226696 -9.812063346e-26)
(-0.002761027949 0.005669794581 -2.042773111e-24)
(-0.006621280583 0.008086618789 -9.007542722e-24)
(-0.01106234564 0.009297549336 1.514902137e-25)
(-0.01548598479 0.009481899653 -1.488245709e-25)
(-0.01955188411 0.008854445364 7.87645442e-25)
(-0.0230448159 0.007610019502 -3.005095247e-23)
(-0.0258362949 0.005903082044 -2.442825592e-24)
(-0.02784311038 0.003852039217 -3.225360135e-23)
(-0.02900009504 0.001555009699 0)
(-0.02924703816 -0.0008914838762 0)
(-0.02852837602 -0.003375973497 6.313800029e-23)
(-0.02680478845 -0.005754458902 6.870928543e-23)
(-0.02407600402 -0.007840131043 -5.195112145e-24)
(-0.02041407137 -0.009398484016 1.816772988e-22)
(-0.01600419771 -0.01015905663 3.7801339e-22)
(-0.01118360019 -0.009853938583 3.901238327e-22)
(-0.006453930607 -0.008291262151 1.244206645e-23)
(-0.002522180088 -0.005463455162 -6.318391471e-24)
(-0.0001997401355 -0.001765611844 0)
(-0.0002282263856 0.003838301845 4.657951843e-24)
(-0.00342093712 0.009787131236 2.322694776e-24)
(-0.008259204743 0.01354653307 8.812641985e-24)
(-0.01384000482 0.0152915408 0)
(-0.01942306313 0.01539758466 0)
(-0.0245853029 0.01425305757 0)
(-0.02905243625 0.01218608843 -1.079201329e-24)
(-0.03265467012 0.009440696345 1.985380652e-23)
(-0.03527684059 0.006190161969 0)
(-0.03682544254 0.002567438629 9.559927276e-24)
(-0.03721348139 -0.001300472433 8.618938835e-25)
(-0.03635985791 -0.005261534042 -8.643095503e-25)
(-0.03420583036 -0.009106316856 0)
(-0.03074653723 -0.01254732619 1.625804504e-22)
(-0.02607418408 -0.0152069574 -1.765071219e-22)
(-0.02043123728 -0.01663351975 -2.004952231e-22)
(-0.01425827767 -0.01636140059 -3.962201588e-22)
(-0.008204210111 -0.01402849482 1.496286734e-25)
(-0.003185315341 -0.009541909588 -3.960664612e-22)
(-0.0002113965884 -0.003327637203 0)
(-0.0002123552537 0.005919506361 -4.642088071e-24)
(-0.003986102371 0.01464257199 6.400122314e-25)
(-0.009699295946 0.01995383818 -6.253946375e-25)
(-0.01631264344 0.02230129237 0)
(-0.0229597948 0.02230911975 1.360380158e-25)
(-0.02914748911 0.02057322101 -1.341505745e-25)
(-0.03455324719 0.01757372501 -6.226891184e-24)
(-0.03897216001 0.01365156622 -3.142591097e-23)
(-0.04225793322 0.009034475934 -1.207294148e-23)
(-0.04428435591 0.003885900616 -9.571056363e-24)
(-0.04492876845 -0.001640885484 0)
(-0.04407030249 -0.007354429673 2.04326001e-24)
(-0.04161243139 -0.01297046418 7.4332325e-23)
(-0.03752554227 -0.01807926961 -1.729266549e-22)
(-0.03190256138 -0.02212256347 1.138115363e-23)
(-0.0250310526 -0.02441518141 3.985027016e-22)
(-0.01745796482 -0.02423470501 -6.380412141e-24)
(-0.01000444918 -0.02099687504 0)
(-0.003839106135 -0.01449613857 -1.204802351e-23)
(-0.000215266461 -0.005217776332 3.76321449e-22)
(-0.0002031508962 0.00832242602 1.041859838e-22)
(-0.004567484127 0.02023412475 -6.017306762e-25)
(-0.01116476729 0.02732955792 0)
(-0.0188250023 0.03037363564 0)
(-0.02655918237 0.03028983851 -4.651890485e-23)
(-0.03381330581 0.0279156496 -3.21701817e-23)
(-0.04022641894 0.0239005751 6.931239546e-24)
(-0.04556541509 0.01868648223 1.274594148e-23)
(-0.04965473348 0.01255057248 1.098292191e-23)
(-0.05233073729 0.00567722666 6.864081916e-24)
(-0.05342406165 -0.001763879836 -1.121168664e-23)
(-0.05275254902 -0.009551451909 -2.7523544e-23)
(-0.05015157098 -0.01731632284 1.238390048e-25)
(-0.0455317921 -0.02450259051 -1.725341744e-22)
(-0.03895047447 -0.03032194735 0)
(-0.03071610366 -0.03377943748 -2.10433891e-22)
(-0.02148669259 -0.03380250082 6.762636182e-24)
(-0.01230352029 -0.02950069864 0)
(-0.004684116609 -0.02052132876 4.131998801e-22)
(-0.0002354419217 -0.00748674404 -7.703853673e-22)
(-0.0002096084535 0.01108352164 -1.033941859e-22)
(-0.005244419225 0.02664284881 2.058841372e-22)
(-0.01282726704 0.0357797288 1.037595532e-22)
(-0.02164253991 0.03963275521 2.131102533e-24)
(-0.03057470963 0.03948170501 -3.922250849e-23)
(-0.0390183561 0.03644406527 3.368184809e-23)
(-0.04658621312 0.0313567028 -1.171893292e-24)
(-0.05302780498 0.02476336031 9.262152601e-26)
(-0.05814419424 0.01697937018 -3.46596198e-25)
(-0.0617325466 0.00819008486 -6.618295351e-24)
(-0.0635697505 -0.001443431392 1.042039783e-23)
(-0.06338221032 -0.01166425291 3.033632135e-23)
(-0.06089016639 -0.0220477928 -8.318367726e-24)
(-0.05589198346 -0.03186665902 2.723371503e-22)
(-0.04834315088 -0.04004034662 -5.958352122e-24)
(-0.03851868916 -0.04515283951 0)
(-0.02717635999 -0.04562888867 0)
(-0.01564259863 -0.04011993673 7.249979341e-24)
(-0.005955322237 -0.0280520992 -7.410643354e-24)
(-0.0002917150904 -0.01029618908 -2.354997728e-23)
(-0.0002363126716 0.01427555591 0)
(-0.006073661489 0.03401233433 1.162239555e-22)
(-0.01481012577 0.04547551884 5.104263994e-23)
(-0.02495181381 0.05025890663 0)
(-0.03524743478 0.05007330962 8.366306793e-23)
(-0.04505213938 0.04636488768 0)
(-0.05397059541 0.04017948218 -4.832942978e-23)
(-0.06175401218 0.03216196491 1.686710709e-24)
(-0.06819626618 0.02264835247 0)
(-0.07306524015 0.01179586165 0)
(-0.07605129277 -0.0002783380973 6.017276335e-25)
(-0.07678362222 -0.01333944486 1.233032295e-24)
(-0.07483235266 -0.02692005337 -1.380053812e-22)
(-0.06977048242 -0.04012157377 -5.760600175e-24)
(-0.0613447721 -0.05150908352 6.228028634e-24)
(-0.04968696755 -0.05909337128 -7.91335534e-24)
(-0.0355968904 -0.06055072815 8.038097514e-24)
(-0.02075098365 -0.05379218987 0)
(-0.007978239613 -0.03784336881 -3.640001232e-24)
(-0.0004097179502 -0.01395168344 8.696864988e-22)
(-0.000288383427 0.01799853716 0)
(-0.00710306386 0.04253216427 -8.621001059e-23)
(-0.0172059081 0.05662983871 -3.884427643e-22)
(-0.02887784874 0.06245963083 -2.180999855e-22)
(-0.04071906785 0.06226769196 0)
(-0.05206305031 0.05789429038 1.848076645e-22)
(-0.06253352982 0.05062286953 4.256894258e-23)
(-0.07191320251 0.04119875003 -1.182547134e-24)
(-0.08001555698 0.02995532536 1.176697009e-24)
(-0.08659720233 0.01697960519 0)
(-0.09129348835 0.002286292498 3.494995473e-25)
(-0.09359626964 -0.01400478193 -1.52058248e-24)
(-0.09284632958 -0.03143805191 6.718117999e-23)
(-0.08830168052 -0.04898905221 -8.931172163e-23)
(-0.07932661056 -0.06482934532 2.286566223e-22)
(-0.06570917711 -0.0762098449 0)
(-0.04813650073 -0.07968285319 0)
(-0.0286495483 -0.07190911292 0)
(-0.01124268743 -0.05110060856 0)
(-0.0006326304703 -0.01897437389 -4.482838504e-22)
(-0.0003752828802 0.02238061457 0)
(-0.008388645923 0.05242973524 -2.22295622e-22)
(-0.02009994202 0.06947704162 5.501399418e-22)
(-0.0335070756 0.07643819328 2.098780869e-22)
(-0.04704754917 0.07624205837 0)
(-0.06006069163 0.07121180731 -1.743200294e-22)
(-0.07222786343 0.06290754221 -1.193634576e-23)
(-0.0834064631 0.05217721396 1.083506652e-22)
(-0.09347400262 0.03932508616 4.497904701e-23)
(-0.1022175476 0.02431259039 -7.360699729e-24)
(-0.1092433065 0.006962951543 4.579981036e-24)
(-0.1139147693 -0.01281543351 8.832739766e-25)
(-0.1152988473 -0.03474413883 -2.813145067e-23)
(-0.1122096422 -0.05778872848 0)
(-0.1034113626 -0.07975754954 -2.287670964e-22)
(-0.08804477756 -0.09696031739 -9.739534028e-24)
(-0.06637303552 -0.1043108071 9.88467188e-24)
(-0.04065918727 -0.09636419554 -3.958474883e-22)
(-0.01646565892 -0.06963977576 1.072047798e-23)
(-0.001035665521 -0.02621695483 0)
(-0.0005162120881 0.02759126874 0)
(-0.01001742666 0.06397236792 0)
(-0.02359751127 0.08425382721 -3.087740304e-22)
(-0.03890797613 0.09235326696 -1.125928399e-23)
(-0.05421074128 0.09208957988 1.023058194e-23)
(-0.06889253775 0.08638636731 -1.010975187e-23)
(-0.08274183821 0.07713197134 -8.574622071e-24)
(-0.09574400879 0.06528572389 -9.667988681e-23)
(-0.1078981868 0.05110029899 2.827064246e-23)
(-0.1190847708 0.03435490474 8.191447281e-24)
(-0.1289423848 0.01457685986 -4.935678923e-24)
(-0.1367568668 -0.008706581623 0)
(-0.141322751 -0.03558744119 3.810464519e-23)
(-0.1409285538 -0.0652855627 0)
(-0.1335356357 -0.09541215114 9.241980724e-23)
(-0.1172688372 -0.1212556141 -2.954667235e-22)
(-0.0914647679 -0.1355168494 0)
(-0.0581388361 -0.1293819442 3.850355724e-22)
(-0.02459500443 -0.09598114671 -4.456829881e-22)
(-0.001747934158 -0.03701282222 3.472780183e-22)
(-0.0007502374769 0.0338729864 0)
(-0.01214227226 0.07747957703 5.951546679e-22)
(-0.02785572282 0.1011739137 -1.542614974e-23)
(-0.0451435123 0.1102574823 5.688489078e-22)
(-0.06208656034 0.109727547 -1.454336066e-23)
(-0.0781815148 0.1032548738 1.332578434e-23)
(-0.0933811414 0.09311671041 -1.320410504e-23)
(-0.1078526931 0.08039986407 -5.784779904e-24)
(-0.1217759825 0.06529488131 -1.731111088e-22)
(-0.1352002056 0.04735568063 -2.597348078e-24)
(-0.147893998 0.02571698808 1.767907944e-24)
(-0.1591515201 -0.0006534777986 6.936303747e-23)
(-0.1676216312 -0.0325245704 -6.069726662e-23)
(-0.1711514457 -0.06970956793 0)
(-0.1668174865 -0.1100043907 -1.108631159e-22)
(-0.151443166 -0.1478577193 2.769695931e-22)
(-0.1228088422 -0.173368502 1.072175901e-23)
(-0.08171955025 -0.1728472324 0)
(-0.03666512211 -0.1331680839 4.396527298e-22)
(-0.00298939272 -0.05332189653 -3.412276902e-22)
(-0.001157286851 0.04160550336 1.010365998e-23)
(-0.015039614 0.09334488204 -5.681442119e-22)
(-0.03311876164 0.1203834478 -7.85809797e-22)
(-0.0522592686 0.1299963532 -5.341078325e-22)
(-0.07038097619 0.1287531478 0)
(-0.08718963939 0.121236963 1.80896502e-23)
(-0.1028642231 0.1101692162 -3.538096837e-23)
(-0.1177943102 0.096781013 2.571503948e-23)
(-0.1323791454 0.08120757005 1.052804835e-22)
(-0.1468969949 0.06276814058 -3.970256104e-24)
(-0.1613529231 0.04015152775 0)
(-0.1752608521 0.01162682179 -7.354856822e-23)
(-0.1873518126 -0.0245391095 1.583771417e-22)
(-0.1953364314 -0.06914841527 1.771811333e-22)
(-0.1957254335 -0.1208039366 2.628328875e-23)
(-0.1840695736 -0.1737316413 -4.054644045e-23)
(-0.1560657625 -0.2156506103 -1.535130547e-23)
(-0.1098696473 -0.2268520022 1.55976471e-23)
(-0.05333044092 -0.1839717251 -7.477224365e-22)
(-0.005123286619 -0.07778813248 0)
(-0.001900830196 0.05142595951 -1.31779443e-23)
(-0.01920551658 0.1120459413 -9.633553175e-22)
(-0.03974196401 0.1418479332 7.448110303e-22)
(-0.06020134018 0.1510130406 4.811224628e-22)
(-0.07843424837 0.1482027741 4.152123353e-22)
(-0.09453133787 0.1390619675 4.289181985e-22)
(-0.1089746537 0.1267729353 -2.327924424e-23)
(-0.1223990743 0.112708996 -1.869593653e-22)
(-0.1354268482 0.09697069548 1.050006367e-22)
(-0.1485888832 0.0786857337 0)
(-0.1622176897 0.05613883823 0)
(-0.1762564573 0.0269008702 1.027299337e-22)
(-0.1898944225 -0.01181104091 7.956083573e-23)
(-0.2013623132 -0.06230668374 1.028470199e-23)
(-0.2073836012 -0.1245585901 -1.228327676e-23)
(-0.2028489223 -0.1937523324 1.148793065e-22)
(-0.1813747529 -0.2565506513 1.415669284e-22)
(-0.1369795253 -0.2875230894 -3.731591519e-22)
(-0.07378430835 -0.2490906428 7.466968777e-22)
(-0.008675547364 -0.1135298449 -1.073690402e-21)
(-0.003324280975 0.06447980779 0)
(-0.0255068207 0.1341565773 1.60291373e-21)
(-0.04812871239 0.1651519008 0)
(-0.06850465339 0.172034263 -1.021552155e-21)
(-0.08468997443 0.1662028703 1.004428437e-22)
(-0.09750055036 0.1544276158 -3.993398038e-22)
(-0.107852066 0.1402735756 -3.187779238e-22)
(-0.1166515486 0.1251969543 4.850661354e-22)
(-0.1247173269 0.109272449 -9.033520263e-23)
(-0.1327976711 0.09152381348 0)
(-0.1415605487 0.0699954892 0)
(-0.1515163557 0.04176655192 3.74825703e-23)
(-0.1628565541 0.003158512762 -2.219245029e-22)
(-0.1749335673 -0.04961632093 -1.393903279e-22)
(-0.1857276164 -0.1185883427 2.060579654e-22)
(-0.1909992762 -0.2014065057 -8.067289019e-23)
(-0.1833147426 -0.2862953993 -5.222941236e-23)
(-0.1518928249 -0.3449669723 4.041690124e-22)
(-0.09392379148 -0.324131103 7.298842412e-22)
(-0.01416550875 -0.1632677685 1.071665559e-21)
(-0.006072964117 0.08272198966 0)
(-0.03531017209 0.1599033611 1.780350291e-22)
(-0.05828314204 0.1886673273 -4.063296213e-23)
(-0.07528549183 0.1901690876 6.054573789e-22)
(-0.08526219126 0.179190011 -5.404791211e-22)
(-0.09041801192 0.1634314128 3.579287774e-23)
(-0.09234789649 0.146567373 -1.129398944e-22)
(-0.09229550412 0.129958643 -2.070681283e-22)
(-0.09123752956 0.1135982064 1.361295946e-22)
(-0.09004676594 0.09648431995 0)
(-0.08962521534 0.07666124732 0)
(-0.09099915011 0.05111793161 -1.404837491e-22)
(-0.09534686409 0.0158057284 0)
(-0.1036977434 -0.03395896103 -3.267001937e-22)
(-0.1164085041 -0.1024394342 6.419560296e-23)
(-0.1317828153 -0.1910218633 7.033459542e-24)
(-0.1438550302 -0.292942752 -1.079046836e-22)
(-0.1383098244 -0.382923614 1.81811675e-23)
(-0.10446452 -0.3960999872 -7.606948472e-22)
(-0.02138729983 -0.2268840053 0)
(-0.0114587498 0.1104491351 0)
(-0.04999549458 0.1892914145 -7.494660121e-22)
(-0.06740081179 0.2089705242 -5.062993496e-22)
(-0.07350406436 0.2001402489 4.389866883e-22)
(-0.06956124127 0.181292768 -2.172768914e-24)
(-0.0601925177 0.1602867907 -4.159067661e-23)
(-0.04789760016 0.1402420953 4.656258081e-22)
(-0.03423048102 0.1220206006 -2.026612336e-23)
(-0.02019180778 0.1053347251 -1.340282777e-22)
(-0.006578782471 0.08913994979 2.149384941e-23)
(0.005725997034 0.07165722471 -2.237859671e-23)
(0.01550149558 0.05022954799 -2.292612157e-23)
(0.02093788301 0.02119401192 2.093614381e-22)
(0.01965437729 -0.02015990403 3.670837711e-22)
(0.008759475371 -0.0792284941 -3.109404702e-22)
(-0.01389217078 -0.16114019 -1.280398269e-22)
(-0.047211654 -0.2668183348 1.306005404e-22)
(-0.07729939287 -0.3819193365 6.928872393e-23)
(-0.09016238316 -0.4424168966 1.764197389e-21)
(-0.02728613831 -0.2981375139 2.758425542e-21)
(-0.01947138556 0.1504929753 -4.1484396e-23)
(-0.06619617275 0.2133041446 4.174082059e-23)
(-0.0597843384 0.2126497909 9.711784344e-22)
(-0.03905073479 0.1882275293 2.333522098e-23)
(-0.008814003541 0.1607222804 0)
(0.02371787829 0.1356933469 4.280470786e-23)
(0.0558293843 0.1143561318 -2.06344603e-22)
(0.08633246355 0.09645098305 -8.014584258e-23)
(0.1147376884 0.08116417464 3.020044906e-23)
(0.1407434958 0.06735899771 -1.075502346e-23)
(0.1638734297 0.05353422962 2.240510216e-23)
(0.183177893 0.03767036597 -4.549580053e-23)
(0.196779001 0.01706975698 -5.177326762e-23)
(0.201835012 -0.01197299628 1.147658392e-22)
(0.1939466046 -0.05412633579 0)
(0.1679101569 -0.1160875265 1.216443208e-22)
(0.1177615716 -0.2059202779 1.861770987e-22)
(0.0506616687 -0.3269709691 0)
(-0.03042125369 -0.4362736262 -3.37562053e-21)
(-0.02243540181 -0.3626495595 -2.699417016e-21)
(-0.02492192484 0.2311547375 -9.402346765e-22)
(-0.03693880274 0.2278336639 -1.373675351e-22)
(0.03875718181 0.1820114998 -2.299510763e-22)
(0.1066028263 0.1417775515 -1.142498292e-22)
(0.1713946282 0.1099184337 -4.757926882e-23)
(0.228235812 0.08596370827 1.104017644e-22)
(0.2773101027 0.06807965751 -1.46715323e-22)
(0.319586707 0.05449293118 1.185930516e-22)
(0.3560790134 0.04381711474 -6.951831721e-23)
(0.3875310103 0.03488954349 4.328484154e-25)
(0.4142075335 0.02657696205 1.087392862e-23)
(0.4357368999 0.01761348442 5.534436243e-23)
(0.4505005403 0.006454898421 -1.294715432e-22)
(0.4561974757 -0.008703489438 -1.203112397e-22)
(0.4481394951 -0.03088532989 -3.477663239e-23)
(0.4203347877 -0.06512485871 0)
(0.3612655781 -0.1207350816 -1.318872753e-22)
(0.2677907111 -0.2169374751 7.257992392e-22)
(0.105738383 -0.3494356063 1.487384457e-21)
(0.02349836682 -0.374721671 2.092043784e-21)
(0.2151245657 0.1355200054 9.74407383e-22)
(0.2809459899 0.1000580059 0)
(0.4365724518 0.05906035221 -2.651970548e-22)
(0.5349619602 0.03872987942 -1.914095546e-22)
(0.6034043983 0.02580508078 0)
(0.6541027176 0.01736268002 -6.969801558e-23)
(0.6925704108 0.01190663324 6.779495411e-23)
(0.7223376768 0.008323975063 -1.613474619e-23)
(0.745805786 0.005877044775 2.551686176e-23)
(0.7644537047 0.004076405351 1.806628074e-23)
(0.7790035816 0.002545255002 0)
(0.7895079836 0.0009627523848 -2.030395761e-23)
(0.795253005 -0.001075771046 0)
(0.7946542848 -0.003584185563 2.035045389e-23)
(0.783777972 -0.007426127143 1.359496595e-23)
(0.7589918575 -0.01332235781 -4.996611887e-23)
(0.7066276346 -0.02422776013 -2.119408353e-22)
(0.6220098523 -0.04214159433 -6.205307962e-22)
(0.4219362196 -0.0924687742 0)
(0.2701731491 -0.152780582 -2.040833225e-21)
)


// ************************************************************************* //
