/*--------------------------------*- C++ -*----------------------------------*\
  =========                 |
  \\      /  F ield         | OpenFOAM: The Open Source CFD Toolbox
   \\    /   O peration     | Website:  https://openfoam.org
    \\  /    A nd           | Version:  13
     \\/     M anipulation  |
\*---------------------------------------------------------------------------*/
FoamFile
{
    format      ascii;
    class       vectorField;
    location    "37.82";
    object      U_all;
}
// * * * * * * * * * * * * * * * * * * * * * * * * * * * * * * * * * * * * * //


400
(
(1.099923364e-05 -3.783649104e-05 0)
(-0.0006661023985 0.0004130419057 -1.550848375e-23)
(-0.002185376515 0.000920393814 0)
(-0.004047833229 0.00131278105 0)
(-0.005971867475 0.001535065303 6.845008403e-25)
(-0.007762782013 0.00156984664 4.151223168e-24)
(-0.009284544455 0.00142356242 -7.371867352e-24)
(-0.01043594133 0.001119723179 7.532348253e-24)
(-0.01113681437 0.0006960839291 -2.095547151e-25)
(-0.01132711074 0.0002030797413 -3.994879852e-24)
(-0.01097177086 -0.0003002318204 5.803882339e-24)
(-0.01007232563 -0.0007475158058 -5.929789074e-23)
(-0.008679878161 -0.001075563247 -6.552906995e-23)
(-0.006902852064 -0.001233045403 -7.784493392e-23)
(-0.004910737969 -0.001192639425 4.573699681e-24)
(-0.002927231743 -0.0009619211141 -4.138048298e-24)
(-0.001205298071 -0.0005912123429 -1.998831629e-22)
(-1.906640282e-05 -0.0001698836687 0)
(0.0005181561353 0.0001720849207 1.509793433e-25)
(0.0002227524289 0.000305978164 -2.555117526e-24)
(-0.0002633660278 0.0008289631653 1.383339517e-25)
(-0.002703308123 0.003383838379 1.560637453e-23)
(-0.006907277891 0.005604498898 1.554655459e-25)
(-0.01195232008 0.007008206137 -8.494243159e-25)
(-0.01713504341 0.007553774816 1.161961752e-24)
(-0.02197535138 0.007294197982 1.306700533e-23)
(-0.02611075598 0.006321892168 1.390364908e-24)
(-0.0292656418 0.00475419171 -7.284025961e-24)
(-0.03122672529 0.002737151895 1.01535475e-23)
(-0.03184200619 0.0004524075002 4.510259513e-24)
(-0.03102761149 -0.00188414218 -6.319176521e-24)
(-0.02879316346 -0.004023027162 2.961784872e-24)
(-0.02527138083 -0.005708353019 3.895649599e-23)
(-0.02073194655 -0.006707409077 -1.954835327e-24)
(-0.01558962503 -0.006854140686 3.754612212e-24)
(-0.01038513327 -0.006097465872 -9.741443533e-23)
(-0.005730271084 -0.004546189061 9.638074778e-23)
(-0.002233365031 -0.002507422019 -3.961739216e-25)
(-0.0001817733004 -0.0005023750284 4.061655001e-25)
(8.343666435e-05 0.0006099232049 0)
(-0.0004188242342 0.002935077143 -2.910778512e-25)
(-0.004647875924 0.008804011147 1.702550277e-23)
(-0.01137195979 0.01324041918 -8.279067346e-24)
(-0.01932728927 0.01579203706 -2.074808748e-25)
(-0.02747411422 0.01652999776 2.03828297e-25)
(-0.03511778385 0.01564441503 6.883648952e-27)
(-0.0417134416 0.01335997416 -1.222779673e-24)
(-0.04683570862 0.009919768702 -4.552805825e-25)
(-0.05014987974 0.005602431076 -1.063178722e-23)
(-0.05141230984 0.0007444196481 0)
(-0.0504779246 -0.004241779426 0)
(-0.04733705653 -0.008887184184 2.671117132e-23)
(-0.04215927455 -0.01268176572 2.813126131e-23)
(-0.03531437121 -0.01513604846 -1.646235139e-24)
(-0.02738996074 -0.01586189367 4.846112686e-23)
(-0.01917005762 -0.01467334147 9.419733692e-23)
(-0.01156090571 -0.01169360506 3.976222668e-23)
(-0.005465409395 -0.007450745279 4.14333333e-25)
(-0.001451097087 -0.002936046246 1.073067577e-25)
(-9.072566757e-05 0.0002258738158 0)
(-0.0005024638827 0.006045348318 -4.249326382e-23)
(-0.006402740511 0.01637075143 -1.692773584e-23)
(-0.01553502282 0.02355932922 8.205917998e-24)
(-0.02627911642 0.02744161866 0)
(-0.03728746136 0.02832101509 0)
(-0.0476903671 0.02658772061 0)
(-0.05679662129 0.02263120054 -4.473486936e-26)
(-0.06405382994 0.01683609128 -2.135635204e-24)
(-0.06901080341 0.009622182865 0)
(-0.07130826649 0.001491050063 1.635695083e-24)
(-0.07070852329 -0.006936502482 2.802915606e-25)
(-0.06713038381 -0.01493018535 -2.810763705e-25)
(-0.06069904829 -0.02166727702 0)
(-0.05180750034 -0.02631605236 4.13347259e-23)
(-0.04114991393 -0.02816070396 -4.681818276e-23)
(-0.02971970039 -0.02677371878 -2.76221011e-23)
(-0.01873716474 -0.02221530319 -3.961375779e-23)
(-0.009488025801 -0.01521922156 7.795993553e-25)
(-0.00297687777 -0.007298196117 9.789862752e-23)
(-0.0002318784289 -0.0008661704625 0)
(-0.0005316134978 0.01009501331 4.269990244e-23)
(-0.00798359254 0.02595219017 4.78458063e-25)
(-0.01939687273 0.03642882076 -4.675302373e-25)
(-0.03282381946 0.04185519805 0)
(-0.04664688185 0.04289484292 7.782184291e-25)
(-0.05985228615 0.04020073213 -7.674281476e-25)
(-0.07163290181 0.03434741077 3.672069963e-23)
(-0.0813274995 0.02585663757 1.847981846e-23)
(-0.08836599678 0.01527298258 6.238252538e-24)
(-0.09225468048 0.003246148252 -1.63760069e-24)
(-0.09260378258 -0.009407829304 0)
(-0.08917554062 -0.02167477525 4.370911472e-25)
(-0.08195978032 -0.03236744393 1.009103815e-23)
(-0.07126884553 -0.04021249361 -4.349516933e-23)
(-0.05782018262 -0.04402045537 1.933036991e-24)
(-0.04278582631 -0.04294828648 4.21777079e-23)
(-0.02775450077 -0.03683346395 -3.842599918e-25)
(-0.01455062084 -0.02652720684 0)
(-0.004859460743 -0.01408454463 5.436530964e-23)
(-0.0003641475231 -0.002846954629 -2.565025502e-22)
(-0.0005272208245 0.01499927307 9.84101312e-23)
(-0.009377923814 0.03739021436 -4.907389289e-25)
(-0.02288182469 0.05170221958 0)
(-0.03883042954 0.05894181994 0)
(-0.05538655886 0.06025573482 -8.731876626e-23)
(-0.07142875492 0.056619 -8.498854874e-23)
(-0.08606652758 0.04880167903 -4.067303324e-23)
(-0.09855084477 0.03743979939 -1.504260041e-23)
(-0.1081945151 0.02315983732 -5.368361988e-24)
(-0.1143444561 0.00670968038 -8.1746912e-24)
(-0.1164046035 -0.01093291732 6.600812303e-24)
(-0.113893723 -0.0284894436 8.826170046e-24)
(-0.1065486825 -0.04437045361 -1.892318969e-23)
(-0.094468028 -0.0567533272 4.60573492e-24)
(-0.07826856014 -0.06378297557 0)
(-0.05922894867 -0.06393494371 -1.573127173e-23)
(-0.03933981541 -0.05653815421 -2.421358236e-26)
(-0.02114188588 -0.04235808564 0)
(-0.007318701689 -0.02398229196 -1.520595072e-22)
(-0.0005216161733 -0.005925545039 6.056165059e-22)
(-0.0004990817778 0.02064574093 -9.773969786e-23)
(-0.01052950787 0.05045437006 2.831932567e-22)
(-0.02582957053 0.0691251024 1.526836622e-22)
(-0.04402137675 0.07849256393 3.619208842e-24)
(-0.06310738265 0.08029474979 -7.319356195e-23)
(-0.0819040389 0.07588041641 9.043295855e-23)
(-0.09947762235 0.06621689648 -3.590142735e-24)
(-0.1150227214 0.05201694321 -1.729133686e-24)
(-0.1277519003 0.0339235812 2.524106053e-24)
(-0.1368472415 0.0127023323 7.382344284e-24)
(-0.1414710331 -0.01058781889 -6.500576691e-24)
(-0.1408247992 -0.03446023589 -9.787541903e-24)
(-0.1342745791 -0.05692770656 -3.261735299e-23)
(-0.1215450088 -0.07553314972 -3.661187925e-23)
(-0.102967254 -0.08754259214 5.645350314e-25)
(-0.07976369093 -0.09039208337 0)
(-0.0542668198 -0.08244512593 0)
(-0.02987160681 -0.06397736041 -2.905987488e-24)
(-0.01066285063 -0.03798794306 2.970435006e-24)
(-0.0007350936704 -0.01050089393 1.027874017e-22)
(-0.0004479165114 0.0268725064 0)
(-0.01134923087 0.06480756212 2.001981512e-22)
(-0.02801599288 0.0882961546 8.962052554e-23)
(-0.04799856696 0.1001234754 0)
(-0.06920601101 0.1027076372 1.569861794e-22)
(-0.09044372086 0.09781577076 0)
(-0.1107831552 0.08661101838 -1.428377802e-22)
(-0.1294093621 0.06983949557 6.515493908e-24)
(-0.145477148 0.04808231817 0)
(-0.1580351647 0.02201755624 0)
(-0.1660133282 -0.007334435053 -1.374393296e-24)
(-0.1682671382 -0.03838838878 -9.31662021e-25)
(-0.1637064528 -0.06883974678 1.491958985e-22)
(-0.151520861 -0.09558274327 -4.704626407e-23)
(-0.1315134429 -0.1148298501 -2.560911772e-24)
(-0.1045595981 -0.1225703253 1.534665692e-24)
(-0.07309349271 -0.1155517825 -1.55887394e-24)
(-0.04135021166 -0.09283114507 0)
(-0.01525230178 -0.05740767032 3.203774879e-24)
(-0.00104430917 -0.01714714294 -1.012904501e-21)
(-0.0003744667882 0.03346303906 0)
(-0.01175005989 0.07998917281 -1.128266159e-22)
(-0.0292070764 0.1086390746 -6.191103804e-22)
(-0.05031744487 0.1232233774 -3.755284161e-22)
(-0.0729631668 0.1269096824 0)
(-0.09598959263 0.1219255458 4.119435955e-22)
(-0.1185273379 0.1096348503 1.260915701e-22)
(-0.139814631 0.09078244966 -5.581802109e-24)
(-0.1590221435 0.06581392768 5.554175187e-24)
(-0.1751460881 0.03520881193 0)
(-0.1869559855 -0.0001967416538 2.912115638e-23)
(-0.1930172514 -0.03889753379 4.695803333e-24)
(-0.1917809779 -0.07843887218 -1.076797788e-22)
(-0.1817874308 -0.1151865219 8.004110459e-23)
(-0.1620570321 -0.1442599287 -2.419725012e-22)
(-0.1327061908 -0.1598548447 0)
(-0.09577887494 -0.1563112719 0)
(-0.05601632675 -0.1302980951 0)
(-0.02147858997 -0.08381134286 0)
(-0.001500384616 -0.0266551603 5.572069563e-22)
(-0.0002873901665 0.04016077033 0)
(-0.01169359593 0.09543609919 -3.492994908e-22)
(-0.02924438144 0.1294073416 8.932754952e-22)
(-0.0506094695 0.1469298935 3.617157179e-22)
(-0.07370082119 0.1519748446 0)
(-0.0974515046 0.1472757762 -3.862535008e-22)
(-0.1211069763 0.1344191794 -3.174417951e-23)
(-0.1440324711 0.1141393218 3.333095084e-22)
(-0.1655143162 0.08670006198 1.769469572e-22)
(-0.1846248448 0.05229123639 -4.060140191e-23)
(-0.2001325734 0.01141716834 1.656822134e-23)
(-0.210462236 -0.03471423081 -8.265211042e-24)
(-0.2137208441 -0.08376562188 3.371846228e-22)
(-0.2078215408 -0.1318756177 0)
(-0.1908238446 -0.1732755946 2.420894028e-22)
(-0.1616335657 -0.2002593194 5.774709965e-24)
(-0.1211662626 -0.2040121516 -5.860827972e-24)
(-0.07384989384 -0.1772119795 1.548425017e-22)
(-0.02971786649 -0.1188642221 -5.435389552e-24)
(-0.002179545022 -0.04005398384 0)
(-0.000211719996 0.04671639301 0)
(-0.01125001105 0.1105497958 0)
(-0.02815624459 0.1497354782 -5.022735649e-22)
(-0.04874479224 0.1701517362 -1.880991061e-23)
(-0.07100086452 0.1766256912 2.03837189e-23)
(-0.09399451232 0.1724526304 -2.014304468e-23)
(-0.1171434271 0.1594870825 -2.316877463e-23)
(-0.1400179477 0.1384804975 -3.029814508e-22)
(-0.1621328868 0.109516067 6.698615453e-23)
(-0.1827959018 0.07245187116 4.513164329e-23)
(-0.2009835539 0.0273492953 -4.577706264e-23)
(-0.2152270243 -0.02508696632 0)
(-0.2235562187 -0.08298349883 -7.839622288e-23)
(-0.2234632163 -0.1427257157 0)
(-0.212067939 -0.1981820686 -3.739550521e-22)
(-0.1867434503 -0.2400773489 5.244931641e-22)
(-0.146443826 -0.2560773208 0)
(-0.09394567384 -0.2331209326 -1.49397182e-22)
(-0.04022000812 -0.1639613536 1.937527372e-22)
(-0.003201100061 -0.05861062697 -3.411506974e-22)
(-0.0002015411115 0.05297584462 0)
(-0.01067261985 0.1248172225 9.182848029e-22)
(-0.02628446862 0.1687424362 -2.440678807e-23)
(-0.04501108033 0.19164549 9.193316415e-22)
(-0.06494597736 0.199292082 -2.512079713e-23)
(-0.08536628797 0.1956104111 2.838837967e-23)
(-0.105930568 0.1827886681 -2.812924084e-23)
(-0.1264924225 0.1616583401 -1.660915058e-23)
(-0.1468996892 0.1321762252 -5.260220147e-22)
(-0.166845821 0.0938964675 -8.906613797e-24)
(-0.1857303083 0.04640576943 9.660180167e-24)
(-0.2024781745 -0.01023783677 3.313073341e-22)
(-0.2154154667 -0.07499818944 -5.820729796e-22)
(-0.2220209757 -0.1450311676 0)
(-0.2188032128 -0.2146760438 8.887302169e-22)
(-0.2016257531 -0.274001623 -4.940865643e-22)
(-0.1668639183 -0.3075811759 -1.572216288e-23)
(-0.1140220077 -0.2953811728 0)
(-0.05288481881 -0.2195802441 -1.890161456e-22)
(-0.004749187938 -0.08377277416 3.360565143e-22)
(-0.0003641989493 0.05902317213 1.551007179e-23)
(-0.01049574165 0.1379881354 -8.764176712e-22)
(-0.02441389931 0.1856803897 -1.157056888e-21)
(-0.04026724967 0.2101384524 -8.628966685e-22)
(-0.05630730268 0.218234869 0)
(-0.07214857324 0.2146190076 3.513799042e-23)
(-0.08779222506 0.2018791805 -7.294854311e-23)
(-0.1034562891 0.1810005513 5.867875711e-23)
(-0.1193983984 0.1518997201 3.021362387e-22)
(-0.1357931668 0.1139150582 -1.12819434e-23)
(-0.1526082451 0.0662142556 0)
(-0.1694521509 0.008177213279 -3.603924917e-22)
(-0.1852760727 -0.0601598644 7.51565932e-22)
(-0.1980448634 -0.1372746868 8.831693954e-22)
(-0.2043546359 -0.2189261731 -5.29661687e-22)
(-0.1990977679 -0.2959712745 5.162679508e-22)
(-0.1760605366 -0.3514072412 1.078226178e-23)
(-0.1300890642 -0.3584150611 -1.09554111e-23)
(-0.06688803265 -0.284327637 -8.21555427e-23)
(-0.007083319779 -0.1169964356 0)
(-0.0009095781405 0.06540041088 -1.911483797e-23)
(-0.01167592024 0.1502816286 -1.326963625e-21)
(-0.02388882643 0.2000659382 1.09423541e-21)
(-0.03601341239 0.2244216767 6.734918893e-22)
(-0.04657309774 0.2316588048 6.014621826e-22)
(-0.05577039721 0.2272393526 6.643946357e-22)
(-0.06411247126 0.2141774747 -4.458671184e-23)
(-0.07227563153 0.1936494301 -3.461332686e-22)
(-0.08096974567 0.1656028287 2.15215997e-22)
(-0.09087194026 0.1292707371 0)
(-0.102554763 0.08353083032 0)
(-0.1163622336 0.0272001159 2.65539462e-22)
(-0.1321589734 -0.04062004943 8.194327319e-23)
(-0.148925248 -0.1200128189 -2.821619054e-22)
(-0.1641284422 -0.2089300563 -5.411265616e-23)
(-0.172787773 -0.3006992372 1.30195158e-22)
(-0.167031138 -0.3793328958 -3.400493517e-22)
(-0.1365292477 -0.4136451821 -1.593958103e-23)
(-0.08018250224 -0.3538326072 8.204326624e-23)
(-0.0105076229 -0.1594130505 -6.032183998e-22)
(-0.002260498902 0.07348883174 0)
(-0.01580355997 0.1626521675 2.145871613e-21)
(-0.02665043278 0.2117904597 0)
(-0.03422340658 0.233394711 -1.351805865e-21)
(-0.0375939986 0.2377766666 6.18406014e-23)
(-0.03799686876 0.2312553383 -6.193084645e-22)
(-0.03668267725 0.2171898905 -4.756277619e-22)
(-0.03489038305 0.196893443 8.301244015e-22)
(-0.03378839973 0.1703342365 -1.885695885e-22)
(-0.0344987855 0.1367221097 0)
(-0.03811574833 0.09479674165 0)
(-0.04564994516 0.04304287367 2.41061524e-23)
(-0.05790806309 -0.02013780302 -6.007193238e-22)
(-0.07514600419 -0.09620649236 -4.309562798e-22)
(-0.09645176661 -0.1855556075 4.637857622e-22)
(-0.1183462755 -0.2853567674 -6.488724357e-22)
(-0.1332715485 -0.3838386432 9.119937409e-23)
(-0.1265351049 -0.4504358605 2.937450205e-23)
(-0.08899154296 -0.4198536269 5.660455721e-22)
(-0.01526917944 -0.2111719672 6.020816694e-22)
(-0.005180899858 0.0859804576 0)
(-0.02525551024 0.1766291126 1.465579472e-22)
(-0.03483408692 0.2205961452 -4.917138234e-23)
(-0.03640015009 0.2354859226 7.642919515e-22)
(-0.03018484576 0.2343406628 -7.0053673e-22)
(-0.01916581271 0.2241603773 4.746474035e-23)
(-0.00561517055 0.2083525763 -1.018608655e-22)
(0.008569586276 0.1881241041 -3.389884119e-22)
(0.02179883956 0.1633911259 2.062820356e-22)
(0.03262779263 0.1333242754 0)
(0.0395845641 0.0966408667 0)
(0.04117011221 0.05174057109 -2.902665171e-22)
(0.0357848192 -0.00325539032 0)
(0.02198182943 -0.07058360078 -5.512182016e-22)
(-0.001264861462 -0.1525735436 -1.492376618e-23)
(-0.0331047118 -0.2505949782 2.559734019e-23)
(-0.06909236858 -0.3599341451 2.203131303e-22)
(-0.09227827686 -0.4575424463 4.788161229e-24)
(-0.087180902 -0.4698129343 -5.789424937e-22)
(-0.02103127178 -0.2698972249 0)
(-0.01111631562 0.1085974968 0)
(-0.04248902086 0.1947151643 -8.848469269e-22)
(-0.04795529504 0.2258195445 -5.411034102e-22)
(-0.03919536967 0.2282135469 4.54381133e-22)
(-0.01877831743 0.2182328043 -1.709985634e-24)
(0.007664295984 0.2028220272 -4.561043507e-23)
(0.03667991382 0.1847619708 5.696673951e-22)
(0.06582996454 0.1647118181 -2.766886986e-23)
(0.09327128739 0.1423128173 -2.069779229e-22)
(0.1173891398 0.1166274959 3.142210135e-23)
(0.1365461488 0.08641144301 -3.425913828e-23)
(0.1489669083 0.05017669575 -3.690590848e-23)
(0.1525275615 0.006159172984 3.205630647e-22)
(0.1449366885 -0.04796126438 6.119600532e-22)
(0.1235159663 -0.1153052857 -5.101165871e-22)
(0.08633532372 -0.2004195607 -1.616052978e-22)
(0.03199088355 -0.3067806558 1.53131334e-22)
(-0.02362123828 -0.4239837111 7.293660207e-23)
(-0.06492413326 -0.487161275 1.913292745e-21)
(-0.02509971741 -0.3291544713 2.954992744e-21)
(-0.02004680459 0.1460727405 -4.390204296e-23)
(-0.0641640632 0.2112955845 4.417377025e-23)
(-0.05070230886 0.2177300446 1.00018757e-21)
(-0.01934098028 0.2014679932 -8.270571834e-24)
(0.02414463889 0.1809076119 0)
(0.0715412069 0.1606933294 4.363716031e-23)
(0.1190703245 0.1416495453 -2.273848748e-22)
(0.1644767157 0.12331818 -9.027944594e-23)
(0.206225098 0.1048117292 3.680729897e-23)
(0.2429642848 0.0850714024 -1.701653263e-23)
(0.2732207416 0.06296147968 3.429967132e-23)
(0.2952535963 0.03726294201 -6.592675045e-23)
(0.3066970932 0.006535072284 -9.303899082e-23)
(0.3049738204 -0.03087769656 1.517042298e-22)
(0.286393616 -0.07786290644 0)
(0.2470568012 -0.1399300347 1.505605333e-22)
(0.1810922176 -0.2266299742 2.560014613e-22)
(0.09604449794 -0.3443894934 0)
(-0.006697618207 -0.4552210204 -3.675636694e-21)
(-0.01922408239 -0.3777537575 -2.892622175e-21)
(-0.02591951314 0.2276828801 -9.514201933e-22)
(-0.03998324552 0.2238216528 -1.38897542e-22)
(0.0365613689 0.1810585348 -2.335579505e-22)
(0.1090503024 0.145105907 -1.193741065e-22)
(0.181719115 0.1172445468 -4.295820269e-23)
(0.2490090664 0.09627907373 9.783164501e-23)
(0.3100336611 0.08002510228 -1.40858995e-22)
(0.3646209225 0.06656815243 1.297173536e-22)
(0.4126252377 0.05449178899 -8.620110163e-23)
(0.4536250181 0.04270895021 1.132187339e-25)
(0.4867878612 0.03032298578 1.527740303e-23)
(0.5107451265 0.01652902051 7.997197599e-23)
(0.5236597374 0.0005365162711 -1.811122083e-22)
(0.5231797951 -0.01863373072 -1.61714442e-22)
(0.5052323373 -0.04286478815 -4.262941757e-23)
(0.4658715048 -0.07633231095 0)
(0.3952696473 -0.1286089381 -1.846480932e-22)
(0.2916071029 -0.2208468097 8.148766988e-22)
(0.1197455094 -0.3525016902 1.631602167e-21)
(0.0267054723 -0.3775497977 2.172656202e-21)
(0.2142894472 0.1347447207 9.86498661e-22)
(0.2776311197 0.09870503577 0)
(0.4316592304 0.05810414817 -2.594318407e-22)
(0.5304749356 0.03846264932 -1.741664269e-22)
(0.6016965751 0.02623419085 0)
(0.6571198945 0.01831923447 -6.009081158e-23)
(0.7015213575 0.01313600831 6.377990723e-23)
(0.737604246 0.009542126343 -1.800153835e-23)
(0.7669368369 0.006804463765 2.885970081e-23)
(0.7902106636 0.004464744175 2.315030406e-23)
(0.8074554965 0.002221320196 0)
(0.8182621318 -0.0001500746172 -2.873030087e-23)
(0.8216499688 -0.002723847936 0)
(0.816239418 -0.005712668388 2.738144931e-23)
(0.799133314 -0.009611382667 1.421685724e-23)
(0.7679986343 -0.015002551 -5.799409992e-23)
(0.7106555755 -0.02502519959 -2.535662999e-22)
(0.623518398 -0.04204285415 -6.918104544e-22)
(0.423009102 -0.09182968089 0)
(0.2705674689 -0.1524021841 -2.11948406e-21)
)


// ************************************************************************* //
