/*--------------------------------*- C++ -*----------------------------------*\
  =========                 |
  \\      /  F ield         | OpenFOAM: The Open Source CFD Toolbox
   \\    /   O peration     | Website:  https://openfoam.org
    \\  /    A nd           | Version:  13
     \\/     M anipulation  |
\*---------------------------------------------------------------------------*/
FoamFile
{
    format      ascii;
    class       vectorField;
    location    "49.89";
    object      U_all;
}
// * * * * * * * * * * * * * * * * * * * * * * * * * * * * * * * * * * * * * //


400
(
(1.100878363e-05 -3.782984365e-05 0)
(-0.0006660921183 0.0004130431502 -1.551480373e-23)
(-0.002185373229 0.000920393609 0)
(-0.004047831939 0.001312780853 0)
(-0.005971868297 0.001535066066 6.845983362e-25)
(-0.007762783886 0.001569848592 4.151569436e-24)
(-0.009284545782 0.001423564327 -7.375376164e-24)
(-0.01043594141 0.00111972342 7.528885018e-24)
(-0.01113681399 0.000696082032 -2.095392417e-25)
(-0.01132711133 0.0002030768415 -3.994577468e-24)
(-0.01097177311 -0.0003002339938 5.803603147e-24)
(-0.01007232892 -0.0007475162624 -5.929548653e-23)
(-0.008679881169 -0.001075562201 -6.552635585e-23)
(-0.006902853698 -0.001233043869 -7.784122318e-23)
(-0.00491073813 -0.001192638288 4.573484545e-24)
(-0.002927231358 -0.0009619205085 -4.137850485e-24)
(-0.001205298343 -0.0005912118572 -1.998715801e-22)
(-1.906790192e-05 -0.0001698829844 0)
(0.0005181540609 0.0001720858014 1.509439663e-25)
(0.000222751431 0.0003059787609 -2.550716827e-24)
(-0.0002633613799 0.0008289728026 1.38283743e-25)
(-0.002703303455 0.003383843635 1.561280872e-23)
(-0.006907275515 0.005604502293 1.555687059e-25)
(-0.01195231871 0.007008207741 -8.495872125e-25)
(-0.01713504411 0.007553776257 1.162193359e-24)
(-0.02197535519 0.007294200723 1.306988229e-23)
(-0.02611076246 0.006321895901 1.387920482e-24)
(-0.02926564898 0.004754194604 -7.280625417e-24)
(-0.03122673119 0.002737152319 1.015185757e-23)
(-0.03184201027 0.0004524054903 4.50990668e-24)
(-0.03102761464 -0.001884145305 -6.318876065e-24)
(-0.02879316682 -0.004023029743 2.961930697e-24)
(-0.02527138476 -0.005708354169 3.895490474e-23)
(-0.02073195031 -0.006707408945 -1.954742553e-24)
(-0.01558962758 -0.006854139896 3.754413966e-24)
(-0.0103851344 -0.00609746477 -9.740723418e-23)
(-0.00573027176 -0.004546187594 9.637447956e-23)
(-0.002233366274 -0.002507420198 -3.960924097e-25)
(-0.0001817753742 -0.0005023730774 4.060819605e-25)
(8.343505501e-05 0.0006099252199 0)
(-0.0004188228821 0.002935080959 -2.910311847e-25)
(-0.00464787386 0.008804017081 1.7019712e-23)
(-0.01137196023 0.0132404262 -8.285168391e-24)
(-0.01932729127 0.01579204277 -2.075879729e-25)
(-0.02747411741 0.01653000126 2.039334599e-25)
(-0.03511778877 0.01564441724 6.816641089e-27)
(-0.04171344906 0.01335997665 -1.220373247e-24)
(-0.04683571861 0.009919772019 -4.551494963e-25)
(-0.05014989094 0.005602434199 -1.06300033e-23)
(-0.0514123207 0.0007444209604 0)
(-0.05047793401 -0.00424178077 0)
(-0.04733706398 -0.008887187827 2.670982315e-23)
(-0.04215928027 -0.01268177029 2.813009838e-23)
(-0.0353143755 -0.01513605237 -1.64614888e-24)
(-0.02738996372 -0.01586189597 4.845798872e-23)
(-0.01917005955 -0.01467334208 9.419034513e-23)
(-0.01156090743 -0.0116936044 3.975474223e-23)
(-0.005465411727 -0.007450743843 4.141202347e-25)
(-0.001451099571 -0.002936044376 1.074083816e-25)
(-9.072740477e-05 0.0002258764626 0)
(-0.0005024627313 0.006045351127 -4.248655364e-23)
(-0.006402739391 0.01637075736 -1.692196985e-23)
(-0.01553502463 0.02355933838 8.212030052e-24)
(-0.0262791216 0.02744162905 0)
(-0.03728746902 0.02832102426 0)
(-0.04769037628 0.026587727 0)
(-0.05679663173 0.02263120416 -4.465408986e-26)
(-0.06405384198 0.01683609317 -2.13705492e-24)
(-0.0690108171 0.009622183827 0)
(-0.07130828109 0.001491049944 1.635360479e-24)
(-0.07070853762 -0.006936504186 2.80267581e-25)
(-0.06713039656 -0.01493018921 -2.810523227e-25)
(-0.06069905837 -0.02166728286 0)
(-0.05180750739 -0.02631605909 4.133184625e-23)
(-0.04114991835 -0.02816071016 -4.681513041e-23)
(-0.02971970319 -0.02677372339 -2.761850495e-23)
(-0.01873716712 -0.02221530586 -3.960616357e-23)
(-0.009488028471 -0.01521922232 7.795889133e-25)
(-0.002976880132 -0.007298195043 9.7905302e-23)
(-0.0002318798544 -0.0008661682065 0)
(-0.00053161298 0.01009501713 4.269315894e-23)
(-0.007983592632 0.02595219746 4.785494838e-25)
(-0.01939687496 0.03642883095 -4.676195955e-25)
(-0.03282382563 0.04185521037 0)
(-0.04664689205 0.04289485578 7.783155164e-25)
(-0.05985229928 0.04020074345 -7.675238805e-25)
(-0.07163291654 0.03434741891 3.672374649e-23)
(-0.08132751515 0.02585664201 1.848276224e-23)
(-0.0883660133 0.01527298373 6.239027802e-24)
(-0.09225469782 0.003246146745 -1.637265703e-24)
(-0.09260380029 -0.009407833096 0)
(-0.08917555762 -0.02167478118 4.370494105e-25)
(-0.08195979504 -0.03236745189 1.008972099e-23)
(-0.07126885673 -0.04021250304 -4.349210775e-23)
(-0.05782019003 -0.04402046512 1.932842843e-24)
(-0.04278583086 -0.04294829515 4.217097261e-23)
(-0.02775450387 -0.03683347037 -3.841489201e-25)
(-0.01455062336 -0.02652721032 0)
(-0.004859462485 -0.01408454507 5.436530011e-23)
(-0.000364148393 -0.002846953271 -2.565094336e-22)
(-0.0005272212315 0.01499927844 9.841638951e-23)
(-0.009377925682 0.03739022553 -4.907938535e-25)
(-0.02288182824 0.05170223319 0)
(-0.0388304363 0.05894183462 0)
(-0.05538656967 0.06025574964 -8.732148284e-23)
(-0.07142876953 0.05661901375 -8.499112124e-23)
(-0.08606654487 0.04880169024 -4.067636689e-23)
(-0.09855086352 0.03743980679 -1.504410479e-23)
(-0.1081945346 0.02315984034 -5.369044185e-24)
(-0.1143444761 0.006709679151 -8.175076425e-24)
(-0.1164046239 -0.01093292228 6.601187004e-24)
(-0.113893743 -0.02848945157 8.826787911e-24)
(-0.1065487009 -0.04437046396 -1.892310414e-23)
(-0.09446804315 -0.05675333921 4.60814083e-24)
(-0.07826857116 -0.06378298825 0)
(-0.0592289558 -0.06393495566 -1.572792602e-23)
(-0.03933981977 -0.05653816389 -2.431414557e-26)
(-0.02114188842 -0.0423580918 0)
(-0.00731870285 -0.02398229425 -1.520662656e-22)
(-0.0005216165231 -0.005925544769 6.056301788e-22)
(-0.0004990823578 0.02064574655 -9.774589025e-23)
(-0.01052951039 0.05045438446 2.831994642e-22)
(-0.02582957547 0.06912512074 1.526869985e-22)
(-0.04402138449 0.07849258305 3.619305984e-24)
(-0.06310739373 0.08029476787 -7.319397299e-23)
(-0.0819040534 0.07588043237 9.043570514e-23)
(-0.09947763975 0.06621690943 -3.590225442e-24)
(-0.1150227408 0.05201695223 -1.729181564e-24)
(-0.1277519211 0.03392358559 2.524178672e-24)
(-0.136847263 0.01270233179 7.382705035e-24)
(-0.1414710549 -0.01058782407 -6.500931874e-24)
(-0.1408248208 -0.03446024508 -9.788219812e-24)
(-0.1342745995 -0.05692771886 -3.261733419e-23)
(-0.1215450266 -0.07553316413 -3.66156526e-23)
(-0.102967268 -0.08754260754 5.646106521e-25)
(-0.07976370076 -0.09039209831 0)
(-0.05426682589 -0.08244513869 0)
(-0.02987160991 -0.06397736935 -2.90608732e-24)
(-0.01066285163 -0.03798794751 2.970537052e-24)
(-0.0007350937024 -0.0105008948 1.02787221e-22)
(-0.00044791645 0.02687251209 0)
(-0.01134923256 0.06480757786 2.001978932e-22)
(-0.0280159977 0.08829617621 8.962014911e-23)
(-0.04799857489 0.1001234988 0)
(-0.06920602195 0.1027076594 1.569892122e-22)
(-0.09044373453 0.09781578979 0)
(-0.1107831712 0.08661103323 -1.428392919e-22)
(-0.1294093799 0.0698395056 6.515581443e-24)
(-0.1454771673 0.04808232301 0)
(-0.1580351851 0.02201755577 0)
(-0.1660133491 -0.00733444063 -1.374417955e-24)
(-0.1682671592 -0.03838839895 -9.316825013e-25)
(-0.1637064731 -0.06883976073 1.491987099e-22)
(-0.1515208794 -0.09558275998 -4.704634555e-23)
(-0.1315134583 -0.1148298683 -2.560991605e-24)
(-0.1045596098 -0.1225703434 1.534752382e-24)
(-0.07309350042 -0.1155517986 -1.558961997e-24)
(-0.0413502157 -0.09283115716 0)
(-0.01525230307 -0.05740767721 3.203825692e-24)
(-0.001044309122 -0.01714714492 -1.012917636e-21)
(-0.0003744662901 0.03346304592 0)
(-0.01175006054 0.07998918973 -1.128293355e-22)
(-0.02920707968 0.1086390981 -6.191164342e-22)
(-0.05031745131 0.1232234034 -3.75531447e-22)
(-0.07296317619 0.1269097077 0)
(-0.09598960433 0.1219255677 4.119466671e-22)
(-0.1185273513 0.1096348673 1.260929021e-22)
(-0.1398146455 0.09078246083 -5.581849277e-24)
(-0.1590221589 0.06581393274 5.554222123e-24)
(-0.1751461044 0.03520881104 0)
(-0.1869560025 -0.0001967480601 2.912136962e-23)
(-0.1930172688 -0.03889754512 4.695854301e-24)
(-0.1917809951 -0.07843888769 -1.076813128e-22)
(-0.1817874472 -0.1151865407 8.004248396e-23)
(-0.1620570467 -0.1442599496 -2.419755018e-22)
(-0.1327062027 -0.1598548661 0)
(-0.09577888343 -0.1563112915 0)
(-0.0560163316 -0.1302981106 0)
(-0.02147859175 -0.0838113524 0)
(-0.00150038465 -0.02665516333 5.572134325e-22)
(-0.0002873898414 0.04016077848 0)
(-0.01169359605 0.09543611779 -3.493025044e-22)
(-0.02924438283 0.1294073665 8.932816785e-22)
(-0.05060947321 0.1469299211 3.617186539e-22)
(-0.07370082733 0.1519748716 0)
(-0.09745151263 0.1472758 -3.862563886e-22)
(-0.1211069855 0.1344191981 -3.174436259e-23)
(-0.1440324807 0.1141393341 3.333110169e-22)
(-0.165514326 0.08670006746 1.769477431e-22)
(-0.1846248548 0.05229123524 -4.060157822e-23)
(-0.2001325837 0.01141716119 1.656821835e-23)
(-0.2104622469 -0.03471424312 -8.265264952e-24)
(-0.2137208553 -0.08376563851 3.371863957e-22)
(-0.2078215522 -0.1318756378 0)
(-0.1908238557 -0.1732756171 2.420924048e-22)
(-0.1616335755 -0.200259343 5.774805182e-24)
(-0.1211662704 -0.2040121741 -5.860924607e-24)
(-0.07384989884 -0.1772119983 1.548457695e-22)
(-0.02971786864 -0.1188642343 -5.435490178e-24)
(-0.002179545181 -0.04005398792 0)
(-0.0002117199107 0.04671640134 0)
(-0.01125001068 0.1105498155 0)
(-0.02815624418 0.1497355041 -5.022766434e-22)
(-0.04874479273 0.1701517645 -1.881001052e-23)
(-0.07100086628 0.1766257189 2.03838116e-23)
(-0.09399451512 0.172452655 -2.014313629e-23)
(-0.1171434304 0.159487102 -2.316886467e-23)
(-0.1400179509 0.1384805106 -3.029828272e-22)
(-0.1621328895 0.1095160729 6.698613258e-23)
(-0.182795904 0.07245187013 4.513184465e-23)
(-0.2009835559 0.027349288 -4.577727339e-23)
(-0.2152270266 -0.02508697889 0)
(-0.2235562216 -0.08298351562 -7.839710088e-23)
(-0.2234632202 -0.1427257358 0)
(-0.212067944 -0.1981820913 -3.739568077e-22)
(-0.1867434558 -0.2400773732 5.244965115e-22)
(-0.1464438313 -0.2560773448 0)
(-0.09394567796 -0.2331209537 -1.494003487e-22)
(-0.04022001026 -0.1639613682 1.937560528e-22)
(-0.003201100303 -0.05861063216 -3.411540056e-22)
(-0.0002015409164 0.05297585215 0)
(-0.01067261855 0.1248172417 9.182880951e-22)
(-0.02628446626 0.1687424618 -2.440689001e-23)
(-0.04501107742 0.1916455181 9.193351173e-22)
(-0.06494597427 0.1992921094 -2.512089849e-23)
(-0.08536628471 0.1956104354 2.838847242e-23)
(-0.1059305644 0.1827886873 -2.812933274e-23)
(-0.1264924183 0.161658353 -1.660919596e-23)
(-0.1468996841 0.1321762313 -5.260234205e-22)
(-0.1668458148 0.09389646672 -8.906636999e-24)
(-0.1857303014 0.04640576255 9.660204994e-24)
(-0.2024781675 -0.01023784864 3.31308042e-22)
(-0.2154154603 -0.07499820521 -5.820745721e-22)
(-0.2220209708 -0.1450311864 0)
(-0.21880321 -0.2146760648 8.88733494e-22)
(-0.2016257525 -0.2740016457 -4.940897087e-22)
(-0.1668639196 -0.3075811993 -1.572226501e-23)
(-0.1140220098 -0.2953811946 0)
(-0.05288482043 -0.2195802603 -1.890194058e-22)
(-0.004749188187 -0.08377278044 3.360597657e-22)
(-0.0003641984778 0.05902317861 1.551012036e-23)
(-0.01049573919 0.1379881526 -8.764208023e-22)
(-0.02441389478 0.1856804135 -1.157060373e-21)
(-0.04026724331 0.2101384788 -8.628999365e-22)
(-0.05630729475 0.2182348948 0)
(-0.07214856392 0.2146190303 3.51380891e-23)
(-0.08779221451 0.2018791983 -7.294873557e-23)
(-0.1034562774 0.181000563 5.867889731e-23)
(-0.1193983855 0.1518997254 3.021369474e-22)
(-0.1357931528 0.1139150573 -1.128196626e-23)
(-0.1526082301 0.06621424922 0)
(-0.1694521356 0.008177202532 -3.603932762e-22)
(-0.1852760581 -0.06015987837 7.51567399e-22)
(-0.1980448504 -0.137274703 8.831710452e-22)
(-0.2043546254 -0.218926191 -5.296633102e-22)
(-0.1990977607 -0.2959712939 5.16269533e-22)
(-0.1760605329 -0.3514072618 1.078236152e-23)
(-0.1300890632 -0.3584150813 -1.095551244e-23)
(-0.06688803321 -0.2843276535 -8.215230002e-23)
(-0.007083319957 -0.1169964427 0)
(-0.0009095775522 0.06540041629 -1.911488703e-23)
(-0.01167591694 0.150281643 -1.32696674e-21)
(-0.02388881999 0.2000659586 1.094238686e-21)
(-0.03601340288 0.2244216997 6.734936491e-22)
(-0.04657308545 0.2316588275 6.014637552e-22)
(-0.05577038253 0.2272393724 6.643963078e-22)
(-0.06411245468 0.2141774899 -4.45868119e-23)
(-0.07227561347 0.1936494398 -3.461339691e-22)
(-0.08096972641 0.1656028326 2.152163854e-22)
(-0.09087192004 0.1292707356 0)
(-0.1025547421 0.08353082419 0)
(-0.1163622126 0.02720010626 2.655398345e-22)
(-0.1321589531 -0.04062006137 8.19432586e-23)
(-0.1489252293 -0.1200128321 -2.821626056e-22)
(-0.1641284261 -0.2089300704 -5.411275245e-23)
(-0.1727877605 -0.3006992522 1.301952191e-22)
(-0.1670311296 -0.379332912 -3.400510133e-22)
(-0.1365292436 -0.4136451989 -1.593800025e-23)
(-0.08018250136 -0.3538326221 8.204002799e-23)
(-0.01050762294 -0.1594130578 -6.032152306e-22)
(-0.002260498427 0.0734888358 0)
(-0.01580355649 0.1626521786 2.14587636e-21)
(-0.02665042531 0.2117904757 0)
(-0.03422339486 0.2333947295 -1.351809096e-21)
(-0.03759398304 0.2377766849 6.184052021e-23)
(-0.03799685003 0.2312553543 -6.19310033e-22)
(-0.03668265624 0.2171899025 -4.75628793e-22)
(-0.03489036049 0.1968934501 8.301260754e-22)
(-0.0337883762 0.1703342387 -1.885699271e-22)
(-0.03449876152 0.1367221075 0)
(-0.03811572437 0.09479673574 0)
(-0.0456499217 0.04304286513 2.410616012e-23)
(-0.05790804068 -0.02013781309 -6.007201678e-22)
(-0.07514598346 -0.09620650289 -4.309569432e-22)
(-0.09645174827 -0.185555618 4.637865167e-22)
(-0.1183462604 -0.2853567779 -6.488740777e-22)
(-0.1332715374 -0.3838386543 9.119950028e-23)
(-0.1265350983 -0.4504358724 2.937282473e-23)
(-0.08899154069 -0.4198536386 5.660440957e-22)
(-0.01526917931 -0.2111719737 6.020785062e-22)
(-0.005180899612 0.08598045996 0)
(-0.02525550724 0.1766291199 1.465579374e-22)
(-0.03483407965 0.2205961565 -4.917147992e-23)
(-0.03640013772 0.2354859363 7.642936252e-22)
(-0.03018482867 0.2343406767 -7.005383272e-22)
(-0.01916579188 0.2241603895 4.74648414e-23)
(-0.005615147369 0.2083525854 -1.018610425e-22)
(0.0085696109 0.1881241093 -3.389890797e-22)
(0.0217988649 0.1633911272 2.062823928e-22)
(0.0326278177 0.133324273 0)
(0.03958458834 0.09664086139 0)
(0.04117013511 0.05174056384 -2.902668982e-22)
(0.03578484055 -0.003255398452 0)
(0.02198184894 -0.070583609 -5.512189552e-22)
(-0.001264844165 -0.1525735512 -1.492377248e-23)
(-0.0331046972 -0.2505949851 2.559743417e-23)
(-0.0690923569 -0.359934152 2.203146626e-22)
(-0.0922782692 -0.4575424531 4.788065005e-24)
(-0.0871808989 -0.469812942 -5.7894092e-22)
(-0.02103127145 -0.26989723 0)
(-0.01111631564 0.1085974975 0)
(-0.04248901898 0.194715168 -8.848484027e-22)
(-0.04795528936 0.2258195515 -5.411042628e-22)
(-0.03919535874 0.2282135564 4.543819612e-22)
(-0.01877830152 0.2182328145 -1.709983875e-24)
(0.007664315856 0.2028220364 -4.561052725e-23)
(0.03667993627 0.1847619777 5.696685778e-22)
(0.06582998839 0.1647118221 -2.766892053e-23)
(0.09327131157 0.1423128182 -2.069782813e-22)
(0.1173891633 0.1166274939 3.142215087e-23)
(0.136546171 0.08641143873 -3.425918714e-23)
(0.1489669288 0.05017668997 -3.690595677e-23)
(0.1525275798 0.006159166542 3.20563492e-22)
(0.1449367046 -0.04796127062 6.119609007e-22)
(0.1235159803 -0.1153052911 -5.101174302e-22)
(0.08633533525 -0.2004195651 -1.61606037e-22)
(0.03199089368 -0.3067806592 1.531305936e-22)
(-0.02362123102 -0.4239837146 7.2936507e-23)
(-0.06492413033 -0.4871612791 1.913291358e-21)
(-0.02509971701 -0.3291544746 2.954991174e-21)
(-0.02004680486 0.1460727402 -4.390209145e-23)
(-0.06416406301 0.211295586 4.417381898e-23)
(-0.05070230605 0.2177300482 1.000189069e-21)
(-0.01934097309 0.2014679992 -8.270578207e-24)
(0.0241446503 0.1809076189 0)
(0.07154122204 0.1606933358 4.363725384e-23)
(0.1190703423 0.1416495502 -2.273853516e-22)
(0.1644767352 0.1233181829 -9.027963349e-23)
(0.2062251179 0.1048117299 3.680736913e-23)
(0.2429643043 0.08507140106 -1.701655794e-23)
(0.2732207599 0.06296147676 3.429972024e-23)
(0.2952536126 0.03726293807 -6.592684346e-23)
(0.3066971075 0.00653506796 -9.303909255e-23)
(0.3049738325 -0.03087770069 1.517045036e-22)
(0.2863936259 -0.07786290989 0)
(0.2470568092 -0.139930037 1.505613643e-22)
(0.1810922242 -0.2266299753 2.560013719e-22)
(0.09604450285 -0.3443894948 0)
(-0.006697615701 -0.4552210219 -3.675634405e-21)
(-0.019224082 -0.3777537589 -2.892620656e-21)
(-0.02591951324 0.2276828798 -9.514205645e-22)
(-0.03998324707 0.2238216529 -1.388976928e-22)
(0.03656136819 0.1810585361 -2.335583118e-22)
(0.1090503048 0.1451059097 -1.193742928e-22)
(0.1817191199 0.1172445502 -4.295829239e-23)
(0.2490090741 0.09627907701 9.783191179e-23)
(0.3100336714 0.08002510479 -1.408593536e-22)
(0.3646209348 0.06656815387 1.29717632e-22)
(0.4126252511 0.05449178926 -8.620126446e-23)
(0.4536250317 0.04270894942 1.132189132e-25)
(0.4867878741 0.03032298418 1.527742589e-23)
(0.5107451381 0.01652901845 7.997209183e-23)
(0.523659747 0.0005365141699 -1.811124839e-22)
(0.5231798024 -0.01863373271 -1.617147182e-22)
(0.5052323428 -0.04286478975 -4.262959985e-23)
(0.4658715087 -0.07633231196 0)
(0.3952696502 -0.1286089384 -1.846476328e-22)
(0.2916071051 -0.2208468098 8.148762329e-22)
(0.1197455107 -0.3525016903 1.631601409e-21)
(0.02670547261 -0.3775497979 2.172655826e-21)
(0.2142894469 0.1347447206 9.864990736e-22)
(0.2776311182 0.09870503535 0)
(0.4316592286 0.05810414852 -2.59432208e-22)
(0.5304749344 0.0384626497 -1.741667807e-22)
(0.6016965751 0.0262341913 0)
(0.6571198962 0.01831923488 -6.009098434e-23)
(0.7015213608 0.01313600856 6.378008129e-23)
(0.7376042508 0.009542126403 -1.800158189e-23)
(0.7669368425 0.006804463614 2.885976658e-23)
(0.7902106693 0.004464743849 2.315034837e-23)
(0.8074555018 0.002221319754 0)
(0.8182621361 -0.0001500751062 -2.873034567e-23)
(0.8216499719 -0.002723848419 0)
(0.8162394199 -0.005712668748 2.73815385e-23)
(0.7991333149 -0.009611382882 1.421694613e-23)
(0.7679986345 -0.01500255107 -5.799401035e-23)
(0.7106555755 -0.02502519952 -2.535660298e-22)
(0.623518398 -0.04204285405 -6.9181009e-22)
(0.423009102 -0.09182968078 0)
(0.2705674689 -0.1524021841 -2.119483693e-21)
)


// ************************************************************************* //
