/*--------------------------------*- C++ -*----------------------------------*\
  =========                 |
  \\      /  F ield         | OpenFOAM: The Open Source CFD Toolbox
   \\    /   O peration     | Website:  https://openfoam.org
    \\  /    A nd           | Version:  13
     \\/     M anipulation  |
\*---------------------------------------------------------------------------*/
FoamFile
{
    format      ascii;
    class       vectorField;
    location    "37.32";
    object      U_all;
}
// * * * * * * * * * * * * * * * * * * * * * * * * * * * * * * * * * * * * * //


400
(
(1.099815253e-05 -3.783724967e-05 0)
(-0.0006661035281 0.0004130417831 -1.550775685e-23)
(-0.00218537699 0.0009203940337 0)
(-0.004047833568 0.001312781442 0)
(-0.005971867061 0.001535065316 6.844885391e-25)
(-0.007762780832 0.00156984585 4.151236795e-24)
(-0.009284543377 0.001423561194 -7.371510463e-24)
(-0.01043594123 0.001119722462 7.532703322e-24)
(-0.01113681523 0.0006960843792 -2.095567921e-25)
(-0.01132711159 0.0002030811283 -3.994912796e-24)
(-0.01097177082 -0.0003002303379 5.803916972e-24)
(-0.01007232457 -0.0007475150421 -5.929819938e-23)
(-0.008679876719 -0.001075563424 -6.552938176e-23)
(-0.006902851106 -0.001233046117 -7.784527109e-23)
(-0.004910737905 -0.001192640095 4.573720261e-24)
(-0.002927232168 -0.0009619214406 -4.138070194e-24)
(-0.00120529815 -0.0005912123791 -1.998847344e-22)
(-1.906569667e-05 -0.0001698836202 0)
(0.0005181571608 0.0001720848005 1.509872294e-25)
(0.0002227529778 0.0003059779086 -2.556160089e-24)
(-0.0002633664869 0.0008289620938 1.383397307e-25)
(-0.00270330838 0.003383837515 1.560563481e-23)
(-0.006907277787 0.005604498278 1.554543464e-25)
(-0.01195232024 0.00700820628 -8.494026536e-25)
(-0.01713504353 0.007553775249 1.161928909e-24)
(-0.02197535058 0.00729419768 1.306660691e-23)
(-0.02611075388 0.006321890757 1.390754927e-24)
(-0.02926563909 0.004754189997 -7.284369819e-24)
(-0.03122672316 0.002737151147 1.015372701e-23)
(-0.03184200522 0.0004524082731 4.51029786e-24)
(-0.03102761135 -0.001884140375 -6.319213966e-24)
(-0.02879316339 -0.004023025416 2.961793892e-24)
(-0.02527138024 -0.005708352214 3.895667279e-23)
(-0.0207319455 -0.006707409395 -1.954845998e-24)
(-0.01558962406 -0.006854141716 3.754634555e-24)
(-0.01038513259 -0.006097467092 -9.74152633e-23)
(-0.005730270286 -0.004546190188 9.638158085e-23)
(-0.002233363827 -0.002507422984 -3.961889507e-25)
(-0.00018177212 -0.0005023758289 4.061809083e-25)
(8.343734538e-05 0.0006099223452 0)
(-0.0004188244643 0.00293507695 -2.91083358e-25)
(-0.004647876106 0.008804010229 1.702620862e-23)
(-0.01137195903 0.01324041744 -8.278328885e-24)
(-0.01932728805 0.0157920355 -2.074693051e-25)
(-0.02747411315 0.01652999725 2.03816931e-25)
(-0.0351177829 0.01564441538 6.894818666e-27)
(-0.04171344014 0.01335997442 -1.223157897e-24)
(-0.04683570613 0.009919768122 -4.55304003e-25)
(-0.05014987642 0.005602429889 -1.063197551e-23)
(-0.05141230639 0.0007444187848 0)
(-0.0504779218 -0.004241779319 0)
(-0.04733705485 -0.008887182962 2.671131406e-23)
(-0.04215927387 -0.01268176401 2.813140308e-23)
(-0.03531437108 -0.01513604722 -1.646245986e-24)
(-0.02738996069 -0.01586189348 4.846151231e-23)
(-0.01917005716 -0.01467334226 9.419814077e-23)
(-0.01156090443 -0.01169360638 3.976309489e-23)
(-0.005465407287 -0.007450746692 4.143620854e-25)
(-0.001451095479 -0.002936047454 1.072919506e-25)
(-9.07250834e-05 0.0002258726859 0)
(-0.0005024641916 0.006045348126 -4.249395368e-23)
(-0.006402740926 0.01637075088 -1.692843963e-23)
(-0.01553502238 0.02355932755 8.205179373e-24)
(-0.02627911467 0.02744161602 0)
(-0.0372874588 0.02832101245 0)
(-0.04769036443 0.02658771897 0)
(-0.05679661881 0.02263120016 -4.474692854e-26)
(-0.06405382731 0.01683609159 -2.135422402e-24)
(-0.06901080012 0.009622183159 0)
(-0.07130826257 0.001491050146 1.635741806e-24)
(-0.07070851921 -0.00693650234 2.802942357e-25)
(-0.06713038033 -0.01493018459 -2.810790531e-25)
(-0.06069904619 -0.02166727541 0)
(-0.05180749974 -0.02631605023 4.133507749e-23)
(-0.04114991415 -0.02816070195 -4.681855741e-23)
(-0.02971970037 -0.02677371734 -2.762252114e-23)
(-0.01873716365 -0.02221530247 -3.961463999e-23)
(-0.009488023764 -0.01521922156 7.795996544e-25)
(-0.002976876312 -0.007298196778 9.78977971e-23)
(-0.000231878093 -0.0008661712105 0)
(-0.0005316135124 0.01009501227 4.270059621e-23)
(-0.007983592501 0.02595218887 4.784473887e-25)
(-0.0193968725 0.03642881916 -4.675198067e-25)
(-0.03282381807 0.0418551957 0)
(-0.04664687906 0.04289483989 7.782044523e-25)
(-0.0598522824 0.0402007291 -7.674143646e-25)
(-0.07163289785 0.03434740854 3.672024987e-23)
(-0.08132749569 0.02585663653 1.847938622e-23)
(-0.08836599291 0.01527298252 6.238140395e-24)
(-0.09225467622 0.003246148803 -1.637647468e-24)
(-0.09260377791 -0.009407828288 0)
(-0.08917553607 -0.02167477376 4.370967501e-25)
(-0.08195977685 -0.03236744179 1.009122355e-23)
(-0.07126884375 -0.04021249073 -4.349554404e-23)
(-0.05782018221 -0.04402045201 1.933060819e-24)
(-0.04278582622 -0.04294828315 4.217850991e-23)
(-0.02775450004 -0.03683346128 -3.842728264e-25)
(-0.01455061945 -0.02652720537 0)
(-0.00485945982 -0.01408454447 5.436536831e-23)
(-0.0003641474347 -0.00284695486 -2.565017765e-22)
(-0.0005272205106 0.01499927154 9.840936341e-23)
(-0.009377923039 0.03739021144 -4.907329407e-25)
(-0.02288182383 0.05170221654 0)
(-0.03883042808 0.05894181702 0)
(-0.05538655631 0.06025573189 -8.731834746e-23)
(-0.07142875124 0.05661899702 -8.498811268e-23)
(-0.08606652316 0.04880167628 -4.067253999e-23)
(-0.09855084008 0.03743979735 -1.504238371e-23)
(-0.1081945102 0.02315983632 -5.368263309e-24)
(-0.114344451 0.00670968052 -8.174637216e-24)
(-0.1164045982 -0.01093291613 6.600759461e-24)
(-0.1138937177 -0.02848944161 8.826080087e-24)
(-0.1065486781 -0.04437045098 -1.892319021e-23)
(-0.09446802509 -0.05675332393 4.605371468e-24)
(-0.07826855874 -0.06378297172 0)
(-0.05922894806 -0.06393493964 -1.57316786e-23)
(-0.03933981484 -0.05653815062 -2.420132954e-26)
(-0.02114188516 -0.0423580833 0)
(-0.007318701328 -0.02398229111 -1.520587235e-22)
(-0.0005216162624 -0.005925544845 6.056149678e-22)
(-0.0004990815856 0.02064573978 -9.773893745e-23)
(-0.0105295071 0.05045436643 2.831924586e-22)
(-0.0258295691 0.06912509773 1.526832515e-22)
(-0.04402137472 0.07849255937 3.619195787e-24)
(-0.06310737994 0.0802947459 -7.319354185e-23)
(-0.08190403545 0.07588041322 9.043249325e-23)
(-0.09947761826 0.06621689387 -3.59012854e-24)
(-0.1150227168 0.05201694118 -1.729126234e-24)
(-0.1277518952 0.03392357994 2.524095046e-24)
(-0.1368472358 0.01270233203 7.382293821e-24)
(-0.141471027 -0.01058781806 -6.500526754e-24)
(-0.1408247932 -0.03446023408 -9.787443188e-24)
(-0.1342745739 -0.056927704 -3.261737048e-23)
(-0.1215450049 -0.07553314653 -3.661131427e-23)
(-0.1029672516 -0.08754258841 5.645235587e-25)
(-0.07976368957 -0.09039207935 0)
(-0.05426681901 -0.08244512222 0)
(-0.02987160637 -0.06397735773 -2.905975832e-24)
(-0.01066285054 -0.03798794173 2.970423091e-24)
(-0.0007350938022 -0.01050089347 1.027873911e-22)
(-0.0004479166697 0.02687250535 0)
(-0.01134923068 0.06480755859 2.001981483e-22)
(-0.02801599168 0.08829614931 8.962053761e-23)
(-0.04799856472 0.1001234696 0)
(-0.069206008 0.102707632 1.569857532e-22)
(-0.09044371743 0.0978157667 0)
(-0.1107831516 0.08661101551 -1.428375478e-22)
(-0.1294093581 0.06983949373 6.515479814e-24)
(-0.1454771435 0.04808231723 0)
(-0.1580351595 0.02201755616 0)
(-0.1660133222 -0.007334434244 -1.37439012e-24)
(-0.168267132 -0.03838838713 -9.316593675e-25)
(-0.1637064472 -0.06883974437 1.491955272e-22)
(-0.1515208564 -0.09558274019 -4.704627145e-23)
(-0.1315134396 -0.1148298464 -2.560900409e-24)
(-0.104559596 -0.1225703213 1.534653998e-24)
(-0.07309349142 -0.1155517787 -1.558862062e-24)
(-0.04135021106 -0.09283114215 0)
(-0.01525230163 -0.05740766862 3.203768787e-24)
(-0.001044309226 -0.01714714238 -1.012902914e-21)
(-0.0003744670433 0.03346303738 0)
(-0.01175006006 0.079989169 -1.128262317e-22)
(-0.02920707583 0.1086390691 -6.191095639e-22)
(-0.05031744309 0.1232233711 -3.755280055e-22)
(-0.07296316404 0.1269096764 0)
(-0.09598958945 0.1219255409 4.119431747e-22)
(-0.1185273348 0.1096348468 1.260913649e-22)
(-0.1398146279 0.09078244763 -5.581795243e-24)
(-0.1590221402 0.065813927 5.554168355e-24)
(-0.1751460842 0.03520881239 0)
(-0.1869559807 -0.0001967402684 2.912112901e-23)
(-0.1930172461 -0.03889753165 4.695797131e-24)
(-0.1917809726 -0.07843886935 -1.07679586e-22)
(-0.1817874262 -0.1151865184 8.004092174e-23)
(-0.1620570284 -0.1442599247 -2.419721076e-22)
(-0.1327061881 -0.1598548404 0)
(-0.09577887316 -0.1563112677 0)
(-0.05601632579 -0.1302980917 0)
(-0.0214785896 -0.08381134073 0)
(-0.001500384564 -0.02665515969 5.572061502e-22)
(-0.0002873902629 0.04016076811 0)
(-0.01169359608 0.09543609469 -3.492991025e-22)
(-0.02924438135 0.1294073357 8.932746799e-22)
(-0.05060946847 0.146929887 3.617153199e-22)
(-0.07370081923 0.1519748382 0)
(-0.09745150225 0.1472757707 -3.862531055e-22)
(-0.1211069741 0.1344191753 -3.174415451e-23)
(-0.1440324693 0.1141393194 3.333093038e-22)
(-0.1655143145 0.08670006126 1.769468504e-22)
(-0.1846248428 0.05229123724 -4.06013784e-23)
(-0.2001325707 0.01141717043 1.656822143e-23)
(-0.2104622327 -0.0347142278 -8.265204469e-24)
(-0.2137208403 -0.08376561818 3.371844044e-22)
(-0.2078215371 -0.1318756134 0)
(-0.1908238414 -0.1732755897 2.42089009e-22)
(-0.1616335631 -0.2002593143 5.774697027e-24)
(-0.1211662607 -0.2040121467 -5.860814841e-24)
(-0.07384989265 -0.1772119754 1.548420482e-22)
(-0.02971786593 -0.1188642194 -5.435375872e-24)
(-0.002179544907 -0.0400539831 0)
(-0.000211719996 0.04671639088 0)
(-0.01125001123 0.110549791 0)
(-0.02815624486 0.1497354718 -5.022731685e-22)
(-0.04874479199 0.1701517293 -1.880989804e-23)
(-0.07100086363 0.1766256845 2.038370727e-23)
(-0.0939945112 0.1724526247 -2.014303318e-23)
(-0.1171434262 0.1594870781 -2.316876288e-23)
(-0.1400179473 0.1384804948 -3.029812636e-22)
(-0.1621328868 0.109516066 6.698616023e-23)
(-0.182795902 0.07245187201 4.513161639e-23)
(-0.2009835539 0.02734929772 -4.57770353e-23)
(-0.2152270238 -0.02508696274 0)
(-0.2235562175 -0.08298349446 -7.839611985e-23)
(-0.2234632148 -0.1427257107 0)
(-0.2120679373 -0.1981820632 -3.739548191e-22)
(-0.1867434486 -0.2400773433 5.244927064e-22)
(-0.1464438245 -0.2560773153 0)
(-0.09394567276 -0.2331209278 -1.493967422e-22)
(-0.04022000754 -0.1639613503 1.937522649e-22)
(-0.003201099949 -0.05861062593 -3.411502247e-22)
(-0.0002015411987 0.05297584291 0)
(-0.01067262035 0.124817218 9.182843547e-22)
(-0.0262844694 0.1687424298 -2.440677487e-23)
(-0.04501108095 0.1916454829 9.193312281e-22)
(-0.06494597766 0.1992920751 -2.512078507e-23)
(-0.08536628822 0.1956104052 2.838836899e-23)
(-0.1059305686 0.1827886635 -2.812923025e-23)
(-0.1264924237 0.1616583371 -1.660914485e-23)
(-0.146899691 0.132176224 -5.260218343e-22)
(-0.1668458232 0.09389646813 -8.906610733e-24)
(-0.1857303107 0.04640577168 9.660176814e-24)
(-0.2024781768 -0.01023783327 3.313072371e-22)
(-0.2154154685 -0.07499818509 -5.820727686e-22)
(-0.2220209768 -0.1450311627 0)
(-0.2188032133 -0.2146760385 8.887297767e-22)
(-0.2016257531 -0.2740016174 -4.940861343e-22)
(-0.1668639179 -0.3075811703 -1.572214864e-23)
(-0.1140220071 -0.2953811677 0)
(-0.0528848184 -0.2195802403 -1.890156811e-22)
(-0.004749187867 -0.08377277275 3.360560497e-22)
(-0.00036419918 0.05902317078 1.551006501e-23)
(-0.01049574257 0.1379881314 -8.764172437e-22)
(-0.02441390073 0.185680384 -1.157056442e-21)
(-0.04026725126 0.2101384458 -8.628962801e-22)
(-0.05630730423 0.2182348624 0)
(-0.07214857489 0.2146190018 3.513797997e-23)
(-0.0877922271 0.201879176 -7.294852263e-23)
(-0.1034562917 0.1810005483 5.867874179e-23)
(-0.1193984016 0.1518997188 3.0213615e-22)
(-0.1357931706 0.1139150586 -1.128194056e-23)
(-0.1526082493 0.06621425745 0)
(-0.1694521552 0.008177216234 -3.603923844e-22)
(-0.1852760767 -0.06015986069 7.515657306e-22)
(-0.1980448668 -0.1372746826 8.831691678e-22)
(-0.2043546385 -0.2189261685 -5.296614663e-22)
(-0.1990977697 -0.2959712696 5.162677334e-22)
(-0.1760605375 -0.3514072362 1.07822477e-23)
(-0.1300890644 -0.3584150562 -1.095539679e-23)
(-0.06688803255 -0.2843276331 -8.215600286e-23)
(-0.007083319752 -0.1169964339 0)
(-0.0009095784489 0.0654004098 -1.911483109e-23)
(-0.01167592142 0.1502816253 -1.326963186e-21)
(-0.0238888283 0.2000659334 1.09423499e-21)
(-0.03601341477 0.2244216712 6.734916796e-22)
(-0.04657310052 0.2316587993 6.014620114e-22)
(-0.05577040031 0.2272393477 6.643944625e-22)
(-0.0641124747 0.2141774708 -4.458670173e-23)
(-0.07227563535 0.1936494275 -3.461331959e-22)
(-0.08096974993 0.1656028275 2.152159545e-22)
(-0.090871945 0.1292707374 0)
(-0.1025547681 0.08353083176 0)
(-0.1163622388 0.02720011821 2.655394118e-22)
(-0.1321589785 -0.04062004656 8.194327649e-23)
(-0.1489252526 -0.1200128157 -2.821618078e-22)
(-0.1641284461 -0.2089300529 -5.411264291e-23)
(-0.172787776 -0.3006992336 1.301951542e-22)
(-0.16703114 -0.3793328919 -3.400491273e-22)
(-0.1365292487 -0.4136451781 -1.593979678e-23)
(-0.0801825025 -0.3538326036 8.204372577e-23)
(-0.01050762291 -0.1594130487 -6.03218835e-22)
(-0.002260499214 0.07348883099 0)
(-0.0158035612 0.1626521651 2.145870944e-21)
(-0.02665043473 0.2117904559 0)
(-0.03422340931 0.2333947068 -1.35180546e-21)
(-0.03759400232 0.2377766625 6.184060299e-23)
(-0.03799687327 0.2312553347 -6.193083021e-22)
(-0.03668268216 0.2171898875 -4.756276533e-22)
(-0.0348903881 0.196893441 8.301242238e-22)
(-0.03378840488 0.1703342355 -1.885695514e-22)
(-0.03449879078 0.1367221098 0)
(-0.03811575373 0.09479674276 0)
(-0.04564995054 0.04304287546 2.410615259e-23)
(-0.05790806828 -0.02013780081 -6.007192082e-22)
(-0.075146009 -0.09620648998 -4.30956189e-22)
(-0.09645177087 -0.1855556051 4.637856635e-22)
(-0.1183462791 -0.2853567649 -6.488722153e-22)
(-0.1332715512 -0.3838386405 9.11993483e-23)
(-0.1265351065 -0.4504358576 2.937473076e-23)
(-0.08899154354 -0.419853624 5.660457655e-22)
(-0.01526917949 -0.2111719655 6.020821038e-22)
(-0.005180900113 0.08598045724 0)
(-0.02525551138 0.1766291112 1.465579573e-22)
(-0.03483408873 0.2205961426 -4.917136801e-23)
(-0.03640015272 0.2354859195 7.642917302e-22)
(-0.0301848498 0.2343406598 -7.005365485e-22)
(-0.01916581809 0.2241603748 4.746472943e-23)
(-0.005615176588 0.2083525743 -1.018608408e-22)
(0.008569580179 0.1881241027 -3.389883395e-22)
(0.02179883366 0.1633911253 2.062819919e-22)
(0.03262778701 0.1333242757 0)
(0.03958455874 0.09664086768 0)
(0.04117010714 0.05174057262 -2.90266467e-22)
(0.03578481447 -0.003255388526 0)
(0.02198182509 -0.07058359892 -5.51218104e-22)
(-0.001264865348 -0.1525735418 -1.492376196e-23)
(-0.03310471511 -0.2505949765 2.559732834e-23)
(-0.06909237127 -0.3599341435 2.203129325e-22)
(-0.09227827866 -0.4575424446 4.78817336e-24)
(-0.08718090275 -0.4698129324 -5.789427002e-22)
(-0.02103127187 -0.2698972237 0)
(-0.01111631573 0.1085974968 0)
(-0.04248902184 0.1947151638 -8.848467285e-22)
(-0.04795529671 0.2258195427 -5.411032659e-22)
(-0.03919537187 0.2282135446 4.543809926e-22)
(-0.01877832098 0.2182328019 -1.709983799e-24)
(0.007664290908 0.2028220253 -4.561042306e-23)
(0.03667990779 0.1847619694 5.69667259e-22)
(0.06582995826 0.1647118173 -2.766886365e-23)
(0.09327128129 0.1423128172 -2.069778793e-22)
(0.1173891341 0.1166274965 3.142209481e-23)
(0.1365461436 0.08641144411 -3.425913172e-23)
(0.1489669036 0.05017669724 -3.690590211e-23)
(0.1525275573 0.006159174614 3.205630084e-22)
(0.1449366849 -0.04796126283 6.119599437e-22)
(0.1235159632 -0.1153052844 -5.101164805e-22)
(0.0863353211 -0.2004195597 -1.616052091e-22)
(0.03199088121 -0.3067806549 1.531314209e-22)
(-0.02362123998 -0.4239837102 7.293661354e-23)
(-0.06492413396 -0.4871612739 1.913292909e-21)
(-0.02509971752 -0.3291544705 2.954992931e-21)
(-0.02004680446 0.1460727406 -4.390203732e-23)
(-0.06416406403 0.211295585 4.417376458e-23)
(-0.05070231027 0.2177300428 1.000187285e-21)
(-0.01934098146 0.2014679916 -8.270574852e-24)
(0.0241446367 0.1809076103 0)
(0.07154120337 0.160693328 4.363714817e-23)
(0.11907032 0.1416495444 -2.273848164e-22)
(0.1644767106 0.1233181797 -9.027942143e-23)
(0.2062250928 0.1048117295 3.680728942e-23)
(0.2429642799 0.08507140318 -1.701652931e-23)
(0.2732207371 0.06296148082 3.429966475e-23)
(0.2952535923 0.03726294333 -6.59267376e-23)
(0.3066970897 0.006535073599 -9.303897763e-23)
(0.3049738175 -0.0308776954 1.517041949e-22)
(0.2863936136 -0.07786290556 0)
(0.2470567993 -0.1399300341 1.505604339e-22)
(0.1810922161 -0.2266299739 2.560014705e-22)
(0.09604449678 -0.344389493 0)
(-0.006697618813 -0.45522102 -3.675636963e-21)
(-0.01922408251 -0.3777537571 -2.892622356e-21)
(-0.02591951235 0.2276828795 -9.514201476e-22)
(-0.03998324682 0.2238216521 -1.388975245e-22)
(0.0365613678 0.1810585343 -2.335578682e-22)
(0.1090503035 0.1451059063 -1.193740728e-22)
(0.1817191146 0.1172445462 -4.295818822e-23)
(0.2490090647 0.09627907331 9.783160935e-23)
(0.3100336585 0.08002510212 -1.408589472e-22)
(0.3646209193 0.06656815257 1.297173169e-22)
(0.4126252343 0.05449178939 -8.620107915e-23)
(0.4536250149 0.04270895081 1.132187643e-25)
(0.4867878582 0.0303229865 1.527739979e-23)
(0.5107451239 0.01652902126 7.997196e-23)
(0.5236597353 0.000536516937 -1.811121716e-22)
(0.5231797934 -0.01863373018 -1.617144069e-22)
(0.5052323361 -0.04286478777 -4.262939508e-23)
(0.465871504 -0.07633231076 0)
(0.3952696466 -0.1286089381 -1.846481465e-22)
(0.2916071024 -0.2208468097 8.14876752e-22)
(0.1197455091 -0.3525016901 1.631602254e-21)
(0.02670547221 -0.3775497977 2.172656245e-21)
(0.2142894474 0.13474472 9.864986126e-22)
(0.2776311196 0.09870503458 0)
(0.4316592307 0.05810414869 -2.594317637e-22)
(0.5304749366 0.03846264928 -1.741663662e-22)
(0.6016965756 0.02623419079 0)
(0.6571198943 0.01831923452 -6.009078836e-23)
(0.7015213567 0.01313600847 6.377988388e-23)
(0.7376042449 0.009542126565 -1.800153212e-23)
(0.7669368357 0.006804464006 2.885969147e-23)
(0.7902106624 0.004464744405 2.315029765e-23)
(0.8074554955 0.002221320395 0)
(0.8182621309 -0.0001500744595 -2.873029462e-23)
(0.8216499682 -0.002723847816 0)
(0.8162394177 -0.005712668316 2.738143805e-23)
(0.7991333139 -0.009611382639 1.421684653e-23)
(0.7679986343 -0.01500255102 -5.799411041e-23)
(0.7106555756 -0.02502519963 -2.535663309e-22)
(0.6235183981 -0.04204285418 -6.91810496e-22)
(0.423009102 -0.09182968091 0)
(0.2705674689 -0.1524021841 -2.119484102e-21)
)


// ************************************************************************* //
