/*--------------------------------*- C++ -*----------------------------------*\
  =========                 |
  \\      /  F ield         | OpenFOAM: The Open Source CFD Toolbox
   \\    /   O peration     | Website:  https://openfoam.org
    \\  /    A nd           | Version:  13
     \\/     M anipulation  |
\*---------------------------------------------------------------------------*/
FoamFile
{
    format      ascii;
    class       vectorField;
    location    "39.49";
    object      U_all;
}
// * * * * * * * * * * * * * * * * * * * * * * * * * * * * * * * * * * * * * //


400
(
(1.100252102e-05 -3.783426497e-05 0)
(-0.0006660988003 0.0004130420961 -1.551059302e-23)
(-0.002185375073 0.000920393015 0)
(-0.004047832886 0.001312780624 0)
(-0.005971868965 0.001535066764 6.845321255e-25)
(-0.007762783833 0.001569849672 4.150891894e-24)
(-0.009284544591 0.001423564608 -7.372485498e-24)
(-0.01043593949 0.001119722231 7.531630667e-24)
(-0.01113681241 0.0006960798778 -2.095443489e-25)
(-0.01132711088 0.000203074986 -3.994759232e-24)
(-0.01097177359 -0.0003002345241 5.803726054e-24)
(-0.01007232949 -0.0007475155005 -5.929660042e-23)
(-0.00867988103 -0.001075560852 -6.5527915e-23)
(-0.006902852645 -0.001233042777 -7.784415087e-23)
(-0.004910736899 -0.001192637897 4.573646374e-24)
(-0.002927231205 -0.0009619207216 -4.137987225e-24)
(-0.001205299948 -0.0005912123107 -1.998789787e-22)
(-1.90703465e-05 -0.0001698833406 0)
(0.0005181524859 0.0001720857251 1.509745587e-25)
(0.0002227508226 0.0003059793727 -2.554761008e-24)
(-0.0002633645842 0.0008289666793 1.383169666e-25)
(-0.002703307038 0.003383840893 1.56085233e-23)
(-0.006907276886 0.005604499668 1.554960111e-25)
(-0.01195231807 0.007008205222 -8.495004885e-25)
(-0.01713504294 0.007553774791 1.162080569e-24)
(-0.02197535465 0.007294200715 1.306815938e-23)
(-0.02611076226 0.006321896592 1.389080663e-24)
(-0.02926564787 0.004754194772 -7.283330604e-24)
(-0.03122672835 0.00273715144 1.015316192e-23)
(-0.03184200613 0.000452404185 4.510121627e-24)
(-0.03102761055 -0.0018841459 -6.319008087e-24)
(-0.02879316385 -0.004023029259 2.961669047e-24)
(-0.02527138299 -0.005708352787 3.895589246e-23)
(-0.02073194928 -0.006707407334 -1.954797576e-24)
(-0.01558962705 -0.006854138712 3.75453922e-24)
(-0.01038513485 -0.006097464207 -9.741177795e-23)
(-0.005730273661 -0.004546187395 9.637858387e-23)
(-0.00223336883 -0.002507419849 -3.961538124e-25)
(-0.0001817764692 -0.0005023723085 4.061448838e-25)
(8.343489214e-05 0.0006099264981 0)
(-0.0004188235042 0.002935078423 -2.910590101e-25)
(-0.004647875732 0.00880401484 1.702287182e-23)
(-0.01137196168 0.01324042372 -8.281368384e-24)
(-0.01932729076 0.01579203924 -2.075062819e-25)
(-0.02747411485 0.01652999692 2.038532569e-25)
(-0.03511778504 0.01564441349 6.8438158e-27)
(-0.04171344518 0.01335997491 -1.221553779e-24)
(-0.04683571501 0.009919772527 -4.551938704e-25)
(-0.05014988734 0.005602435972 -1.063138808e-23)
(-0.05141231656 0.0007444228694 0)
(-0.05047792947 -0.004241779739 0)
(-0.04733705946 -0.008887187381 2.671063013e-23)
(-0.04215927602 -0.01268176968 2.813067764e-23)
(-0.03531437203 -0.01513605103 -1.6461948e-24)
(-0.02738996158 -0.01586189392 4.845970273e-23)
(-0.01917005927 -0.01467333982 9.419474754e-23)
(-0.01156090893 -0.01169360243 3.975904815e-23)
(-0.005465413852 -0.007450742134 4.142589866e-25)
(-0.001451100684 -0.002936042577 1.073394191e-25)
(-9.072761251e-05 0.0002258777507 0)
(-0.0005024625808 0.006045348604 -4.249137419e-23)
(-0.006402739444 0.01637075327 -1.692510288e-23)
(-0.01553502495 0.02355933455 8.208211096e-24)
(-0.02627912095 0.02744162534 0)
(-0.03728746643 0.02832102012 0)
(-0.04769037142 0.02658772247 0)
(-0.05679662519 0.02263120013 -4.470399726e-26)
(-0.06405383492 0.01683609074 -2.136156475e-24)
(-0.0690108103 0.009622183436 0)
(-0.0713082752 0.001491051119 1.635550217e-24)
(-0.07070853237 -0.006936502432 2.802844321e-25)
(-0.06713039106 -0.01493018729 -2.810692219e-25)
(-0.06069905241 -0.02166728088 0)
(-0.05180750155 -0.02631605682 4.13338156e-23)
(-0.04114991388 -0.02816070746 -4.681679877e-23)
(-0.0297197013 -0.02677372055 -2.762045825e-23)
(-0.0187371678 -0.02221530341 -3.961054258e-23)
(-0.009488029971 -0.01521922052 7.79589224e-25)
(-0.002976880925 -0.007298193597 9.790106688e-23)
(-0.0002318800102 -0.0008661674702 0)
(-0.0005316127391 0.01009501514 4.269799811e-23)
(-0.007983591805 0.02595219165 4.78493044e-25)
(-0.01939687333 0.03642882417 -4.675644195e-25)
(-0.03282382329 0.04185520412 0)
(-0.04664688843 0.04289485052 7.782510239e-25)
(-0.05985229379 0.04020073903 -7.674602903e-25)
(-0.0716329091 0.03434741516 3.672156003e-23)
(-0.08132750649 0.02585663912 1.848076473e-23)
(-0.08836600459 0.01527298213 6.238514827e-24)
(-0.09225468988 0.003246146492 -1.637455655e-24)
(-0.09260379306 -0.009407831786 0)
(-0.08917555047 -0.02167477873 4.370787725e-25)
(-0.08195978751 -0.03236744887 1.009068745e-23)
(-0.07126884909 -0.04021249993 -4.349420471e-23)
(-0.05782018358 -0.04402046219 1.932966559e-24)
(-0.0427858271 -0.04294829254 4.217481773e-23)
(-0.02775450307 -0.03683346824 -3.84210767e-25)
(-0.01455062382 -0.0265272088 0)
(-0.004859462802 -0.01408454424 5.436543203e-23)
(-0.0003641484193 -0.002846953317 -2.565051446e-22)
(-0.0005272215397 0.01499927703 9.841254894e-23)
(-0.009377925361 0.03739021996 -4.9075418e-25)
(-0.02288182597 0.05170222486 0)
(-0.03883043252 0.05894182554 0)
(-0.05538656443 0.0602557414 -8.731983637e-23)
(-0.07142876283 0.05661900721 -8.498959779e-23)
(-0.08606653677 0.04880168551 -4.067398302e-23)
(-0.09855085438 0.03743980369 -1.504303018e-23)
(-0.1081945251 0.02315983879 -5.368595238e-24)
(-0.114344467 0.006709679244 -8.174820399e-24)
(-0.1164046151 -0.01093292045 6.600939848e-24)
(-0.1138937344 -0.02848944823 8.826366294e-24)
(-0.1065486921 -0.04437045969 -1.892317046e-23)
(-0.0944680343 -0.05675333477 4.606314952e-24)
(-0.07826856333 -0.06378298422 0)
(-0.05922895043 -0.06393495227 -1.572994119e-23)
(-0.03933981731 -0.05653816117 -2.425156203e-26)
(-0.02114188764 -0.04235808982 0)
(-0.007318702728 -0.02398229341 -1.52062104e-22)
(-0.0005216165554 -0.005925545038 6.056216674e-22)
(-0.000499082878 0.02064574417 -9.774209595e-23)
(-0.0105295104 0.05045437885 2.831956398e-22)
(-0.02582957377 0.06912511213 1.526847032e-22)
(-0.04402138073 0.07849257282 3.619238287e-24)
(-0.0631073879 0.08029475758 -7.319345969e-23)
(-0.08190404583 0.0758804234 9.043407489e-23)
(-0.09947763096 0.06621690268 -3.590175819e-24)
(-0.1150227313 0.05201694805 -1.72915101e-24)
(-0.1277519114 0.03392358402 2.524131843e-24)
(-0.1368472535 0.01270233274 7.3824651e-24)
(-0.1414710456 -0.01058782085 -6.500697542e-24)
(-0.1408248115 -0.03446024001 -9.787756678e-24)
(-0.1342745901 -0.05692771261 -3.261737444e-23)
(-0.1215450172 -0.0755331575 -3.661281351e-23)
(-0.1029672595 -0.08754260122 5.645536982e-25)
(-0.07976369425 -0.09039209273 0)
(-0.05426682203 -0.08244513404 0)
(-0.02987160808 -0.0639773659 -2.906024427e-24)
(-0.01066285111 -0.03798794583 2.970472764e-24)
(-0.0007350937571 -0.01050089466 1.027872926e-22)
(-0.0004479165131 0.02687250834 0)
(-0.0113492321 0.06480757055 2.001982324e-22)
(-0.02801599651 0.08829616648 8.962062827e-23)
(-0.04799857193 0.1001234877 0)
(-0.06920601686 0.1027076481 1.569871186e-22)
(-0.09044372741 0.09781577943 0)
(-0.1107831626 0.08661102485 -1.428382902e-22)
(-0.1294093705 0.06983950004 6.515526888e-24)
(-0.1454771577 0.04808232074 0)
(-0.1580351758 0.02201755692 0)
(-0.1660133402 -0.007334436364 -1.374402009e-24)
(-0.1682671504 -0.03838839222 -9.316679304e-25)
(-0.1637064642 -0.06883975235 1.491967831e-22)
(-0.1515208704 -0.09558275084 -4.704634934e-23)
(-0.1315134498 -0.1148298592 -2.56093388e-24)
(-0.1045596029 -0.122570335 1.534692632e-24)
(-0.07309349571 -0.1155517913 -1.558901305e-24)
(-0.04135021317 -0.09283115168 0)
(-0.0152523022 -0.05740767421 3.203793467e-24)
(-0.001044309112 -0.01714714417 -1.01290933e-21)
(-0.0003744660076 0.03346304203 0)
(-0.01175005979 0.07998918072 -1.128279416e-22)
(-0.02920707859 0.1086390866 -6.191127348e-22)
(-0.05031744911 0.123223391 -3.755295784e-22)
(-0.07296317242 0.1269096956 0)
(-0.09598959881 0.1219255567 4.11944566e-22)
(-0.1185273442 0.1096348582 1.260920189e-22)
(-0.1398146373 0.09078245435 -5.581819833e-24)
(-0.1590221505 0.06581392959 5.554192825e-24)
(-0.1751460963 0.03520881161 0)
(-0.186955995 -0.0001967438428 2.912124538e-23)
(-0.1930172617 -0.03889753777 4.695822471e-24)
(-0.1917809881 -0.07843887803 -1.076802954e-22)
(-0.1817874399 -0.1151865296 8.004152875e-23)
(-0.1620570394 -0.1442599382 -2.419735144e-22)
(-0.1327061962 -0.1598548551 0)
(-0.09577887861 -0.1563112818 0)
(-0.05601632879 -0.130298103 0)
(-0.02147859065 -0.08381134793 0)
(-0.001500384543 -0.02665516203 5.572093086e-22)
(-0.0002873897866 0.04016077503 0)
(-0.01169359579 0.09543610829 -3.493005488e-22)
(-0.02924438209 0.1294073538 8.932777919e-22)
(-0.05060947182 0.1469299075 3.61716844e-22)
(-0.07370082512 0.1519748586 0)
(-0.09745150937 0.1472757884 -3.862544137e-22)
(-0.121106981 0.1344191885 -3.174423781e-23)
(-0.1440324753 0.1141393272 3.333099868e-22)
(-0.1655143201 0.08670006359 1.76947227e-22)
(-0.1846248491 0.05229123487 -4.060146921e-23)
(-0.2001325787 0.01141716447 1.656821821e-23)
(-0.2104622425 -0.03471423642 -8.265233124e-24)
(-0.2137208511 -0.08376562899 3.371853413e-22)
(-0.2078215477 -0.1318756264 0)
(-0.1908238507 -0.1732756047 2.420904165e-22)
(-0.1616335707 -0.2002593306 5.774743123e-24)
(-0.1211662664 -0.2040121627 -5.860861625e-24)
(-0.07384989623 -0.177211989 1.548436586e-22)
(-0.0297178675 -0.1188642284 -5.435424915e-24)
(-0.00217954504 -0.04005398608 0)
(-0.0002117202066 0.04671639785 0)
(-0.01125001119 0.1105498062 0)
(-0.02815624434 0.1497354913 -5.022746481e-22)
(-0.0487447926 0.1701517506 -1.88099456e-23)
(-0.07100086604 0.1766257054 2.038375297e-23)
(-0.09399451462 0.172452643 -2.014307834e-23)
(-0.1171434293 0.1594870921 -2.31688036e-23)
(-0.1400179491 0.1384805034 -3.029818881e-22)
(-0.1621328874 0.1095160686 6.698613104e-23)
(-0.182795902 0.07245186897 4.513172014e-23)
(-0.2009835545 0.0273492901 -4.577714871e-23)
(-0.2152270257 -0.02508697359 0)
(-0.223556221 -0.08298350749 -7.839658187e-23)
(-0.2234632192 -0.1427257254 0)
(-0.2120679422 -0.1981820795 -3.739557196e-22)
(-0.1867434534 -0.2400773607 5.244944028e-22)
(-0.1464438288 -0.2560773327 0)
(-0.09394567604 -0.2331209432 -1.493983034e-22)
(-0.04022000929 -0.163961361 1.937539151e-22)
(-0.003201100197 -0.05861062968 -3.411518666e-22)
(-0.0002015412499 0.05297584836 0)
(-0.01067261953 0.1248172327 9.182859905e-22)
(-0.02628446752 0.1687424495 -2.440682355e-23)
(-0.04501107894 0.1916455045 9.19332901e-22)
(-0.0649459764 0.1992920961 -2.512083376e-23)
(-0.08536628732 0.1956104236 2.838841261e-23)
(-0.105930567 0.1827886777 -2.812927348e-23)
(-0.1264924206 0.1616583461 -1.660916515e-23)
(-0.1468996861 0.1321762272 -5.260224692e-22)
(-0.166845817 0.09389646544 -8.906621307e-24)
(-0.185730304 0.046405764 9.660189263e-24)
(-0.2024781706 -0.01023784462 3.313075888e-22)
(-0.2154154636 -0.07499819877 -5.820735992e-22)
(-0.2220209737 -0.1450311779 0)
(-0.2188032119 -0.2146760547 8.887314587e-22)
(-0.2016257531 -0.2740016346 -4.940877277e-22)
(-0.1668639192 -0.3075811878 -1.572220066e-23)
(-0.1140220089 -0.2953811839 0)
(-0.05288481977 -0.2195802523 -1.890173039e-22)
(-0.004749188123 -0.08377277732 3.360576634e-22)
(-0.0003641986608 0.05902317491 1.551008932e-23)
(-0.01049574035 0.1379881441 -8.764188014e-22)
(-0.02441389696 0.1856804021 -1.157058172e-21)
(-0.04026724645 0.2101384662 -8.628978523e-22)
(-0.05630729924 0.2182348824 0)
(-0.07214856954 0.2146190193 3.513802649e-23)
(-0.08779222064 0.2018791897 -7.294861223e-23)
(-0.1034562835 0.1810005573 5.86788058e-23)
(-0.1193983917 0.1518997225 3.021364672e-22)
(-0.1357931591 0.1139150571 -1.128195084e-23)
(-0.1526082368 0.06621425115 0)
(-0.1694521425 0.008177206315 -3.603927753e-22)
(-0.1852760649 -0.06015987295 7.515664646e-22)
(-0.1980448567 -0.1372746962 8.831699872e-22)
(-0.2043546306 -0.2189261829 -5.296622992e-22)
(-0.1990977643 -0.2959712847 5.162685242e-22)
(-0.1760605348 -0.3514072519 1.078229794e-23)
(-0.1300890638 -0.3584150714 -1.095544784e-23)
(-0.06688803301 -0.2843276454 -8.21543863e-23)
(-0.007083319908 -0.1169964392 0)
(-0.0009095776645 0.0654004132 -1.911485461e-23)
(-0.01167591815 0.1502816355 -1.326964698e-21)
(-0.02388882264 0.2000659487 1.094236617e-21)
(-0.03601340727 0.2244216887 6.734925638e-22)
(-0.0465730919 0.2316588167 6.014627942e-22)
(-0.0557703906 0.2272393631 6.643952824e-22)
(-0.0641124636 0.214177483 -4.458674917e-23)
(-0.07227562271 0.1936494358 -3.461335335e-22)
(-0.08096973584 0.1656028315 2.152161404e-22)
(-0.09087192969 0.129270737 0)
(-0.102554752 0.08353082741 0)
(-0.1163622225 0.02720011072 2.655395896e-22)
(-0.1321589627 -0.0406200561 8.194326243e-23)
(-0.1489252381 -0.1200128263 -2.82162167e-22)
(-0.1641284337 -0.208930064 -5.411268988e-23)
(-0.1727877665 -0.3006992452 1.301951633e-22)
(-0.1670311336 -0.3793329042 -3.400499395e-22)
(-0.1365292456 -0.4136451907 -1.593902119e-23)
(-0.08018250178 -0.3538326148 8.204211142e-23)
(-0.01050762292 -0.1594130542 -6.032172777e-22)
(-0.002260498529 0.07348883357 0)
(-0.01580355754 0.1626521727 2.145873231e-21)
(-0.02665042793 0.2117904679 0)
(-0.03422339998 0.2333947208 -1.351807086e-21)
(-0.03759399082 0.2377766763 6.184056346e-23)
(-0.03799685979 0.2312553468 -6.193090709e-22)
(-0.03668266703 0.2171898971 -4.756281601e-22)
(-0.03489037176 0.1968934475 8.301250414e-22)
(-0.03378838777 0.1703342388 -1.885697128e-22)
(-0.03449877332 0.1367221099 0)
(-0.03811573622 0.09479673972 0)
(-0.0456499333 0.04304287002 2.410616228e-23)
(-0.05790805166 -0.02013780783 -6.007196128e-22)
(-0.0751459935 -0.09620649765 -4.309565089e-22)
(-0.09645175706 -0.1855556129 4.637860234e-22)
(-0.1183462676 -0.2853567728 -6.488730132e-22)
(-0.1332715427 -0.3838386489 9.11994257e-23)
(-0.1265351015 -0.4504358666 2.937390821e-23)
(-0.08899154175 -0.4198536328 5.660450537e-22)
(-0.01526917935 -0.2111719705 6.020805495e-22)
(-0.005180899589 0.08598045864 0)
(-0.02525550781 0.1766291162 1.465579507e-22)
(-0.03483408189 0.2205961513 -4.917141676e-23)
(-0.03640014306 0.2354859299 7.642925734e-22)
(-0.03018483709 0.23434067 -7.005373444e-22)
(-0.01916580249 0.2241603835 4.746477898e-23)
(-0.005615159012 0.2083525808 -1.018609229e-22)
(0.008569598804 0.1881241069 -3.3898867e-22)
(0.02179885252 0.1633911269 2.062821728e-22)
(0.03262780529 0.1333242748 0)
(0.03958457612 0.09664086465 0)
(0.04117012345 0.051740568 -2.90266655e-22)
(0.03578482973 -0.003255393977 0)
(0.0219818392 -0.07058360462 -5.512184691e-22)
(-0.001264852669 -0.1525735472 -1.492376549e-23)
(-0.0331047043 -0.2505949815 2.55973728e-23)
(-0.06909236256 -0.3599341486 2.203136647e-22)
(-0.09227827291 -0.4575424497 4.788127735e-24)
(-0.08718090038 -0.4698129382 -5.789419411e-22)
(-0.02103127159 -0.2698972275 0)
(-0.01111631534 0.108597497 0)
(-0.04248901884 0.1947151662 -8.848474262e-22)
(-0.04795529102 0.2258195484 -5.411036995e-22)
(-0.03919536369 0.2282135518 4.543814081e-22)
(-0.01877830949 0.2182328091 -1.709984087e-24)
(0.007664305765 0.2028220312 -4.561046728e-23)
(0.03667992514 0.1847619735 5.696678263e-22)
(0.06582997685 0.1647118193 -2.766888885e-23)
(0.09327129991 0.142312817 -2.069780612e-22)
(0.1173891518 0.1166274944 3.142211983e-23)
(0.1365461599 0.08641144048 -3.425915653e-23)
(0.1489669183 0.05017669265 -3.69059264e-23)
(0.1525275704 0.006159169711 3.2056322e-22)
(0.1449366964 -0.04796126747 6.11960354e-22)
(0.1235159733 -0.1153052884 -5.101168826e-22)
(0.08633532951 -0.2004195628 -1.61605555e-22)
(0.03199088866 -0.3067806575 1.53131078e-22)
(-0.0236212346 -0.4239837128 7.2936569e-23)
(-0.06492413175 -0.487161277 1.913292265e-21)
(-0.0250997172 -0.329154473 2.9549922e-21)
(-0.0200468043 0.1460727403 -4.39020602e-23)
(-0.06416406205 0.2112955852 4.41737876e-23)
(-0.05070230671 0.2177300464 1.000188086e-21)
(-0.01934097662 0.2014679958 -8.270568333e-24)
(0.0241446444 0.1809076148 0)
(0.07154121438 0.1606933318 4.363719119e-23)
(0.1190703337 0.141649547 -2.273850391e-22)
(0.164476726 0.1233181806 -9.027950905e-23)
(0.2062251085 0.1048117288 3.680732289e-23)
(0.2429642949 0.08507140101 -1.701654242e-23)
(0.2732207508 0.06296147759 3.429968959e-23)
(0.2952536044 0.03726293952 -6.592678342e-23)
(0.3066971002 0.006535069715 -9.303903019e-23)
(0.3049738263 -0.03087769888 1.51704325e-22)
(0.2863936209 -0.07786290831 0)
(0.2470568052 -0.1399300359 1.505608224e-22)
(0.1810922209 -0.2266299747 2.560014311e-22)
(0.09604450041 -0.3443894941 0)
(-0.006697616936 -0.4552210212 -3.675635902e-21)
(-0.01922408219 -0.3777537582 -2.892621649e-21)
(-0.02591951286 0.22768288 -9.514203259e-22)
(-0.03998324547 0.2238216524 -1.388975969e-22)
(0.03656136912 0.181058535 -2.335580724e-22)
(0.1090503036 0.1451059077 -1.193741631e-22)
(0.1817191172 0.117244548 -4.295823345e-23)
(0.2490090702 0.09627907516 9.783173251e-23)
(0.3100336665 0.08002510348 -1.408591114e-22)
(0.3646209291 0.06656815311 1.297174463e-22)
(0.4126252449 0.05449178899 -8.620115701e-23)
(0.4536250254 0.04270894956 1.132188696e-25)
(0.4867878679 0.03032298463 1.527741094e-23)
(0.5107451324 0.01652901911 7.997201667e-23)
(0.5236597423 0.0005365148685 -1.811123048e-22)
(0.5231797988 -0.01863373198 -1.617145389e-22)
(0.5052323401 -0.04286478912 -4.262948028e-23)
(0.4658715068 -0.07633231156 0)
(0.3952696488 -0.1286089383 -1.846479343e-22)
(0.291607104 -0.2208468098 8.148765385e-22)
(0.11974551 -0.3525016902 1.631601905e-21)
(0.02670547246 -0.3775497979 2.172656073e-21)
(0.2142894471 0.1347447207 9.864988088e-22)
(0.2776311191 0.09870503536 0)
(0.4316592297 0.05810414795 -2.59431972e-22)
(0.5304749349 0.0384626492 -1.741665515e-22)
(0.6016965749 0.02623419096 0)
(0.6571198952 0.01831923475 -6.009086847e-23)
(0.7015213592 0.0131360086 6.377996355e-23)
(0.7376042486 0.009542126513 -1.800155238e-23)
(0.76693684 0.006804463738 2.885972224e-23)
(0.7902106667 0.00446474396 2.315031872e-23)
(0.8074554993 0.002221319854 0)
(0.8182621341 -0.0001500750019 -2.873031618e-23)
(0.8216499705 -0.002723848296 0)
(0.8162394191 -0.005712668653 2.738147985e-23)
(0.7991333146 -0.00961138282 1.421688795e-23)
(0.7679986345 -0.01500255106 -5.799406911e-23)
(0.7106555755 -0.02502519957 -2.53566207e-22)
(0.623518398 -0.04204285411 -6.91810329e-22)
(0.423009102 -0.09182968085 0)
(0.2705674689 -0.1524021841 -2.119483933e-21)
)


// ************************************************************************* //
