/*--------------------------------*- C++ -*----------------------------------*\
  =========                 |
  \\      /  F ield         | OpenFOAM: The Open Source CFD Toolbox
   \\    /   O peration     | Website:  https://openfoam.org
    \\  /    A nd           | Version:  13
     \\/     M anipulation  |
\*---------------------------------------------------------------------------*/
FoamFile
{
    format      ascii;
    class       vectorField;
    location    "6.06";
    object      U_all;
}
// * * * * * * * * * * * * * * * * * * * * * * * * * * * * * * * * * * * * * //


400
(
(-6.388878782e-06 -8.628146909e-06 0)
(-0.0006389806253 0.0003916338354 -1.264980613e-23)
(-0.001986662426 0.0008300689422 0)
(-0.003623843067 0.001166552854 0)
(-0.0053085716 0.001355781338 3.672881211e-25)
(-0.006880083703 0.001383558942 3.816894593e-24)
(-0.008226707456 0.001255759373 4.229124381e-24)
(-0.009265504328 0.0009920009916 2.013890205e-23)
(-0.009929629419 0.0006232139737 -3.228097338e-25)
(-0.01016592449 0.0001904430684 -5.801944698e-24)
(-0.009939207441 -0.0002570200678 7.931365682e-24)
(-0.009241360641 -0.0006638879878 -7.794996114e-23)
(-0.00810260079 -0.0009748959493 -8.735482018e-23)
(-0.006601327412 -0.00114269711 -1.026041111e-22)
(-0.004869907331 -0.001138041489 6.338934306e-24)
(-0.003092764705 -0.0009601733575 -6.203787487e-24)
(-0.001493720917 -0.000643778941 -3.546012792e-22)
(-0.0003051521366 -0.0002592188462 0)
(0.0003187799752 6.65612409e-05 9.165274288e-25)
(0.0001697198539 0.0002315924376 -1.035844206e-22)
(-0.0002340922618 0.0007851050896 1.127639774e-25)
(-0.002380663111 0.003013183535 1.274136822e-23)
(-0.006024579738 0.004910998725 1.157140356e-25)
(-0.01038352365 0.006104617191 -4.718163921e-25)
(-0.01486172838 0.006571039476 5.390420596e-25)
(-0.01906181543 0.00635904157 3.0046645e-24)
(-0.02268569197 0.005546130553 1.174149407e-23)
(-0.02550604095 0.00422693002 -1.959047008e-23)
(-0.02734277372 0.002516619259 1.707876437e-23)
(-0.02805805268 0.0005579778753 6.589155114e-24)
(-0.02756442815 -0.00147444171 -8.642258067e-24)
(-0.02584497554 -0.003377423472 1.782182511e-24)
(-0.02297899303 -0.004932018898 4.927632754e-23)
(-0.01916340256 -0.005928929093 -2.866796941e-24)
(-0.01472516431 -0.006204588077 5.733483089e-24)
(-0.01011360015 -0.005684453194 -1.754297792e-22)
(-0.005862712139 -0.004426281098 1.786621978e-22)
(-0.002522215997 -0.002656798065 -1.905944782e-24)
(-0.0004340610544 -0.0008201151115 1.953997904e-24)
(3.023770761e-05 0.0003745228582 0)
(-0.000352113163 0.002605650723 -2.240658869e-25)
(-0.003973423221 0.007656390832 1.049932907e-23)
(-0.009709845902 0.01142823117 -8.454128636e-24)
(-0.01650202719 0.01359760513 -7.929054291e-26)
(-0.02347718051 0.01424607672 7.789390271e-26)
(-0.03006028997 0.013539769 2.849112696e-25)
(-0.03580161836 0.01166384988 -1.120996949e-23)
(-0.04034726336 0.008810480847 -1.154616495e-24)
(-0.04341095924 0.005194616105 -1.789159179e-23)
(-0.04476806106 0.001076399958 0)
(-0.04426903561 -0.003221547549 0)
(-0.04186797489 -0.007313261595 3.785231699e-23)
(-0.03765999675 -0.01076564017 4.008478179e-23)
(-0.03191617635 -0.01314204624 -2.63834408e-24)
(-0.02510436887 -0.01407017356 8.527027596e-23)
(-0.01788152428 -0.01333156966 1.699379799e-22)
(-0.01103990574 -0.01096137467 1.307465615e-22)
(-0.005399551499 -0.007342240539 3.496769421e-24)
(-0.001554673114 -0.003277937637 -1.529168053e-24)
(-0.000104069286 -0.0001212771998 0)
(-0.0004103077438 0.005239832666 -2.707276528e-23)
(-0.005390108734 0.01405290887 -1.034406986e-23)
(-0.01310816937 0.02015612243 8.341544031e-24)
(-0.02221872966 0.02347357381 0)
(-0.03159770308 0.02428591271 0)
(-0.04052411344 0.0229261487 0)
(-0.04842442408 0.01971149462 -4.296286868e-25)
(-0.05483443051 0.0149413472 6.151656255e-24)
(-0.05936276861 0.0089335401 0)
(-0.06168277839 0.002070156802 4.43564736e-24)
(-0.06155069007 -0.00516502412 4.688676695e-25)
(-0.058843847 -0.01217256972 -4.701807238e-25)
(-0.05361428761 -0.01825237421 0)
(-0.04614528461 -0.02266376516 7.685084636e-23)
(-0.03699383964 -0.02473097892 -8.264094203e-23)
(-0.02699994936 -0.02399566737 -7.380546736e-23)
(-0.01723377195 -0.02039970482 -1.32170095e-22)
(-0.008858667717 -0.01446289835 6.492511781e-25)
(-0.002856901412 -0.007399645773 -2.387634492e-23)
(-0.0002157379142 -0.001231130328 0)
(-0.0004301317826 0.008635372268 2.721445754e-23)
(-0.00669106493 0.02210716636 5.285864467e-25)
(-0.01631582103 0.03101274922 -5.165134812e-25)
(-0.02769213011 0.0356870505 0)
(-0.03947343577 0.03670989061 5.236527202e-25)
(-0.05081734959 0.03462977487 -5.163909552e-25)
(-0.06105045041 0.02990984944 1.994929315e-23)
(-0.06961181282 0.02294978073 -5.506288131e-25)
(-0.07600149478 0.01415315807 -6.228197631e-25)
(-0.07976645212 0.004006899178 -4.440813266e-24)
(-0.08052181443 -0.006850198662 0)
(-0.07799947579 -0.01758947423 9.514593187e-25)
(-0.0721242977 -0.02719392494 3.036818373e-23)
(-0.06310550538 -0.03452780951 -8.142695758e-23)
(-0.05152120408 -0.03848057555 4.580264844e-24)
(-0.03837281111 -0.03819944301 1.374160809e-22)
(-0.02506091758 -0.03339275309 -1.953500315e-24)
(-0.0132300813 -0.02464168251 0)
(-0.004461350526 -0.01359779629 4.193120033e-23)
(-0.0003196825863 -0.003079407961 -1.07646531e-22)
(-0.0004317460309 0.01274978709 9.8462951e-23)
(-0.007902514303 0.03174992745 -5.19344754e-25)
(-0.01935005255 0.04395546051 0)
(-0.03293977716 0.05025035868 0)
(-0.04713720033 0.05161276455 -7.22233788e-23)
(-0.0610079393 0.04885385555 -6.503282736e-23)
(-0.07380527545 0.04258876838 -2.209632509e-23)
(-0.08488790452 0.03329482959 -4.379865501e-24)
(-0.0936463177 0.02142192658 7.501993913e-25)
(-0.09947677976 0.0075177312 -2.773088372e-24)
(-0.1018017767 -0.007658435538 4.108397269e-25)
(-0.1001269859 -0.02305673834 -3.31429168e-24)
(-0.09414440531 -0.03730550191 -1.268885305e-23)
(-0.08387151994 -0.04877222042 -4.892797564e-23)
(-0.06980137917 -0.05573540191 0)
(-0.0530411745 -0.05670884052 -6.778801878e-23)
(-0.03536349489 -0.05091526665 1.742595769e-24)
(-0.01906394202 -0.03882352798 0)
(-0.006616631559 -0.02252640869 -1.656086704e-23)
(-0.0004499590085 -0.005879170219 2.893799332e-22)
(-0.0004234628839 0.01753481913 -9.77638728e-23)
(-0.009004139198 0.04288355618 2.572951727e-22)
(-0.02213960829 0.05888698134 1.364954435e-22)
(-0.03782934288 0.06711153952 3.087500091e-24)
(-0.05439209857 0.06902789688 -6.198360208e-23)
(-0.07083926435 0.06575403936 6.898696992e-23)
(-0.08638528344 0.05805629505 -2.688948093e-24)
(-0.1003347459 0.04645318251 -1.060001242e-24)
(-0.1119801862 0.03137954531 1.477695035e-24)
(-0.1205570062 0.01336987219 2.354211105e-24)
(-0.1252559037 -0.006767162 -6.166589162e-25)
(-0.125281007 -0.02780441898 3.597789556e-24)
(-0.1199772669 -0.04801379126 -2.574376929e-23)
(-0.1090220989 -0.06517698909 5.614081648e-23)
(-0.09265940576 -0.07675717486 -1.348673684e-24)
(-0.07196758297 -0.08030415878 0)
(-0.04905924019 -0.07414482155 0)
(-0.02703252953 -0.05828384389 -5.512051966e-25)
(-0.009644900335 -0.03516567653 5.634496715e-25)
(-0.000638533692 -0.01000971954 8.384671563e-23)
(-0.0004052625557 0.02291426047 0)
(-0.009936857273 0.05534243466 1.738961181e-22)
(-0.02453304442 0.07561019931 7.768275061e-23)
(-0.0420852118 0.08609404111 0)
(-0.06081214752 0.0888469174 1.311981967e-22)
(-0.07971454109 0.08533700483 0)
(-0.09801143149 0.07647896944 -1.106619978e-22)
(-0.1149944567 0.06278894662 4.81847571e-24)
(-0.1298926309 0.04461032936 0)
(-0.1418013081 0.02236483723 0)
(-0.1496728007 -0.003199001722 -7.383188659e-25)
(-0.15237094 -0.03077349176 -2.785392817e-25)
(-0.1488028307 -0.05833322061 6.302022346e-23)
(-0.1381444267 -0.08304183924 -3.728195565e-23)
(-0.120167608 -0.10136407 -4.724078884e-26)
(-0.09566945257 -0.109493809 -8.629141058e-25)
(-0.0669144926 -0.1042627256 8.765112523e-25)
(-0.03783683368 -0.08456256781 0)
(-0.01392657797 -0.05284721509 1.744126281e-24)
(-0.0009227139583 -0.01604205139 -6.210076387e-22)
(-0.0003763043177 0.02877074088 0)
(-0.01062850293 0.06886433504 -1.029624353e-22)
(-0.02633636427 0.09378577263 -5.461970755e-22)
(-0.04533594306 0.1068317348 -3.257961075e-22)
(-0.06579157828 0.1107250277 0)
(-0.08673761512 0.1073317937 3.389417933e-22)
(-0.1074476314 0.09771886565 9.765526872e-23)
(-0.1272573641 0.08236169688 -4.159488811e-24)
(-0.1453959167 0.06143557669 4.138903663e-24)
(-0.1608843876 0.03513894228 0)
(-0.1724914048 0.004021970207 2.091968933e-23)
(-0.1787714728 -0.03069157806 2.906446172e-24)
(-0.1781695086 -0.06681471305 -5.65957539e-23)
(-0.1692376621 -0.1009771341 3.232388492e-23)
(-0.1510279519 -0.1285707423 -1.244370309e-22)
(-0.1236788251 -0.1440731215 0)
(-0.0891812422 -0.1420641111 0)
(-0.05205721381 -0.1192528535 0)
(-0.01989067318 -0.0772273306 0)
(-0.001353487292 -0.02477584027 3.532136075e-22)
(-0.0003416759531 0.03494911956 0)
(-0.01103258324 0.08308972879 -3.093802622e-22)
(-0.02738204807 0.1129127212 7.877584484e-22)
(-0.04720915412 0.1287203963 3.137176672e-22)
(-0.06865984443 0.1339953226 0)
(-0.09084308557 0.1310603602 -3.181140744e-22)
(-0.1131390747 0.1211555448 -2.562725033e-23)
(-0.1349969017 0.1046985894 2.678854787e-22)
(-0.155737307 0.08164107297 1.399342435e-22)
(-0.1744225144 0.05186025344 -3.176493961e-23)
(-0.1897781915 0.01556146713 1.432584021e-23)
(-0.2001741111 -0.02631513524 -5.899008477e-24)
(-0.2036802465 -0.07166077851 2.509072415e-22)
(-0.1982226441 -0.1168222506 0)
(-0.1819409361 -0.1562615748 1.244970523e-22)
(-0.1538738442 -0.182576726 2.223861625e-24)
(-0.1150532896 -0.187338818 -2.257045229e-24)
(-0.06987483323 -0.1635556779 4.214577782e-23)
(-0.0279779285 -0.1101496431 -2.124485458e-24)
(-0.00200906141 -0.03727334612 0)
(-0.0003209272467 0.0412887317 0)
(-0.01118448387 0.0976012683 0)
(-0.02763041466 0.1323477524 -4.434406998e-22)
(-0.04747576191 0.1509047566 -1.654402499e-23)
(-0.06886951742 0.1576184848 1.736172872e-23)
(-0.09103484601 0.1553450682 -1.715671985e-23)
(-0.1135108025 0.1455444872 -1.901259639e-23)
(-0.1359348705 0.1285955078 -2.430149453e-22)
(-0.1578296875 0.104214473 6.017639607e-23)
(-0.1784541987 0.07190392292 3.522721875e-23)
(-0.1966925625 0.0314085956 -3.531135595e-23)
(-0.2109666797 -0.01681300041 0)
(-0.2192190555 -0.0710685504 -4.346175364e-23)
(-0.2189235301 -0.1278303039 0)
(-0.2072905062 -0.181086941 -2.839444962e-22)
(-0.1819058392 -0.2217999298 3.677030246e-22)
(-0.1420108834 -0.2380910694 0)
(-0.09061156628 -0.2175294221 -4.003193995e-23)
(-0.03853281005 -0.1533056826 7.880482552e-23)
(-0.003013925503 -0.05487520128 -2.258065195e-22)
(-0.0003618791554 0.04769613068 0)
(-0.01127890224 0.1120160698 8.240605138e-22)
(-0.02729896919 0.1513740279 -2.177195977e-23)
(-0.04622998387 0.1723152882 8.189156662e-22)
(-0.06623547224 0.1801930293 -2.207011179e-23)
(-0.08670692637 0.1784960556 2.423277129e-23)
(-0.1074010153 0.1689768966 -2.401155075e-23)
(-0.1282189 0.1520340747 -1.388249048e-23)
(-0.1489945794 0.1271944379 -4.398450872e-22)
(-0.1693458544 0.09360296841 -7.409534475e-24)
(-0.1885456243 0.05049997929 8.017601065e-24)
(-0.2053894361 -0.002293372594 2.826867326e-22)
(-0.2180494263 -0.06382620974 -4.841923328e-22)
(-0.2239255283 -0.1312416479 0)
(-0.2195979059 -0.1988239023 7.136400927e-22)
(-0.2011462191 -0.2567109252 -3.467236641e-22)
(-0.1653302118 -0.2898682165 -1.09995018e-23)
(-0.1121330054 -0.2790823005 0)
(-0.05156234275 -0.2075796612 -7.600424044e-23)
(-0.004562039055 -0.0791574363 2.227006399e-22)
(-0.0005664119988 0.05427640624 1.394186445e-23)
(-0.01177619594 0.1261393446 -7.865113035e-22)
(-0.02700750108 0.1693199687 -1.050801308e-21)
(-0.04406724888 0.191756746 -7.686993587e-22)
(-0.06115928477 0.200038708 0)
(-0.07795036815 0.1984091995 3.065833758e-23)
(-0.09450024306 0.1889965398 -6.33590617e-23)
(-0.1110506845 0.1723013609 5.066666813e-23)
(-0.1278357363 0.1477538771 2.560695874e-22)
(-0.1449578124 0.1142316826 -9.705385567e-24)
(-0.1622688612 0.07052343144 0)
(-0.1792231392 0.01577119376 -3.067994364e-22)
(-0.1946339027 -0.05002015061 6.56009734e-22)
(-0.2063721846 -0.1252177735 7.847554748e-22)
(-0.2110044262 -0.2053457565 -4.398430791e-22)
(-0.2035676426 -0.2811011677 4.423874677e-22)
(-0.1781978478 -0.3356668074 6.746414411e-24)
(-0.1303526305 -0.3430150355 -6.854783958e-24)
(-0.0663078167 -0.2720126915 -1.816307614e-22)
(-0.006928489986 -0.1117577068 0)
(-0.001139912541 0.06154739012 -1.740595948e-23)
(-0.01355047541 0.1401573627 -1.221525964e-21)
(-0.02791150884 0.1856735927 9.942295897e-22)
(-0.04218507524 0.2079854305 6.184872363e-22)
(-0.05471091692 0.2152964743 5.492349375e-22)
(-0.06565435126 0.2127310968 6.011524684e-22)
(-0.07552085286 0.2028481193 -3.948564691e-23)
(-0.08497926962 0.1863138216 -3.096167627e-22)
(-0.09471809856 0.1625622014 1.923126524e-22)
(-0.1053756272 0.1303351834 0)
(-0.1174628785 0.08811095868 0)
(-0.1312420561 0.03446050279 2.422111277e-22)
(-0.1464821503 -0.0315692064 8.887930344e-23)
(-0.162073285 -0.1098729917 -2.331305458e-22)
(-0.1754051949 -0.1980597779 -4.899548794e-23)
(-0.1815126509 -0.2890864544 1.430270815e-22)
(-0.172698058 -0.3668588578 -2.861088723e-22)
(-0.1392014366 -0.4007035937 -5.970114007e-23)
(-0.08065774342 -0.3425184584 1.813824807e-22)
(-0.01043276543 -0.1540028149 -6.659364037e-22)
(-0.002497601891 0.07081682597 0)
(-0.01809292971 0.1548905311 1.986626535e-21)
(-0.03173452342 0.2001797032 0)
(-0.04221791726 0.2197486036 -1.253876296e-21)
(-0.04829249702 0.2240031846 6.859257934e-23)
(-0.05104472004 0.2190241857 -5.601319711e-22)
(-0.05164745015 0.2077593701 -4.345007039e-22)
(-0.05129343079 0.191022165 7.491460475e-22)
(-0.05113922936 0.1682997932 -1.682550464e-22)
(-0.0523235565 0.1383104496 0)
(-0.05596023355 0.09939680965 0)
(-0.0630860477 0.0497870189 2.787661578e-23)
(-0.07450930515 -0.01219459121 -5.533507802e-22)
(-0.09046573315 -0.0878510759 -3.973889086e-22)
(-0.1099692907 -0.1772322141 4.421506694e-22)
(-0.1294562821 -0.2770376508 -5.890867394e-22)
(-0.1412843046 -0.3751136769 6.645834375e-23)
(-0.1311654052 -0.4409292354 7.516134222e-23)
(-0.09057872239 -0.410759513 5.854133484e-22)
(-0.01531358295 -0.2061854141 6.646814172e-22)
(-0.005387550159 0.08464038022 0)
(-0.02763763961 0.1716126849 1.521072904e-22)
(-0.0403186181 0.2123050593 -4.63988333e-23)
(-0.04522823234 0.22520995 7.151479862e-22)
(-0.04216489642 0.223653449 -6.516079583e-22)
(-0.03384689712 0.2145191105 4.401099038e-23)
(-0.02239886063 0.2008889624 -1.001317794e-22)
(-0.009613403684 0.18355105 -3.079546424e-22)
(0.002926112317 0.1619836995 1.907569804e-22)
(0.01369220684 0.1349314743 0)
(0.0211317317 0.1007492192 0)
(0.02362030041 0.05758210785 -2.706606914e-22)
(0.01946354582 0.003441915038 0)
(0.007122887268 -0.06384549788 -5.330118163e-22)
(-0.01443929031 -0.1463544193 -4.219801112e-24)
(-0.0442844104 -0.2450145547 2.445958995e-23)
(-0.0775961012 -0.3546043197 1.92696563e-22)
(-0.09775890147 -0.4515654148 5.693009281e-24)
(-0.08957997104 -0.463628901 -6.003758275e-22)
(-0.02121625759 -0.2659378869 0)
(-0.01122686362 0.1084950812 0)
(-0.04443899112 0.1923839737 -8.407580161e-22)
(-0.0527729924 0.2209147652 -5.241002876e-22)
(-0.04727502736 0.2214568186 4.405324058e-22)
(-0.03004535966 0.2107708612 -1.937186113e-24)
(-0.006377670281 0.195821221 -4.346747175e-23)
(0.0205031883 0.1791691743 5.327572453e-22)
(0.0482942538 0.1611803825 -2.574173798e-23)
(0.07518248622 0.141129874 -1.910692123e-22)
(0.09948609727 0.1177503463 2.941360026e-23)
(0.1194501041 0.08949459918 -3.232708251e-23)
(0.1331292991 0.05464323516 -3.532095949e-23)
(0.1382323264 0.01130852254 3.090967108e-22)
(0.1322865025 -0.04285218285 5.924781808e-22)
(0.1125251826 -0.1108143367 -4.978976313e-22)
(0.07695736451 -0.1968135918 -1.646120839e-22)
(0.02480719602 -0.3038327358 1.46985854e-22)
(-0.02856576109 -0.4211226081 7.229351075e-23)
(-0.06753475281 -0.4838870186 1.898949571e-21)
(-0.02540416566 -0.3266373343 2.937595506e-21)
(-0.01997523525 0.146743605 -4.284094325e-23)
(-0.06503947241 0.2109437904 4.31062222e-23)
(-0.05352790255 0.2156310085 9.770149266e-22)
(-0.02472040485 0.1978360655 -1.978316294e-24)
(0.01601943608 0.1764616957 0)
(0.06084479725 0.1562409557 4.179141111e-23)
(0.1062631872 0.1378943305 -2.153067928e-22)
(0.1502272712 0.1207797348 -8.502545571e-23)
(0.1912962029 0.1037694733 3.44894118e-23)
(0.2281123969 0.08556568403 -1.59043433e-23)
(0.2591173368 0.06480908397 3.236533334e-23)
(0.2824170689 0.04009885415 -6.303900409e-23)
(0.2954667295 0.009896108122 -8.891385184e-23)
(0.295462778 -0.02753993112 1.491669795e-22)
(0.2785649539 -0.07499435402 0)
(0.2407230242 -0.1378117343 1.545916876e-22)
(0.1761889875 -0.2251635964 2.498800998e-22)
(0.09252043274 -0.3434990894 0)
(-0.008638760816 -0.4540785605 -3.647449723e-21)
(-0.01952016599 -0.3766976146 -2.875552076e-21)
(-0.02571930711 0.2283742659 -9.456162093e-22)
(-0.039636329 0.2243271882 -1.370724477e-22)
(0.03627177922 0.1806929997 -2.280548226e-22)
(0.1073253338 0.1438285208 -1.156599836e-22)
(0.1780783066 0.1153682846 -4.258040986e-23)
(0.2432893157 0.09421728092 9.518427894e-23)
(0.3024102303 0.07817736167 -1.348230742e-22)
(0.3555359338 0.06524708163 1.224928993e-22)
(0.4026886909 0.05388466805 -8.079209726e-23)
(0.4435135332 0.04286881971 1.187233383e-25)
(0.4771485245 0.03117300276 1.453578775e-23)
(0.5021331285 0.01788452198 7.647943609e-23)
(0.5164028245 0.00213256433 -1.755759231e-22)
(0.5174158303 -0.01706077703 -1.589448836e-22)
(0.5009511362 -0.04156254055 -4.254864407e-23)
(0.462823579 -0.07547765781 0)
(0.3931500891 -0.1282148879 -1.774162616e-22)
(0.290122823 -0.220808226 8.06321783e-22)
(0.1187993033 -0.3524339777 1.618704438e-21)
(0.02646917093 -0.3774145579 2.165941508e-21)
(0.2144965341 0.1349481506 9.800985486e-22)
(0.2782911311 0.09897448475 0)
(0.432419694 0.05823618269 -2.568897937e-22)
(0.5308317109 0.03842701373 -1.732341013e-22)
(0.6012078783 0.02607248625 0)
(0.6555598947 0.0181027384 -5.870131933e-23)
(0.6989066371 0.01293859937 6.099563792e-23)
(0.7341521212 0.009422657741 -1.68549702e-23)
(0.7629979046 0.00679689985 2.703287446e-23)
(0.786192133 0.004576096513 2.168474062e-23)
(0.8037495096 0.002430810633 0)
(0.8151745378 0.0001204181534 -2.741072567e-23)
(0.8193745247 -0.002474917345 0)
(0.8148347276 -0.005499380587 2.679234427e-23)
(0.7984790119 -0.00946985092 1.473078814e-23)
(0.7678651734 -0.01495726846 -5.701326191e-23)
(0.710770834 -0.02506058583 -2.490321662e-22)
(0.6236383708 -0.04212766252 -6.850809703e-22)
(0.423009195 -0.09190982169 0)
(0.2705481315 -0.1524415449 -2.112933181e-21)
)


// ************************************************************************* //
