/*--------------------------------*- C++ -*----------------------------------*\
  =========                 |
  \\      /  F ield         | OpenFOAM: The Open Source CFD Toolbox
   \\    /   O peration     | Website:  https://openfoam.org
    \\  /    A nd           | Version:  13
     \\/     M anipulation  |
\*---------------------------------------------------------------------------*/
FoamFile
{
    format      ascii;
    class       scalarField;
    location    "7.09";
    object      p_all;
}
// * * * * * * * * * * * * * * * * * * * * * * * * * * * * * * * * * * * * * //


400
(
8.278620537e-09
-0.0004773555821
-0.0007565013395
-0.0008264405984
-0.0006996041762
-0.0004073194603
1.474517211e-05
0.0005327292561
0.001112808264
0.001718162022
0.002307037207
0.002831755446
0.003241063684
0.003484709595
0.003521267132
0.003328834546
0.00291821651
0.002341237639
0.001751116503
0.001204634058
0.0005129189532
5.622757201e-06
-0.0002942885269
-0.0003785588986
-0.000293476384
-6.520219153e-05
0.0002772858843
0.0007052294391
0.001188408998
0.001692057058
0.002179332805
0.002603151425
0.002916462784
0.003074183071
0.003041903271
0.002806443696
0.002385907301
0.00183544859
0.001297285198
0.0006947415553
0.0008104724224
0.0002496298725
-8.270143069e-05
-0.0001692299205
-0.0001024820311
8.841162152e-05
0.0003786770475
0.0007456812057
0.001165180376
0.001607991857
0.002036905771
0.002408804806
0.002675184815
0.002789647585
0.002716869737
0.002443076456
0.001984548453
0.001388988155
0.000758360612
-1.27950493e-05
0.0007908299436
0.0001662633317
-0.0002074234111
-0.0002953815677
-0.0002350372788
-6.175269721e-05
0.0002015853896
0.000538684162
0.0009326750633
0.001360362181
0.001787322899
0.002168616196
0.002449276923
0.002572878072
0.002492074684
0.002181303957
0.001646501775
0.0009270760161
9.800696526e-05
-0.0009505389699
0.0003068450308
-0.0003613329101
-0.000758596485
-0.0008395361695
-0.0007778393708
-0.0006137782558
-0.0003669475633
-4.481756856e-05
0.0003463504555
0.0007925146598
0.001264013757
0.001714526821
0.00207875482
0.002282284063
0.002253689764
0.001941486791
0.001329408817
0.0004446520528
-0.0006578787451
-0.002057033722
-0.0007707897666
-0.001457847325
-0.001863579581
-0.001934542712
-0.001875166105
-0.001728347203
-0.001507359589
-0.001206624241
-0.0008162226613
-0.0003344446524
0.0002199649334
0.0008039949091
0.001341304004
0.001732082682
0.001865135681
0.001641192811
0.0009994928804
-5.845730855e-05
-0.00150229271
-0.003349934376
-0.002563249712
-0.003244048559
-0.003652593452
-0.003723831114
-0.003690754214
-0.003596663796
-0.003444778843
-0.003210663008
-0.00285961697
-0.002362685449
-0.001714584793
-0.0009413123761
-0.0001239288815
0.0006091350261
0.001088185498
0.001132270166
0.0005950238783
-0.0005821718817
-0.00241778068
-0.004828929324
-0.005175855997
-0.005830761208
-0.006246183417
-0.006345863092
-0.006390098568
-0.006421387512
-0.006429751048
-0.00636556661
-0.006158276637
-0.005734692703
-0.00504236801
-0.004061858784
-0.002859873642
-0.001584160239
-0.0004783987932
0.0001486045406
-4.96573501e-06
-0.00113021731
-0.003357616482
-0.006454229528
-0.008688513739
-0.009302229937
-0.009736835667
-0.009909213782
-0.01010766134
-0.01037536147
-0.01068848372
-0.01096747243
-0.01109441053
-0.01092966247
-0.01033373503
-0.009223940294
-0.007584048552
-0.005552892554
-0.003446157613
-0.001748783612
-0.001020807512
-0.001716967197
-0.004216887747
-0.008093281816
-0.01314184108
-0.01370074874
-0.01416777712
-0.014460225
-0.01490028477
-0.01553807647
-0.01633997804
-0.01719616163
-0.01793297831
-0.0183247678
-0.01811676644
-0.01707525212
-0.01505989709
-0.01212075423
-0.00859978973
-0.005178611248
-0.002793906335
-0.002368108864
-0.004789142281
-0.0094386695
-0.01852971837
-0.01901652923
-0.01951462688
-0.01994969816
-0.02069454031
-0.02181910539
-0.02328993673
-0.02497272215
-0.02663686029
-0.02795687504
-0.02852835435
-0.02791595649
-0.025770414
-0.02193414546
-0.01666923045
-0.010801452
-0.005724339814
-0.003081527127
-0.004694351213
-0.009873678616
-0.02480909893
-0.02519124773
-0.02567859433
-0.02620958628
-0.02724453309
-0.02889411502
-0.03114012238
-0.03383441849
-0.03669566387
-0.03929686864
-0.04106868525
-0.04133939099
-0.03946197623
-0.03496374119
-0.02785460248
-0.018939719
-0.01002478967
-0.003681664239
-0.003252449594
-0.008260823139
-0.03194147778
-0.03214248254
-0.03249643609
-0.03294759145
-0.03411650983
-0.03618349729
-0.03916173227
-0.04289870887
-0.04707020272
-0.05115474744
-0.05442321736
-0.05596827679
-0.05478200236
-0.05001155452
-0.04123914658
-0.02898895652
-0.01524316089
-0.003498547941
0.0007412392699
-0.002644371373
-0.03999198806
-0.03981891881
-0.03977328088
-0.03976891005
-0.04071827462
-0.04290434344
-0.04638073497
-0.05098869941
-0.05635939216
-0.06188090984
-0.06667532897
-0.06960824075
-0.06935896994
-0.0646332557
-0.05449325975
-0.0389272068
-0.01970879245
-0.0009017233723
0.00937755526
0.0100887292
-0.04932579111
-0.04826994015
-0.04729922137
-0.04618609123
-0.04634382182
-0.04817473416
-0.05175766086
-0.05690021391
-0.0631659063
-0.06983685322
-0.07588803977
-0.07997571379
-0.08050094512
-0.07575549125
-0.06429111627
-0.04540234296
-0.02030552331
0.007103535451
0.02609941666
0.03460601128
-0.06109249299
-0.05785042577
-0.05495843283
-0.05171952764
-0.05031486816
-0.05121400972
-0.05445318852
-0.05973811873
-0.06651978895
-0.07391641828
-0.08074053605
-0.08543123232
-0.08612845562
-0.08073964377
-0.06742698484
-0.04466382471
-0.01304376587
0.02501425718
0.05608299811
0.07766405774
-0.07795281578
-0.06909109704
-0.06242939473
-0.05567004982
-0.05188924862
-0.05136664973
-0.05393723084
-0.05908968638
-0.06605664509
-0.07377096074
-0.08082152986
-0.08540833523
-0.08540627467
-0.07834994802
-0.06191082269
-0.0340418143
0.00534487754
0.05811510467
0.1054929634
0.147632279
-0.1087756251
-0.08438822828
-0.07051595417
-0.05814277571
-0.05104029012
-0.04867254106
-0.05036319099
-0.05521185264
-0.06213582892
-0.06980646458
-0.07657155045
-0.08038563458
-0.07888742972
-0.06903001973
-0.04815520875
-0.01327391035
0.03731444562
0.1060731904
0.1770293615
0.2554743632
-0.1671782228
-0.09886794138
-0.07442090906
-0.05448184328
-0.04425708673
-0.04085888054
-0.04243040349
-0.04750281349
-0.054673349
-0.06240329749
-0.06887313781
-0.07186826443
-0.06864048534
-0.05628137426
-0.0310529065
0.01127259547
0.07452844383
0.1651494234
0.2749120832
0.4365210043
-0.397198887
-0.1371667225
-0.07451769344
-0.04695730265
-0.03340243833
-0.02954204686
-0.03177045543
-0.0376456177
-0.04545805469
-0.05357627128
-0.06015557085
-0.06298607011
-0.05947738685
-0.0461489505
-0.01864430109
0.02943885372
0.1060347871
0.2322959633
0.4187178458
0.7789025058
)


// ************************************************************************* //
