/*--------------------------------*- C++ -*----------------------------------*\
  =========                 |
  \\      /  F ield         | OpenFOAM: The Open Source CFD Toolbox
   \\    /   O peration     | Website:  https://openfoam.org
    \\  /    A nd           | Version:  13
     \\/     M anipulation  |
\*---------------------------------------------------------------------------*/
FoamFile
{
    format      ascii;
    class       vectorField;
    location    "18.26";
    object      U_all;
}
// * * * * * * * * * * * * * * * * * * * * * * * * * * * * * * * * * * * * * //


400
(
(1.084422331e-05 -3.768246782e-05 0)
(-0.0006659072722 0.0004128411377 -1.53814776e-23)
(-0.002183892562 0.0009197076467 0)
(-0.004044722239 0.001311708151 0)
(-0.005967066122 0.001533775392 6.800688718e-25)
(-0.007756469709 0.00156852569 4.153889158e-24)
(-0.009277060881 0.001422385956 -7.221280533e-24)
(-0.01042773622 0.001118834782 7.693070022e-24)
(-0.01112840915 0.0006955782648 -2.109100406e-25)
(-0.01131905017 0.000202985589 -4.016019705e-24)
(-0.01096458624 -0.0002999450389 5.827795853e-24)
(-0.01006647787 -0.0007469532228 -5.950001232e-23)
(-0.008675684983 -0.001074876265 -6.575204645e-23)
(-0.006900443137 -0.001232409518 -7.808910127e-23)
(-0.004910016845 -0.001192217254 4.59016297e-24)
(-0.002927865005 -0.000961824281 -4.156413176e-24)
(-0.001206771679 -0.0005914637636 -2.011996605e-22)
(-2.067069385e-05 -0.0001703890466 0)
(0.0005170045444 0.0001714693851 1.57220935e-25)
(0.0002224564416 0.0003055722985 -3.374421585e-24)
(-0.0002631813155 0.0008285044436 1.390151834e-25)
(-0.002700979384 0.003381036371 1.547612568e-23)
(-0.006900927377 0.005599458644 1.532299344e-25)
(-0.01194113538 0.007001774076 -8.422192041e-25)
(-0.01711899162 0.007546894408 1.15080598e-24)
(-0.02195498381 0.00728775455 1.292315637e-23)
(-0.02608704797 0.006316635898 1.538051595e-24)
(-0.02923985586 0.004750687387 -7.440948402e-24)
(-0.0312002968 0.002735732241 1.023808262e-23)
(-0.03181640349 0.0004531261691 4.534665383e-24)
(-0.03100423989 -0.001881401862 -6.345250768e-24)
(-0.02877323443 -0.004018755607 2.95289253e-24)
(-0.02525574012 -0.005703237229 3.906609775e-23)
(-0.02072098668 -0.006702260549 -1.963311892e-24)
(-0.01558320533 -0.006849774211 3.772571811e-24)
(-0.01038256807 -0.006094549344 -9.808812268e-23)
(-0.005730413508 -0.004545086182 9.707844987e-23)
(-0.002234751764 -0.002508021479 -4.085261144e-25)
(-0.0001830577025 -0.0005040495635 4.188292029e-25)
(8.324367746e-05 0.0006085904206 0)
(-0.0004183754192 0.002932572568 -2.916573592e-25)
(-0.004643133081 0.008795707956 1.713162746e-23)
(-0.011360324 0.01322757918 -8.132485311e-24)
(-0.01930766342 0.01577674866 -2.04216506e-25)
(-0.0274465959 0.01651435304 2.006220799e-25)
(-0.03508330401 0.01563026761 1.122224951e-26)
(-0.0416735504 0.01334883191 -1.365602208e-24)
(-0.04679237662 0.009912728252 -4.649124414e-25)
(-0.0501053263 0.005600124454 -1.072045919e-23)
(-0.05136867944 0.0007469808457 0)
(-0.05043734177 -0.004234862262 0)
(-0.04730145066 -0.008876818986 2.682703269e-23)
(-0.04212996806 -0.01266930639 2.824947329e-23)
(-0.03529209489 -0.01512313325 -1.655244406e-24)
(-0.02737473466 -0.0158502294 4.878505597e-23)
(-0.019161157 -0.0146644293 9.485121489e-23)
(-0.0115569386 -0.01168842521 4.05110406e-23)
(-0.005464503886 -0.00744942505 4.393890717e-25)
(-0.001451465349 -0.002937580226 9.411721678e-26)
(-9.073008554e-05 0.0002239247268 0)
(-0.0005018547917 0.00603952727 -4.254635803e-23)
(-0.006395813163 0.01635440046 -1.703361834e-23)
(-0.01551850552 0.02353570819 8.059390259e-24)
(-0.02625169283 0.02741452368 0)
(-0.03724938346 0.02829396819 0)
(-0.04764290026 0.02656371535 0)
(-0.05674177307 0.02261259887 -4.989792798e-26)
(-0.06399409334 0.01682456499 -2.035374004e-24)
(-0.0689489256 0.009618663646 0)
(-0.07124716315 0.001495699563 1.664891567e-24)
(-0.07065088428 -0.006924470966 2.821960426e-25)
(-0.06707850248 -0.01491217388 -2.829861982e-25)
(-0.06065482088 -0.02164537488 0)
(-0.05177214538 -0.02629282524 4.165061926e-23)
(-0.04112384968 -0.02813890524 -4.713314921e-23)
(-0.029702467 -0.02675589871 -2.800570693e-23)
(-0.0187274427 -0.02220332243 -4.037514852e-23)
(-0.009483789547 -0.01521370983 7.788059152e-25)
(-0.002975936606 -0.007298053415 9.69530769e-23)
(-0.0002317605531 -0.000868059005 0)
(-0.000530965022 0.01008478007 4.275344726e-23)
(-0.007975020842 0.02592565987 4.761690603e-25)
(-0.01937654169 0.03639198294 -4.652943684e-25)
(-0.03279021858 0.04181393803 0)
(-0.04660036267 0.04285430335 7.738768674e-25)
(-0.059794341 0.04016512948 -7.631470844e-25)
(-0.07156583672 0.03431998456 3.65241379e-23)
(-0.08125414335 0.02583962871 1.826511695e-23)
(-0.08828945908 0.01526760161 6.1691535e-24)
(-0.09217818668 0.003252544504 -1.666831272e-24)
(-0.09253042818 -0.009390475314 0)
(-0.08910812981 -0.02164836875 4.418147663e-25)
(-0.08190071049 -0.0323347628 1.026824775e-23)
(-0.07121990603 -0.04017701048 -4.383218933e-23)
(-0.05778238364 -0.04398602628 1.95546294e-24)
(-0.0427592352 -0.0429186786 4.295859537e-23)
(-0.02773813731 -0.03681170533 -3.969835628e-25)
(-0.01454248556 -0.02651480013 0)
(-0.004856926026 -0.01408070047 5.42928958e-23)
(-0.0003638700719 -0.002847903487 -2.553964132e-22)
(-0.000526643919 0.01498388712 9.822219089e-23)
(-0.009368478204 0.0373521087 -4.895232536e-25)
(-0.02285930598 0.0516505874 0)
(-0.03879315061 0.05888488522 0)
(-0.05533486834 0.0602003562 -8.712922865e-23)
(-0.07136421593 0.05657062622 -8.476885436e-23)
(-0.08599154332 0.04876440069 -4.045610434e-23)
(-0.09846834349 0.03741640143 -1.492882454e-23)
(-0.1081077116 0.02315182522 -5.30693373e-24)
(-0.1142566839 0.006717293744 -8.127935301e-24)
(-0.1163191434 -0.01091064908 6.548453811e-24)
(-0.1138136724 -0.02845471378 8.725696224e-24)
(-0.1064768487 -0.04432654019 -1.888329857e-23)
(-0.09440676964 -0.05670445625 4.17295439e-24)
(-0.07821958228 -0.06373404031 0)
(-0.05919305029 -0.06389101905 -1.615312033e-23)
(-0.03931661976 -0.05650372892 -1.022818285e-26)
(-0.02112965813 -0.04233601465 0)
(-0.007314498683 -0.02397267294 -1.510309892e-22)
(-0.0005211850645 -0.005924772516 6.032972554e-22)
(-0.0004986691579 0.02062494272 -9.75533157e-23)
(-0.0105201333 0.05040426241 2.828289267e-22)
(-0.02580693724 0.06905822504 1.52483131e-22)
(-0.04398364666 0.07841954765 3.612811319e-24)
(-0.06305479649 0.08022416083 -7.311380949e-23)
(-0.08183807065 0.07581887821 9.019765228e-23)
(-0.09940057764 0.06616927391 -3.581316685e-24)
(-0.114937406 0.05198649715 -1.723289549e-24)
(-0.1276613858 0.03391207663 2.515082791e-24)
(-0.136754709 0.0127101174 7.338735012e-24)
(-0.1413796712 -0.01056173544 -6.450906995e-24)
(-0.140737708 -0.03441818625 -9.676886795e-24)
(-0.1341947101 -0.05687323268 -3.258031838e-23)
(-0.1214750912 -0.07547096215 -3.587990103e-23)
(-0.1029096057 -0.08747839362 5.495181376e-25)
(-0.07971992543 -0.09033218056 0)
(-0.05423741775 -0.0823956608 0)
(-0.0298554486 -0.06394304523 -2.888556555e-24)
(-0.01065697917 -0.03797046692 2.952617361e-24)
(-0.0007345304072 -0.01049749991 1.026816832e-22)
(-0.000447745967 0.02684661799 0)
(-0.01134097911 0.06474616213 2.000161195e-22)
(-0.02799559428 0.08821490063 8.954269185e-23)
(-0.04796409173 0.1000352716 0)
(-0.06915751398 0.1026226545 1.567231196e-22)
(-0.09038246007 0.09774170392 0)
(-0.1107111876 0.08655339792 -1.425790567e-22)
(-0.129329198 0.06980195496 6.501512743e-24)
(-0.1453915075 0.04806679951 0)
(-0.1579468217 0.02202446864 0)
(-0.1659250701 -0.007306090081 -1.369651088e-24)
(-0.1681816679 -0.03834087063 -9.268523755e-25)
(-0.1636264057 -0.06877664762 1.485636214e-22)
(-0.1514489012 -0.0955089028 -4.699328822e-23)
(-0.1314521609 -0.1147513589 -2.542298632e-24)
(-0.1045112882 -0.1224943708 1.516912318e-24)
(-0.07305965545 -0.115486088 -1.540840495e-24)
(-0.0413307891 -0.09278266776 0)
(-0.0152448738 -0.05738049148 3.193443036e-24)
(-0.001043616784 -0.01714024862 -1.010161253e-21)
(-0.0003745959622 0.03343299701 0)
(-0.01174397804 0.07991839494 -1.126620107e-22)
(-0.02919129887 0.1085457159 -6.184388202e-22)
(-0.05029004781 0.1231222857 -3.751081274e-22)
(-0.07292398376 0.1268124523 0)
(-0.09593959122 0.1218408153 4.113755118e-22)
(-0.11846824 0.1095686931 1.258629702e-22)
(-0.1397485524 0.09073873851 -5.571312142e-24)
(-0.1589513234 0.06579464081 5.543737139e-24)
(-0.1750727081 0.03521429422 0)
(-0.1868820208 -0.000167557084 2.906529619e-23)
(-0.1929445784 -0.03884690239 4.68337051e-24)
(-0.1917114552 -0.07837024394 -1.073158643e-22)
(-0.1817229939 -0.1151044744 7.970012225e-23)
(-0.1619999269 -0.1441703459 -2.411715141e-22)
(-0.1326589499 -0.1597651056 0)
(-0.09574393317 -0.1562301639 0)
(-0.05599508099 -0.1302348494 0)
(-0.02146993009 -0.08377318724 0)
(-0.001499567267 -0.0266439717 5.557935715e-22)
(-0.0002878457892 0.04012808002 0)
(-0.01169058492 0.09535898715 -3.489404373e-22)
(-0.02923534846 0.1293054854 8.923942772e-22)
(-0.05059262313 0.1468195775 3.613097428e-22)
(-0.07367577367 0.1518688396 0)
(-0.09741889449 0.1471835252 -3.857224626e-22)
(-0.1210681435 0.134347178 -3.169963472e-23)
(-0.1439890861 0.1140915327 3.32856924e-22)
(-0.1654680568 0.0866783024 1.76697444e-22)
(-0.184577153 0.05229555894 -4.054336625e-23)
(-0.2000845031 0.01144622188 1.655625566e-23)
(-0.2104144834 -0.03466290628 -8.249642529e-24)
(-0.2136738899 -0.08369530851 3.366311385e-22)
(-0.2077759755 -0.1317903449 0)
(-0.190780827 -0.1731804111 2.412880274e-22)
(-0.1615951363 -0.2001608496 5.750538739e-24)
(-0.1211353075 -0.2039192073 -5.836296389e-24)
(-0.07382932337 -0.1771354539 1.540735292e-22)
(-0.02970865542 -0.11881488 -5.412565036e-24)
(-0.002178620878 -0.04003793109 0)
(-0.0002124902026 0.04668299832 0)
(-0.01125068518 0.1104702941 0)
(-0.02815550544 0.1496298273 -5.017978103e-22)
(-0.04874111668 0.1700369942 -1.879234132e-23)
(-0.07099365301 0.1765154914 2.036162084e-23)
(-0.09398402878 0.1723570707 -2.012120729e-23)
(-0.1171305666 0.1594129718 -2.314023111e-23)
(-0.1400038813 0.1384317515 -3.025671495e-22)
(-0.1621186897 0.1094941337 6.695041774e-23)
(-0.1827822379 0.07245623178 4.506633208e-23)
(-0.2009704683 0.02737798592 -4.570909182e-23)
(-0.2152139584 -0.02503680111 0)
(-0.2235421064 -0.08291529142 -7.816009201e-23)
(-0.2234469045 -0.1426428598 0)
(-0.2120488906 -0.1980883283 -3.73392349e-22)
(-0.1867223879 -0.2399776532 5.234963006e-22)
(-0.1464232133 -0.2559791095 0)
(-0.09392937938 -0.2330353635 -1.486511692e-22)
(-0.04021141898 -0.1639022775 1.929809617e-22)
(-0.003200118891 -0.05858958431 -3.403821103e-22)
(-0.0002025774674 0.05294392651 0)
(-0.01067720711 0.1247398144 9.175846999e-22)
(-0.02629274965 0.1686383867 -2.438694446e-23)
(-0.04502192078 0.1915318388 9.186013294e-22)
(-0.06495855424 0.1991829253 -2.509862198e-23)
(-0.08538038705 0.1955163153 2.835989066e-23)
(-0.1059464869 0.1827166551 -2.81010116e-23)
(-0.1265106912 0.1616121921 -1.659148076e-23)
(-0.1469206888 0.132156878 -5.254695036e-22)
(-0.1668694268 0.09390263171 -8.897136624e-24)
(-0.1857556572 0.04643456695 9.650130492e-24)
(-0.2025038183 -0.01019011178 3.310151738e-22)
(-0.2154390265 -0.07493501427 -5.814789177e-22)
(-0.2220396044 -0.1449556939 0)
(-0.2188146068 -0.2145907477 8.876538455e-22)
(-0.2016287921 -0.2739092058 -4.931497515e-22)
(-0.1668596763 -0.3074864168 -1.569230214e-23)
(-0.1140141401 -0.2952935677 0)
(-0.05287853195 -0.2195150401 -1.882573662e-22)
(-0.004748254598 -0.08374733839 3.353012631e-22)
(-0.0003654294735 0.05899490836 1.549862747e-23)
(-0.01050405192 0.1379173941 -8.757497333e-22)
(-0.0244309826 0.1855835134 -1.156288604e-21)
(-0.04029245141 0.2100315772 -8.622114536e-22)
(-0.05633954067 0.218132044 0)
(-0.07218698821 0.214531002 3.510788156e-23)
(-0.08783625542 0.2018131141 -7.288508791e-23)
(-0.1035055761 0.1809600775 5.862697078e-23)
(-0.1194524651 0.1518852528 3.018446555e-22)
(-0.1358511173 0.1139245786 -1.127217125e-23)
(-0.1526686309 0.06624399171 0)
(-0.1695126012 0.008222584399 -3.600700814e-22)
(-0.1853336529 -0.06010293694 7.509993975e-22)
(-0.1980962561 -0.137209464 8.825899775e-22)
(-0.2043962126 -0.2188542569 -5.291176236e-22)
(-0.1991266727 -0.2958932875 5.158177351e-22)
(-0.1760758967 -0.351324688 1.07565193e-23)
(-0.1300929678 -0.3583340422 -1.092925546e-23)
(-0.06688594806 -0.2842620388 -8.282439432e-23)
(-0.007082620219 -0.1169681621 0)
(-0.0009109201402 0.06537773669 -1.910262785e-23)
(-0.0116873584 0.1502217521 -1.326210417e-21)
(-0.02391353873 0.1999814372 1.09351254e-21)
(-0.0360512873 0.2243268675 6.731004964e-22)
(-0.0466227716 0.2315670615 6.010970209e-22)
(-0.05583019648 0.2271612589 6.639640562e-22)
(-0.0641806506 0.2141200594 -4.455367152e-23)
(-0.07235065938 0.1936163295 -3.459002545e-22)
(-0.0810500612 0.1655940411 2.150734545e-22)
(-0.0909557188 0.1292838549 0)
(-0.1026400596 0.08356155925 0)
(-0.1164466939 0.02724332198 2.654022481e-22)
(-0.132239897 -0.04056935824 8.198505181e-23)
(-0.1489994486 -0.1199582831 -2.818731321e-22)
(-0.1641922637 -0.208873099 -5.408253644e-23)
(-0.1728375546 -0.3006392837 1.302675721e-22)
(-0.1670644041 -0.379268616 -3.397047176e-22)
(-0.1365457014 -0.4135786711 -1.623277296e-23)
(-0.0801860252 -0.3537735155 8.271120372e-23)
(-0.0105074191 -0.1593844521 -6.036849713e-22)
(-0.002261841581 0.07347320844 0)
(-0.0158170742 0.1626064883 2.144733666e-21)
(-0.02668058016 0.2117225931 0)
(-0.03427067175 0.2333163033 -1.351102623e-21)
(-0.03765681127 0.2376997016 6.188046949e-23)
(-0.03807273248 0.2311896794 -6.189052695e-22)
(-0.03676841534 0.2171421485 -4.753501048e-22)
(-0.0349831742 0.1968677958 8.296053258e-22)
(-0.03388554087 0.1703300163 -1.884433999e-22)
(-0.03459736582 0.136737123 0)
(-0.03821343879 0.0948267735 0)
(-0.04574456255 0.04308273676 2.412718571e-23)
(-0.05799775013 -0.02009317816 -6.004421683e-22)
(-0.07522861955 -0.09616151995 -4.307589155e-22)
(-0.09652469935 -0.1855120995 4.636500449e-22)
(-0.1184063219 -0.2853141322 -6.485016308e-22)
(-0.1333159356 -0.383794063 9.105933458e-23)
(-0.1265612807 -0.4503887393 2.968206763e-23)
(-0.08900058765 -0.4198072079 5.662039375e-22)
(-0.01526969159 -0.2111462225 6.025473613e-22)
(-0.005182053783 0.08597259229 0)
(-0.02526935548 0.1765995379 1.465906245e-22)
(-0.03486606725 0.2205476551 -4.915104205e-23)
(-0.0364514275 0.23542685 7.639355453e-22)
(-0.03025394301 0.2342809193 -7.001871553e-22)
(-0.01924979319 0.2241085911 4.744054476e-23)
(-0.005709015776 0.2083149018 -1.018420379e-22)
(0.008469271881 0.1881038876 -3.387904371e-22)
(0.02169524355 0.1633887748 2.061821983e-22)
(0.03252545197 0.1333379994 0)
(0.03948610193 0.09666706733 0)
(0.04107766355 0.05177457556 -2.901500537e-22)
(0.03569907676 -0.003218599727 0)
(0.02190385022 -0.07054751508 -5.511005783e-22)
(-0.001333736065 -0.1525409183 -1.486791314e-23)
(-0.03316268033 -0.2505660295 2.558826906e-23)
(-0.06913868035 -0.3599062349 2.201171266e-22)
(-0.09230859822 -0.4575152444 4.796234006e-24)
(-0.08719323522 -0.469782455 -5.791154768e-22)
(-0.02103256078 -0.2698773307 0)
(-0.01111692731 0.108596779 0)
(-0.0425003422 0.1947011965 -8.845257061e-22)
(-0.04798331358 0.2257906175 -5.409658818e-22)
(-0.03924208323 0.2281744314 4.542612161e-22)
(-0.01884293147 0.2181909336 -1.711293164e-24)
(0.007584556658 0.2027842224 -4.5593806e-23)
(0.03658960855 0.1847337375 5.694035628e-22)
(0.06573349525 0.1646954213 -2.765606706e-23)
(0.09317294433 0.1423099853 -2.068761624e-22)
(0.1172932478 0.1166371305 3.140920621e-23)
(0.1364557266 0.08643101355 -3.424694482e-23)
(0.1488839371 0.05020269649 -3.689576522e-23)
(0.1524536498 0.00618778236 3.204886672e-22)
(0.144872337 -0.04793384084 6.118328274e-22)
(0.1234604605 -0.1152818454 -5.100270275e-22)
(0.08628957835 -0.2004011734 -1.61594812e-22)
(0.0319508798 -0.3067664518 1.531136707e-22)
(-0.02364983531 -0.4239694256 7.293937837e-23)
(-0.06493575805 -0.487145028 1.913279678e-21)
(-0.02510131762 -0.3291417603 2.954978218e-21)
(-0.02004639071 0.1460765319 -4.389369344e-23)
(-0.06416927555 0.2112931947 4.416537646e-23)
(-0.05071902623 0.2177173753 9.999835733e-22)
(-0.01937228309 0.2014467197 -8.234759987e-24)
(0.02409779414 0.1808823094 0)
(0.07148005628 0.1606688652 4.362206823e-23)
(0.118998328 0.1416300276 -2.272938805e-22)
(0.1643979023 0.1233059671 -9.024103952e-23)
(0.2061437526 0.1048081942 3.679115756e-23)
(0.2428846797 0.08507623439 -1.700958205e-23)
(0.2731463657 0.06297322006 3.428746348e-23)
(0.2951872984 0.03727929231 -6.590774551e-23)
(0.3066393947 0.006553379558 -9.301447705e-23)
(0.3049251799 -0.03086007711 1.516809717e-22)
(0.2863540524 -0.07784829862 0)
(0.2470252886 -0.1399199539 1.505518205e-22)
(0.181066706 -0.2266254067 2.559892868e-22)
(0.09602543795 -0.3443838688 0)
(-0.006707363442 -0.4552150235 -3.675596128e-21)
(-0.019225678 -0.3777482033 -2.892606976e-21)
(-0.02591834265 0.2276868687 -9.513714036e-22)
(-0.03998138948 0.2238244009 -1.388803761e-22)
(0.03655928901 0.1810561041 -2.335083309e-22)
(0.109039824 0.1450983158 -1.193432919e-22)
(0.1816975822 0.1172336142 -4.295152749e-23)
(0.2489757989 0.09626750163 9.780249143e-23)
(0.30999018 0.08001522773 -1.40806185e-22)
(0.3645700715 0.06656154706 1.296632447e-22)
(0.4125705713 0.05448936371 -8.616361245e-23)
(0.4535703515 0.04271074205 1.132084971e-25)
(0.4867365868 0.03032832126 1.527243533e-23)
(0.5106998607 0.01653674138 7.994881695e-23)
(0.5236224072 0.0005447188327 -1.810725275e-22)
(0.52315136 -0.01862575833 -1.616910429e-22)
(0.5052114509 -0.04285835914 -4.262207705e-23)
(0.4658568129 -0.07632828159 0)
(0.3952590077 -0.1286076846 -1.846290547e-22)
(0.2915990875 -0.2208464546 8.148550548e-22)
(0.1197406524 -0.3525013612 1.631571169e-21)
(0.02670424364 -0.3775490745 2.172639431e-21)
(0.214290666 0.1347459208 9.864446147e-22)
(0.2776349174 0.09870657373 0)
(0.4316634666 0.05810486901 -2.594000439e-22)
(0.5304766915 0.03846240388 -1.741435949e-22)
(0.601693358 0.02623322083 0)
(0.657110537 0.01831800676 -6.007367688e-23)
(0.7015062077 0.013134958 6.375492784e-23)
(0.7375847576 0.009541553321 -1.799293332e-23)
(0.7669150937 0.006804542617 2.884621276e-23)
(0.7901889792 0.004465472974 2.314016787e-23)
(0.8074359715 0.002222563749 0)
(0.818246295 -0.0001485145254 -2.872135678e-23)
(0.8216387044 -0.002722210214 0)
(0.8162328927 -0.00571143604 2.737496138e-23)
(0.799130546 -0.009610659175 1.421618565e-23)
(0.767998366 -0.01500235911 -5.799282061e-23)
(0.7106562656 -0.02502552459 -2.535546266e-22)
(0.623518839 -0.0420432347 -6.917935131e-22)
(0.4230090551 -0.09183007432 0)
(0.2705673516 -0.1524023623 -2.119467692e-21)
)


// ************************************************************************* //
