/*--------------------------------*- C++ -*----------------------------------*\
  =========                 |
  \\      /  F ield         | OpenFOAM: The Open Source CFD Toolbox
   \\    /   O peration     | Website:  https://openfoam.org
    \\  /    A nd           | Version:  13
     \\/     M anipulation  |
\*---------------------------------------------------------------------------*/
FoamFile
{
    format      ascii;
    class       scalarField;
    location    "19.27";
    object      p_all;
}
// * * * * * * * * * * * * * * * * * * * * * * * * * * * * * * * * * * * * * //


400
(
5.427818137e-08
-0.0005479276615
-0.0008903928099
-0.001018065361
-0.0009392559728
-0.000686469329
-0.0002972643284
0.000192410594
0.0007460537623
0.001323167103
0.001878124704
0.002358096535
0.002707704466
0.002873858594
0.002815025557
0.002513193689
0.001988777087
0.001298887006
0.0006403763936
4.47652262e-05
0.000586786717
5.387548467e-06
-0.0003584583339
-0.0005007949837
-0.0004701256248
-0.0002930468817
1.097296852e-06
0.000383020671
0.0008213201136
0.001278726999
0.001715413572
0.002080240797
0.002322845718
0.002395863154
0.002265413994
0.001922707623
0.001394444655
0.0007456268573
0.0001483738792
-0.0005140742747
0.0009498087225
0.0003056606332
-9.543796919e-05
-0.0002416869473
-0.0002354711168
-0.0001068388523
0.0001201842872
0.0004242930456
0.0007817529439
0.00116060597
0.001528875651
0.001832624166
0.002021885675
0.002047940333
0.001875650365
0.001495180653
0.000930472868
0.0002380352336
-0.0004600417058
-0.001296652449
0.0009727237465
0.0002550441236
-0.0001949217022
-0.0003470613765
-0.0003561139547
-0.0002588515311
-7.593165947e-05
0.0001800320115
0.0004954773093
0.000850112682
0.00120289274
0.001510758732
0.001712972594
0.001749021449
0.00157005575
0.001152683098
0.000508700005
-0.0003151966819
-0.001230035367
-0.002380232785
0.0004768296213
-0.000288144883
-0.0007667004433
-0.0009181401201
-0.0009388122181
-0.0008699340217
-0.0007265149783
-0.0005090413666
-0.0002172629447
0.0001395295146
0.0005309067395
0.0009085837896
0.001201384755
0.001328450324
0.001213405114
0.000803068931
8.339320336e-05
-0.0009135789095
-0.002122956795
-0.003650706482
-0.0006896952948
-0.001470015403
-0.001958672339
-0.002109350725
-0.002151606919
-0.002127587877
-0.002042450192
-0.0018790568
-0.001616220399
-0.001243571845
-0.0007766749493
-0.0002600834452
0.0002236367546
0.0005647111423
0.0006413024808
0.0003453324652
-0.0003887601644
-0.001559187371
-0.00312926873
-0.005135592278
-0.002664223746
-0.003425547548
-0.003916989418
-0.0040818667
-0.004178502803
-0.0042466168
-0.004276568155
-0.004226436019
-0.004043857893
-0.003685119319
-0.003135730331
-0.002421462525
-0.001628168412
-0.0008981855829
-0.0004196809249
-0.0003935431788
-0.0009828741487
-0.002254728167
-0.00422615004
-0.006820698832
-0.00555583009
-0.006270486954
-0.006768336192
-0.006981637553
-0.007194031984
-0.007440647129
-0.007692900998
-0.007876508399
-0.007895176483
-0.007652600894
-0.007078724666
-0.006150648006
-0.00493508754
-0.003596683858
-0.002406357059
-0.001707469519
-0.001836398388
-0.003008024231
-0.005360798905
-0.008653518348
-0.009433898611
-0.01008012894
-0.01059654903
-0.01090797166
-0.01132208091
-0.01187029127
-0.01250377538
-0.01311024733
-0.0135367269
-0.01361098454
-0.01316930804
-0.01210780373
-0.01041514431
-0.008244598848
-0.005945584604
-0.004052392769
-0.003181577464
-0.003834817684
-0.006417816942
-0.01048199826
-0.01431313439
-0.01487221027
-0.01541875815
-0.01587701581
-0.0165832644
-0.01757133204
-0.01877586143
-0.02004564382
-0.02116206105
-0.02185650336
-0.02183935102
-0.02085406486
-0.01875434605
-0.01560384634
-0.0117806361
-0.008024883406
-0.005349169422
-0.004750488991
-0.007171597679
-0.01196891795
-0.02014800383
-0.02059852097
-0.02116831165
-0.0217892159
-0.02284275572
-0.0243786325
-0.02632480636
-0.02849648821
-0.03060806378
-0.03228218073
-0.03307291831
-0.03251825683
-0.03026082713
-0.02615863814
-0.02050707583
-0.01418868083
-0.008678756146
-0.005715664894
-0.00720906187
-0.01245591121
-0.02684757813
-0.02715384954
-0.02769400115
-0.02841331954
-0.02977761693
-0.03187502083
-0.03464191258
-0.037869805
-0.04121162304
-0.04418096157
-0.04616314695
-0.04645400708
-0.04443923459
-0.03963798198
-0.03210137641
-0.02268188148
-0.01325251802
-0.006474266686
-0.005798380461
-0.01075533817
-0.03432397121
-0.03440812698
-0.03477939789
-0.03539355709
-0.03687906789
-0.03939472848
-0.04290187648
-0.04717670664
-0.05181675464
-0.05623358074
-0.05965444925
-0.06116606252
-0.05975621869
-0.05463453682
-0.04542225317
-0.03268350357
-0.01843953778
-0.006234759128
-0.001664632351
-0.0048653314
-0.04259788498
-0.04226842715
-0.042184908
-0.04228466642
-0.04350091984
-0.0461013472
-0.05008181166
-0.0552000119
-0.0609926399
-0.06677271175
-0.07161679646
-0.07439092877
-0.07381257764
-0.06865739282
-0.05805699078
-0.04204915179
-0.022429437
-0.003248451952
0.007354103272
0.008346977607
-0.05199809266
-0.05074991406
-0.04966743
-0.04856848914
-0.04891531882
-0.05110679356
-0.05515688931
-0.06077791436
-0.06741541488
-0.0742691818
-0.08026279171
-0.08405819431
-0.08411549376
-0.07882550097
-0.06683366401
-0.04751643083
-0.02212201724
0.005506137954
0.02471865431
0.03352920599
-0.06364446341
-0.0601790903
-0.05708842238
-0.05375603089
-0.05245661893
-0.05366955501
-0.05735159307
-0.06312315151
-0.07024556926
-0.07778364284
-0.08447646779
-0.088772214
-0.08888835672
-0.08283314762
-0.06884765667
-0.04562000178
-0.0137523274
0.02441583621
0.05553818437
0.07735356969
-0.08017694907
-0.07106696364
-0.06411492618
-0.05716033822
-0.05342628619
-0.05320866481
-0.0562498082
-0.06190226496
-0.06924551716
-0.07710308487
-0.08399954684
-0.08814168208
-0.08747359414
-0.07965407189
-0.062480958
-0.03405491425
0.00555715447
0.05859012965
0.1058174211
0.1480618043
-0.1105012159
-0.08585005718
-0.07160418772
-0.0589705954
-0.05191293783
-0.04988069128
-0.05209759037
-0.05750080787
-0.06484949798
-0.07269772647
-0.07933022216
-0.0827062617
-0.08051637411
-0.06988720092
-0.0482363835
-0.01272965163
0.03822707925
0.1071233022
0.1779698083
0.2564674288
-0.1684341183
-0.09990668379
-0.07500933174
-0.05480048497
-0.04462135297
-0.04158579252
-0.04371532887
-0.04937611506
-0.05700939619
-0.06496199987
-0.07135354896
-0.07397403271
-0.07012612901
-0.05701427326
-0.03103297855
0.01192179631
0.07558985278
0.1663940028
0.2761516382
0.4376942504
-0.3984255919
-0.1380984582
-0.07497229176
-0.04709211446
-0.03355307501
-0.03003192702
-0.03280111058
-0.03926076479
-0.04755205998
-0.05593140647
-0.0624927787
-0.0650237407
-0.06099205502
-0.04696978485
-0.01876039693
0.02992882109
0.1069468949
0.2334175569
0.4198702793
0.7800136651
)


// ************************************************************************* //
