/*--------------------------------*- C++ -*----------------------------------*\
  =========                 |
  \\      /  F ield         | OpenFOAM: The Open Source CFD Toolbox
   \\    /   O peration     | Website:  https://openfoam.org
    \\  /    A nd           | Version:  13
     \\/     M anipulation  |
\*---------------------------------------------------------------------------*/
FoamFile
{
    format      ascii;
    class       vectorField;
    location    "28.47";
    object      U_all;
}
// * * * * * * * * * * * * * * * * * * * * * * * * * * * * * * * * * * * * * //


400
(
(1.094038168e-05 -3.787463972e-05 0)
(-0.0006661614093 0.0004130317227 -1.547129169e-23)
(-0.002185377647 0.0009203837913 0)
(-0.004047805101 0.001312766385 0)
(-0.005971813389 0.001535049335 6.839343696e-25)
(-0.007762706112 0.001569831464 4.152631503e-24)
(-0.009284451444 0.001423549005 -7.35489213e-24)
(-0.0104358373 0.001119711958 7.549846492e-24)
(-0.01113670704 0.0006960757659 -2.096995274e-25)
(-0.01132700828 0.0002030760366 -3.997001961e-24)
(-0.0109716806 -0.0003002298778 5.806182964e-24)
(-0.01007225305 -0.0007475087533 -5.931625985e-23)
(-0.008679826403 -0.001075553255 -6.554762291e-23)
(-0.006902822125 -0.001233035667 -7.786390591e-23)
(-0.004910728797 -0.001192632898 4.574900479e-24)
(-0.002927239989 -0.0009619194384 -4.139310474e-24)
(-0.001205318054 -0.0005912154644 -1.999672137e-22)
(-1.908901675e-05 -0.0001698899782 0)
(0.0005181394147 0.0001720773255 1.513543379e-25)
(0.0002227478209 0.0003059734909 -2.604054661e-24)
(-0.0002633918684 0.0008289013404 1.386286557e-25)
(-0.002703311633 0.003383778638 1.556854333e-23)
(-0.006907219999 0.005604420054 1.548871247e-25)
(-0.01195219381 0.007008115313 -8.482371502e-25)
(-0.01713485011 0.007553682367 1.160202366e-24)
(-0.02197510077 0.007294114439 1.304855841e-23)
(-0.02611046165 0.006321825875 1.408909774e-24)
(-0.02926531931 0.004754148003 -7.301054085e-24)
(-0.03122639208 0.002737133569 1.016205752e-23)
(-0.03184168103 0.0004524151622 4.512712803e-24)
(-0.03102731352 -0.001884109056 -6.321675192e-24)
(-0.02879290957 -0.00402297375 2.961577389e-24)
(-0.02527118244 -0.005708287575 3.896602891e-23)
(-0.02073180843 -0.006707342287 -1.955447155e-24)
(-0.01558954483 -0.00685408368 3.75585483e-24)
(-0.01038510212 -0.006097427634 -9.745625123e-23)
(-0.005730274731 -0.004546174203 9.642452244e-23)
(-0.002233384892 -0.002507428864 -3.968928846e-25)
(-0.0001817913789 -0.0005023954131 4.069026131e-25)
(8.34333782e-05 0.0006099076748 0)
(-0.000418825572 0.002935025135 -2.913702046e-25)
(-0.004647835615 0.008803886452 1.706431205e-23)
(-0.01137183195 0.01324024049 -8.242657501e-24)
(-0.0193270569 0.01579183091 -2.06910018e-25)
(-0.02747377682 0.01652978946 2.032674595e-25)
(-0.03511735411 0.01564422803 7.474992335e-27)
(-0.04171294088 0.01335982831 -1.240729547e-24)
(-0.04683516307 0.009919678065 -4.564508092e-25)
(-0.05014931764 0.005602402645 -1.064071801e-23)
(-0.05141175808 0.0007444535981 0)
(-0.0504774101 -0.004241691002 0)
(-0.04733660408 -0.008887052929 2.672098892e-23)
(-0.04215890155 -0.01268160815 2.814069445e-23)
(-0.03531408764 -0.01513588456 -1.646854641e-24)
(-0.02738976731 -0.01586174477 4.848191025e-23)
(-0.01916994534 -0.01467322693 9.423787987e-23)
(-0.011560857 -0.01169353784 3.980298657e-23)
(-0.005465400196 -0.007450727249 4.157056278e-25)
(-0.001451103804 -0.002936064469 1.06588472e-25)
(-9.072688107e-05 0.0002258506894 0)
(-0.0005024593562 0.006045261586 -4.252953066e-23)
(-0.00640266325 0.01637052542 -1.696650135e-23)
(-0.01553482688 0.02355901209 8.169546358e-24)
(-0.02627878244 0.02744126096 0)
(-0.03728698978 0.02832066079 0)
(-0.04768977274 0.02658740664 0)
(-0.05679592989 0.02263095673 -4.53209485e-26)
(-0.06405307431 0.01683593945 -2.125630372e-24)
(-0.06901001951 0.009622135236 0)
(-0.07130749211 0.00149110832 1.638096632e-24)
(-0.0707077926 -0.006936349233 2.804401969e-25)
(-0.06712972538 -0.01492995582 -2.812254223e-25)
(-0.06069848599 -0.02166699826 0)
(-0.05180704995 -0.02631575689 4.135517721e-23)
(-0.04114958152 -0.02816042645 -4.68383491e-23)
(-0.02971948095 -0.02677349153 -2.764353523e-23)
(-0.01873704193 -0.02221515007 -3.965517264e-23)
(-0.009487973601 -0.01521915075 7.795723407e-25)
(-0.002976867585 -0.007298193443 9.785216267e-23)
(-0.0002318780675 -0.0008661932477 0)
(-0.0005316064694 0.01009487574 4.27363949e-23)
(-0.007983489057 0.02595183749 4.778622176e-25)
(-0.01939662229 0.03642833501 -4.669480094e-25)
(-0.03282340214 0.04185465807 0)
(-0.04664630038 0.04289431531 7.776400556e-25)
(-0.05985155787 0.04020027001 -7.668577868e-25)
(-0.07163205505 0.03434705442 3.670245244e-23)
(-0.08132657028 0.02585641506 1.846055012e-23)
(-0.08836502548 0.01527290941 6.233086264e-24)
(-0.09225370907 0.003246226454 -1.64000504e-24)
(-0.09260285095 -0.009407610007 0)
(-0.0891746843 -0.02167443952 4.374072278e-25)
(-0.08195902933 -0.03236702777 1.010187758e-23)
(-0.07126822239 -0.04021204173 -4.351693596e-23)
(-0.05781970055 -0.04402001703 1.934351983e-24)
(-0.042785487 -0.04294790959 4.222024142e-23)
(-0.02775429243 -0.03683318701 -3.849325433e-25)
(-0.01455051801 -0.02652704893 0)
(-0.004859429563 -0.01408449556 5.436486382e-23)
(-0.0003641447655 -0.002846966201 -2.564537685e-22)
(-0.0005272144653 0.01499907305 9.837150082e-23)
(-0.00937780716 0.03738971849 -4.904470451e-25)
(-0.0228815431 0.0517015474 0)
(-0.03882996143 0.05894107967 0)
(-0.05538590803 0.06025501615 -8.729932381e-23)
(-0.07142794038 0.05661837323 -8.496946731e-23)
(-0.08606557896 0.04880119604 -4.06529829e-23)
(-0.09854979877 0.03743949501 -1.503333211e-23)
(-0.1081934127 0.02315973026 -5.363791954e-24)
(-0.1143433404 0.006709773551 -8.172109153e-24)
(-0.1164035168 -0.01093263621 6.598010135e-24)
(-0.1138927049 -0.02848900251 8.820921366e-24)
(-0.1065477687 -0.04436989458 -1.892263104e-23)
(-0.09446724805 -0.05675270453 4.5831727e-24)
(-0.07826793581 -0.06378235203 0)
(-0.0592284906 -0.06393438414 -1.575370649e-23)
(-0.03933951941 -0.05653771583 -2.350818638e-26)
(-0.02114173008 -0.04235780476 0)
(-0.007318648545 -0.02398216973 -1.520120198e-22)
(-0.0005216110709 -0.005925535273 6.055177063e-22)
(-0.0004990772398 0.0206454726 -9.770142993e-23)
(-0.0105293908 0.05045372397 2.831528159e-22)
(-0.02582928602 0.06912423889 1.526638268e-22)
(-0.04402090085 0.0784916203 3.618593733e-24)
(-0.06310671794 0.0802938371 -7.31922387e-23)
(-0.08190320371 0.07587962048 9.041262443e-23)
(-0.09947664555 0.06621627999 -3.589510718e-24)
(-0.1150216383 0.0520165477 -1.72880765e-24)
(-0.12775075 0.03392342888 2.523616955e-24)
(-0.1368460645 0.01270242733 7.379923558e-24)
(-0.1414698704 -0.01058748931 -6.497934232e-24)
(-0.1408236905 -0.03445970158 -9.781773844e-24)
(-0.1342735621 -0.05692701284 -3.261781249e-23)
(-0.1215441182 -0.07553235692 -3.657597992e-23)
(-0.1029665192 -0.08754177335 5.638048276e-25)
(-0.07976313259 -0.09039131929 0)
(-0.05426644446 -0.08244449509 0)
(-0.02987140048 -0.06397692298 -2.905232735e-24)
(-0.01066277575 -0.03798772062 2.969663534e-24)
(-0.0007350865993 -0.01050085101 1.02786016e-22)
(-0.0004479142611 0.0268721732 0)
(-0.01134912657 0.06480677264 2.001950222e-22)
(-0.02801573557 0.08829510939 8.961990694e-23)
(-0.04799813138 0.1001223399 0)
(-0.06920539716 0.102706542 1.569660133e-22)
(-0.09044294417 0.0978148151 0)
(-0.1107822415 0.08661027352 -1.428256852e-22)
(-0.1294083431 0.06983900828 6.514803305e-24)
(-0.1454760585 0.04808211339 0)
(-0.1580340402 0.02201763923 0)
(-0.1660122041 -0.007334077076 -1.374210073e-24)
(-0.1682660492 -0.03838778481 -9.3147357e-25)
(-0.1637054327 -0.06883894283 1.491713165e-22)
(-0.1515199436 -0.09558180137 -4.704632947e-23)
(-0.1315126613 -0.1148288482 -2.560144427e-24)
(-0.1045589817 -0.1225693555 1.533907137e-24)
(-0.07309306071 -0.1155509436 -1.558103414e-24)
(-0.04134996357 -0.09283052623 0)
(-0.01525220686 -0.05740732371 3.203371736e-24)
(-0.001044300304 -0.01714705535 -1.012799999e-21)
(-0.0003744679217 0.0334626538 0)
(-0.01174998232 0.07998826415 -1.128064032e-22)
(-0.02920687664 0.1086378756 -6.190669542e-22)
(-0.05031709836 0.1232220783 -3.755060229e-22)
(-0.0729626708 0.1269084319 0)
(-0.09598895871 0.1219244547 4.119191965e-22)
(-0.1185265875 0.1096339965 1.260808846e-22)
(-0.1398137907 0.09078188295 -5.581413896e-24)
(-0.1590212419 0.0658136737 5.553788896e-24)
(-0.1751451532 0.03520887548 0)
(-0.1869550427 -0.0001963739169 2.911946762e-23)
(-0.1930163246 -0.03889689062 4.69540012e-24)
(-0.1917800909 -0.07843799777 -1.076668654e-22)
(-0.1817866085 -0.115185475 8.002851444e-23)
(-0.1620563032 -0.1442587847 -2.419458053e-22)
(-0.1327055876 -0.1598536982 0)
(-0.09577842867 -0.1563102354 0)
(-0.05601605535 -0.1302972869 0)
(-0.0214784793 -0.08381085557 0)
(-0.001500374125 -0.02665501769 5.571542681e-22)
(-0.0002873957279 0.04016035235 0)
(-0.01169355752 0.09543511095 -3.492776589e-22)
(-0.02924426689 0.129406035 8.932295503e-22)
(-0.05060925651 0.1469284773 3.61694045e-22)
(-0.07370050457 0.1519734826 0)
(-0.09745109188 0.1472745895 -3.862306091e-22)
(-0.1211064839 0.1344182513 -3.174257519e-23)
(-0.1440319199 0.114138703 3.332952142e-22)
(-0.1655137275 0.0866997759 1.769395577e-22)
(-0.184624237 0.05229128425 -4.059978126e-23)
(-0.2001319602 0.0114175334 1.656805572e-23)
(-0.2104616264 -0.03471357961 -8.264769027e-24)
(-0.2137202443 -0.08376472641 3.371694628e-22)
(-0.2078209586 -0.1318745297 0)
(-0.1908232949 -0.1732743787 2.420626939e-22)
(-0.1616330745 -0.2002580608 5.77387849e-24)
(-0.1211658669 -0.2040109633 -5.8599841e-24)
(-0.07384963093 -0.177211001 1.548148965e-22)
(-0.02971774876 -0.1188635914 -5.434548663e-24)
(-0.002179533195 -0.04005377884 0)
(-0.000211729907 0.04671596638 0)
(-0.01125001988 0.1105487784 0)
(-0.02815623567 0.1497341244 -5.022507659e-22)
(-0.04874474671 0.1701502645 -1.880915843e-23)
(-0.07100077473 0.1766242764 2.038291189e-23)
(-0.09399438128 0.1724514021 -2.014224719e-23)
(-0.1171432657 0.1594861279 -2.316788968e-23)
(-0.1400177705 0.1384798669 -3.029684127e-22)
(-0.1621327073 0.1095157788 6.698567174e-23)
(-0.1827957284 0.07245191933 4.512980286e-23)
(-0.2009833873 0.0273496553 -4.577520411e-23)
(-0.2152268574 -0.02508633046 0)
(-0.223556038 -0.08298263071 -7.838932437e-23)
(-0.2234630074 -0.1427246587 0)
(-0.2120676951 -0.1981808711 -3.739392702e-22)
(-0.1867431806 -0.2400760743 5.244634374e-22)
(-0.1464435621 -0.2560760646 0)
(-0.09394546535 -0.2331198379 -1.493704221e-22)
(-0.04021989826 -0.1639605979 1.937251177e-22)
(-0.003201087535 -0.05861035791 -3.411231722e-22)
(-0.0002015543676 0.05297543674 0)
(-0.0106726785 0.1248162327 9.182576323e-22)
(-0.02628457475 0.168741104 -2.440599699e-23)
(-0.0450112198 0.1916440333 9.193050832e-22)
(-0.06494613967 0.1992906815 -2.511999719e-23)
(-0.08536647015 0.1956092024 2.838749763e-23)
(-0.1059307735 0.1827877411 -2.812836685e-23)
(-0.126492658 0.1616577433 -1.660866634e-23)
(-0.1468999593 0.1321759708 -5.260071155e-22)
(-0.1668461239 0.09389653929 -8.906364298e-24)
(-0.1857306329 0.04640613116 9.659925344e-24)
(-0.2024785024 -0.01023723197 3.312999208e-22)
(-0.2154157676 -0.07499738563 -5.820576307e-22)
(-0.2220212134 -0.145030205 0)
(-0.2188033579 -0.214674954 8.887002485e-22)
(-0.2016257913 -0.274000441 -4.940586313e-22)
(-0.1668638635 -0.3075799632 -1.572125888e-23)
(-0.1140219067 -0.2953800514 0)
(-0.05288473825 -0.2195794094 -1.889889895e-22)
(-0.004749176021 -0.08377244867 3.360294648e-22)
(-0.0003642144452 0.05902281105 1.55096494e-23)
(-0.01049584746 0.137987231 -8.763917556e-22)
(-0.02441411751 0.18567915 -1.15702884e-21)
(-0.04026757219 0.2101370833 -8.628717388e-22)
(-0.05630771566 0.2182335504 0)
(-0.0721490655 0.2146178775 3.513709541e-23)
(-0.08779278925 0.2018783302 -7.294671614e-23)
(-0.1034569205 0.1810000277 5.867733242e-23)
(-0.1193990908 0.1518995289 3.02128527e-22)
(-0.1357939088 0.1139151739 -1.128169044e-23)
(-0.1526090179 0.06621463028 0)
(-0.1694529242 0.008177788778 -3.603843101e-22)
(-0.185276809 -0.0601591399 7.515510736e-22)
(-0.1980455204 -0.1372738548 8.831533144e-22)
(-0.2043551672 -0.2189252541 -5.296466047e-22)
(-0.1990981371 -0.2959702766 5.16253935e-22)
(-0.1760607326 -0.3514061841 1.078140964e-23)
(-0.1300891137 -0.3584140233 -1.095454529e-23)
(-0.06688800572 -0.2843267968 -8.218144361e-23)
(-0.007083310822 -0.1169960736 0)
(-0.0009095949655 0.06540012162 -1.911440697e-23)
(-0.01167606574 0.1502808633 -1.326936647e-21)
(-0.02388914165 0.2000648571 1.094209026e-21)
(-0.03601389634 0.2244204624 6.734779728e-22)
(-0.04657373304 0.2316576285 6.014498285e-22)
(-0.05577116232 0.2272383498 6.64381075e-22)
(-0.0641133438 0.2141767357 -4.458578709e-23)
(-0.07227659177 0.1936490014 -3.461267997e-22)
(-0.08097077356 0.1656027109 2.152121681e-22)
(-0.09087301248 0.1292708998 0)
(-0.1025558545 0.08353121879 0)
(-0.1163633143 0.02720066478 2.655356628e-22)
(-0.1321600088 -0.04061940379 8.194379763e-23)
(-0.1489261972 -0.1200121229 -2.821546606e-22)
(-0.1641292586 -0.2089293281 -5.41117553e-23)
(-0.1727884097 -0.3006984697 1.30195532e-22)
(-0.1670315633 -0.3793320721 -3.400360407e-22)
(-0.1365294579 -0.4136443294 -1.59518299e-23)
(-0.08018254703 -0.3538318496 8.206913178e-23)
(-0.01050762025 -0.159412684 -6.032416286e-22)
(-0.00226051581 0.07348863292 0)
(-0.01580373199 0.1626515841 2.145830697e-21)
(-0.0266508172 0.2117895915 0)
(-0.03422401013 0.2333937068 -1.351779991e-21)
(-0.0375948014 0.2377756797 6.184100119e-23)
(-0.03799783886 0.231254495 -6.192957532e-22)
(-0.03668377419 0.2171892758 -4.756192186e-22)
(-0.03489157047 0.1968931099 8.301095543e-22)
(-0.03378964282 0.1703341776 -1.885662148e-22)
(-0.03450004721 0.1367222973 0)
(-0.03811699877 0.09479712205 0)
(-0.04565115636 0.04304338066 2.410644172e-23)
(-0.05790921119 -0.02013723423 -6.007111674e-22)
(-0.0751470618 -0.09620591799 -4.309501624e-22)
(-0.09645270035 -0.1855550509 4.637799023e-22)
(-0.1183470443 -0.2853562211 -6.488588793e-22)
(-0.1332721168 -0.3838380713 9.119706868e-23)
(-0.1265354399 -0.4504352557 2.938745916e-23)
(-0.08899165853 -0.4198530311 5.660557002e-22)
(-0.01526918593 -0.2111716369 6.021048544e-22)
(-0.005180914433 0.08598035799 0)
(-0.02525568659 0.1766287353 1.465583878e-22)
(-0.03483449477 0.2205955251 -4.917058094e-23)
(-0.03640080469 0.2354851662 7.642783715e-22)
(-0.03018572846 0.2343398967 -7.005239503e-22)
(-0.01916688602 0.2241597121 4.746392203e-23)
(-0.00561637137 0.2083520908 -1.018595757e-22)
(0.008568302214 0.1881238414 -3.389826515e-22)
(0.02179751391 0.1633910918 2.062790254e-22)
(0.03262648246 0.1333244473 0)
(0.03958330322 0.09664119878 0)
(0.04116892793 0.0517410039 -2.902629991e-22)
(0.03578372082 -0.003254920779 0)
(0.02198083046 -0.07058313948 -5.512126192e-22)
(-0.001265744006 -0.1525731258 -1.492303777e-23)
(-0.0331054547 -0.2505946068 2.559670564e-23)
(-0.06909296203 -0.3599337866 2.203022388e-22)
(-0.09227866535 -0.4575420965 4.788795731e-24)
(-0.08718105992 -0.4698125425 -5.789533373e-22)
(-0.02103128822 -0.2698969694 0)
(-0.01111632327 0.1085974885 0)
(-0.04248916501 0.1947149864 -8.848346474e-22)
(-0.04795565235 0.2258191751 -5.410967814e-22)
(-0.03919596579 0.2282130465 4.543747636e-22)
(-0.01877914249 0.2182322678 -1.709998908e-24)
(0.007663277181 0.2028215418 -4.560969936e-23)
(0.036678759 0.1847616068 5.696579324e-22)
(0.06582873015 0.1647116055 -2.766845642e-23)
(0.0932700286 0.1423127779 -2.069748871e-22)
(0.1173879117 0.1166276162 3.142168791e-23)
(0.1365449903 0.08641169085 -3.425873344e-23)
(0.1489658449 0.0501770266 -3.690552851e-23)
(0.1525266137 0.00615953814 3.205598464e-22)
(0.1449358629 -0.04796091372 6.11953836e-22)
(0.1235152541 -0.1153049854 -5.101108145e-22)
(0.08633473662 -0.2004193246 -1.61601024e-22)
(0.03199037029 -0.306780473 1.531352962e-22)
(-0.02362160512 -0.423983527 7.293716717e-23)
(-0.06492428239 -0.4871610657 1.913300377e-21)
(-0.02509973788 -0.3291543078 2.955001388e-21)
(-0.02004679908 0.1460727897 -4.3901668e-23)
(-0.06416412919 0.2112955546 4.417339306e-23)
(-0.05070252157 0.2177298835 1.000176336e-21)
(-0.01934137914 0.2014677217 -8.270072844e-24)
(0.02414404136 0.1809072884 0)
(0.07154042617 0.1606930157 4.363644815e-23)
(0.1190694044 0.1416492941 -2.273811504e-22)
(0.1644757075 0.1233180219 -9.027793608e-23)
(0.2062240566 0.1048116818 3.680671192e-23)
(0.242963265 0.08507146208 -1.701632001e-23)
(0.2732197881 0.06296162805 3.429926601e-23)
(0.2952527458 0.03726314983 -6.592600301e-23)
(0.3066963526 0.006535305646 -9.303817691e-23)
(0.3049731957 -0.03087747136 1.517024053e-22)
(0.2863931076 -0.07786271929 0)
(0.2470563961 -0.1399299051 1.505557646e-22)
(0.1810918896 -0.226629915 2.560018192e-22)
(0.09604425297 -0.3443894207 0)
(-0.006697743418 -0.4552209429 -3.67564906e-21)
(-0.01922410286 -0.3777536859 -2.892630526e-21)
(-0.02591949791 0.2276829315 -9.514177408e-22)
(-0.03998322112 0.2238216882 -1.388965192e-22)
(0.03656134345 0.1810585043 -2.335551317e-22)
(0.1090501698 0.1451058104 -1.193726144e-22)
(0.1817188408 0.1172444073 -4.295759455e-23)
(0.2490086419 0.09627892572 9.78297135e-23)
(0.3100331056 0.08002497549 -1.408562533e-22)
(0.3646202721 0.06656806712 1.297151291e-22)
(0.412624538 0.05449175691 -8.619973139e-23)
(0.4536243179 0.04270897204 1.132191594e-25)
(0.4867872039 0.03032305307 1.527721265e-23)
(0.5107445458 0.01652911857 7.997104744e-23)
(0.5236592579 0.0005366208408 -1.811101801e-22)
(0.5231794292 -0.01863362878 -1.617126165e-22)
(0.5052320682 -0.04286470573 -4.262829842e-23)
(0.4658713153 -0.07633225911 0)
(0.3952695099 -0.1286089218 -1.846504636e-22)
(0.2916069994 -0.2208468049 8.148790577e-22)
(0.1197454468 -0.3525016857 1.631606055e-21)
(0.02670545647 -0.3775497883 2.172658112e-21)
(0.2142894628 0.1347447361 9.86495928e-22)
(0.2776311683 0.0987050554 0)
(0.4316592847 0.05810415747 -2.594293673e-22)
(0.5304749582 0.03846264629 -1.741640803e-22)
(0.6016965342 0.02623417858 0)
(0.6571197751 0.01831921887 -6.008957412e-23)
(0.701521164 0.01313599489 6.377857306e-23)
(0.737603997 0.009542118946 -1.80011742e-23)
(0.7669365588 0.006804464624 2.885914966e-23)
(0.790210386 0.004464753307 2.314992268e-23)
(0.8074552462 0.002221335911 0)
(0.8182619284 -0.000150054819 -2.872993678e-23)
(0.8216498238 -0.002723827094 0)
(0.8162393336 -0.005712652641 2.738086662e-23)
(0.7991332778 -0.009611373377 1.421634681e-23)
(0.7679986302 -0.0150025485 -5.799458838e-23)
(0.7106555839 -0.02502520369 -2.535676804e-22)
(0.6235184034 -0.04204285898 -6.918122985e-22)
(0.4230091012 -0.09182968591 0)
(0.2705674674 -0.1524021864 -2.119485923e-21)
)


// ************************************************************************* //
