/*--------------------------------*- C++ -*----------------------------------*\
  =========                 |
  \\      /  F ield         | OpenFOAM: The Open Source CFD Toolbox
   \\    /   O peration     | Website:  https://openfoam.org
    \\  /    A nd           | Version:  13
     \\/     M anipulation  |
\*---------------------------------------------------------------------------*/
FoamFile
{
    format      ascii;
    class       vectorField;
    location    "11.9";
    object      U_all;
}
// * * * * * * * * * * * * * * * * * * * * * * * * * * * * * * * * * * * * * //


400
(
(9.385091092e-06 -3.508060733e-05 0)
(-0.0006623942284 0.0004103871565 -1.529707264e-23)
(-0.002163400072 0.0009105899847 0)
(-0.004002394555 0.001297298104 0)
(-0.005901974468 0.001516347185 6.558926273e-25)
(-0.007670898094 0.001550610504 4.113009571e-24)
(-0.009175512786 0.001406395363 -6.334256036e-24)
(-0.01031627 0.001106754828 8.653189289e-24)
(-0.01101410465 0.0006887174568 -2.19534635e-25)
(-0.0112093777 0.0002017579778 -4.154248899e-24)
(-0.01086684208 -0.0002960043253 5.99105784e-24)
(-0.009986989738 -0.0007392658197 -6.093076358e-23)
(-0.008618861432 -0.00106551463 -6.744292943e-23)
(-0.00686809558 -0.001223773756 -8.000585969e-23)
(-0.004900822685 -0.001186535329 4.728031637e-24)
(-0.002937211165 -0.0009606292044 -4.318986223e-24)
(-0.001227536124 -0.0005950669519 -2.134769429e-22)
(-4.303907683e-05 -0.0001774844284 0)
(0.000501048952 0.0001628875701 2.186338503e-25)
(0.0002183847483 0.0002999342932 -1.148648458e-23)
(-0.0002601696833 0.0008233421217 1.351044942e-25)
(-0.002668744465 0.003343901079 1.539970825e-23)
(-0.006814442666 0.005531698063 1.532794928e-25)
(-0.01178920501 0.006914782246 -8.172096803e-25)
(-0.01690098755 0.007453505133 1.108333786e-24)
(-0.0216781313 0.00720004755 1.217315036e-23)
(-0.02576440044 0.006244897796 2.308363391e-24)
(-0.02888850863 0.004702728713 -8.375027507e-24)
(-0.03083980795 0.002716235846 1.077357051e-23)
(-0.03146698198 0.0004630119465 4.693193038e-24)
(-0.03068520373 -0.001843945945 -6.52315535e-24)
(-0.02850117652 -0.003960324321 2.845835504e-24)
(-0.02504239006 -0.00563322894 3.984788854e-23)
(-0.02057182203 -0.006631828264 -2.035015834e-24)
(-0.01549633988 -0.00679013681 3.928637147e-24)
(-0.01034855825 -0.006054909115 -1.04293836e-22)
(-0.005733407327 -0.004530444573 1.036110024e-22)
(-0.002254511021 -0.002516815003 -5.299974934e-25)
(-0.0002010237974 -0.0005275636883 5.433495112e-25)
(8.058729683e-05 0.0005899958666 0)
(-0.0004119673091 0.002899400288 -2.835323927e-25)
(-0.004578229833 0.008683835068 1.625058134e-23)
(-0.01120185364 0.01305374611 -8.434114587e-24)
(-0.01904048396 0.01556909883 -1.973579471e-25)
(-0.02707177795 0.01630129861 1.938764975e-25)
(-0.0346131922 0.01543709393 3.138953036e-26)
(-0.0411289817 0.0131962063 -2.107878764e-24)
(-0.04620005118 0.009815798341 -5.17890498e-25)
(-0.04949546385 0.005567735997 -1.1281435e-23)
(-0.05077109947 0.0007810909378 0)
(-0.04988133272 -0.004140664586 0)
(-0.04681329611 -0.008735028199 2.7700447e-23)
(-0.04172813735 -0.01249855093 2.918894e-23)
(-0.03498681949 -0.0149460168 -1.73411755e-24)
(-0.02716639008 -0.01569033443 5.173037975e-23)
(-0.01903978249 -0.01454249643 1.008765453e-22)
(-0.01150331339 -0.0116179735 4.780762078e-23)
(-0.005452753305 -0.007432156897 6.866235483e-25)
(-0.001456915656 -0.002959507174 -3.731012034e-26)
(-9.083091438e-05 0.0001966806702 0)
(-0.0004933278032 0.005961110831 -4.089782792e-23)
(-0.00630112217 0.01613284291 -1.614747198e-23)
(-0.01529305078 0.02321475593 8.356998087e-24)
(-0.0258772138 0.02704543902 0)
(-0.03672896342 0.02792459075 0)
(-0.04699342942 0.02623493149 0)
(-0.05599036556 0.02235688716 -8.01933391e-26)
(-0.06317469037 0.01666513751 -1.355111634e-24)
(-0.06809922582 0.009568681148 0)
(-0.07040690565 0.001557702048 1.896648724e-24)
(-0.06985730358 -0.006760522411 2.975034121e-25)
(-0.06636382812 -0.01466549386 -2.983361076e-25)
(-0.06004537059 -0.02134469922 0)
(-0.05128494387 -0.02597359195 4.45393451e-23)
(-0.04076481508 -0.02783923265 -5.000005651e-23)
(-0.02946529772 -0.02651111959 -3.173139671e-23)
(-0.01859388876 -0.02203919232 -4.779772944e-23)
(-0.009425807548 -0.01513887815 7.681222199e-25)
(-0.002963206262 -0.007297147859 8.714096532e-23)
(-0.0002301389703 -0.0008946353347 0)
(-0.0005219541051 0.009945956814 4.109739001e-23)
(-0.007857595936 0.02556480138 4.850361328e-25)
(-0.01909808993 0.03588993994 -4.739480899e-25)
(-0.03232968769 0.0412503705 0)
(-0.04596210559 0.0422991188 7.546656939e-25)
(-0.05899832637 0.03967599554 -7.441959769e-25)
(-0.07064329231 0.03394160183 3.509951755e-23)
(-0.08024367632 0.02560332562 1.666002932e-23)
(-0.08723380473 0.01519074998 5.57884519e-24)
(-0.09112180278 0.003337986688 -1.898855978e-24)
(-0.09151631651 -0.009153747874 0)
(-0.08817548083 -0.02128617296 4.845249415e-25)
(-0.08108303324 -0.03188527498 1.196074951e-23)
(-0.07054229908 -0.03968825029 -4.691892149e-23)
(-0.05725906094 -0.04351147044 2.170979938e-24)
(-0.04239122179 -0.04251063792 5.067241598e-23)
(-0.02751183594 -0.0365122191 -5.23811959e-25)
(-0.01443012108 -0.02634466237 0)
(-0.004822025426 -0.01402879476 5.329982424e-23)
(-0.0003600445951 -0.002861659588 -2.434098741e-22)
(-0.0005186087487 0.01477430672 9.835840475e-23)
(-0.009238574503 0.03683222026 -4.93663821e-25)
(-0.02254958913 0.05094498598 0)
(-0.03828004154 0.05810515045 0)
(-0.05462262951 0.05943985722 -8.585471841e-23)
(-0.07047378463 0.0559040096 -8.304015607e-23)
(-0.0849555366 0.04824828067 -3.887703041e-23)
(-0.09732685228 0.0370899183 -1.401300145e-23)
(-0.1069050811 0.02303675056 -4.780500042e-24)
(-0.1130391363 0.006817960533 -7.657824481e-24)
(-0.1151324755 -0.01060690096 6.014427384e-24)
(-0.1127013075 -0.02797769766 7.688170491e-24)
(-0.105478182 -0.04372140385 -1.833647186e-23)
(-0.09355495034 -0.05602977895 -3.009590914e-25)
(-0.07753856498 -0.06305784087 0)
(-0.05869404992 -0.0632839223 -2.03844867e-23)
(-0.03899436822 -0.05602819259 1.333543407e-25)
(-0.02095992774 -0.04203168246 0)
(-0.007256265166 -0.02384071413 -1.401217244e-22)
(-0.0005152305464 -0.005914731399 5.778823949e-22)
(-0.0004928513358 0.0203407544 -9.768514392e-23)
(-0.01039055195 0.04971876901 2.806494878e-22)
(-0.02549410013 0.06814190389 1.511155587e-22)
(-0.04346182202 0.07741695907 3.567479522e-24)
(-0.0623267624 0.07925213447 -7.209444121e-23)
(-0.08092358553 0.07496834787 8.83390799e-23)
(-0.0983310105 0.06550779028 -3.501996663e-24)
(-0.1137513104 0.05156013554 -1.664374803e-24)
(-0.1264013259 0.03374658206 2.423132333e-24)
(-0.1354650605 0.01281164148 6.90133292e-24)
(-0.1401052171 -0.01020587063 -5.943057224e-24)
(-0.1395221215 -0.03383973248 -8.53315752e-24)
(-0.1330795753 -0.05612102672 -3.200014803e-23)
(-0.1204988674 -0.07461046255 -2.812340971e-23)
(-0.1021048664 -0.08658908442 3.900341249e-25)
(-0.07910924976 -0.0895020348 0)
(-0.05382741805 -0.08171031149 0)
(-0.02963031862 -0.06346807262 -2.699138641e-24)
(-0.01057529475 -0.03772916272 2.75901209e-24)
(-0.0007267225966 -0.01045106139 1.012382472e-22)
(-0.0004452127994 0.02649188659 0)
(-0.01122616752 0.06390404146 1.976468489e-22)
(-0.02771194304 0.08709883284 8.846779643e-23)
(-0.04748454408 0.09882109464 0)
(-0.06848233187 0.1014493409 1.54473362e-22)
(-0.0895285294 0.09671512815 0)
(-0.1097065905 0.08575060568 -1.39755392e-22)
(-0.1282085796 0.06927455909 6.352076265e-24)
(-0.1441927623 0.04784338852 0)
(-0.1567088992 0.0221123285 0)
(-0.1646875004 -0.006919593231 -1.315379599e-24)
(-0.1669828032 -0.03768620983 -8.71953295e-25)
(-0.1625035344 -0.06790352151 1.41325761e-22)
(-0.1504397643 -0.094484784 -4.620957523e-23)
(-0.1305932382 -0.1136614098 -2.333190945e-24)
(-0.1038346904 -0.1214391212 1.321257048e-24)
(-0.07258617734 -0.1145734446 -1.342107774e-24)
(-0.04105928999 -0.09210963978 0)
(-0.01514119338 -0.05700370821 3.077039356e-24)
(-0.001033987206 -0.01704504266 -9.789835164e-22)
(-0.0003761608013 0.03302024305 0)
(-0.01165849048 0.07894526404 -1.118154379e-22)
(-0.02897001132 0.1072603396 -6.120938697e-22)
(-0.04990595031 0.121727382 -3.70768483e-22)
(-0.07237437377 0.1254667167 0)
(-0.09523750185 0.120663342 4.050125607e-22)
(-0.1176373077 0.1086443511 1.233675629e-22)
(-0.1388181516 0.0901228392 -5.448500609e-24)
(-0.1579528909 0.06551666501 5.421532635e-24)
(-0.174037208 0.03528093919 0)
(-0.1858376186 0.0002303166206 2.838091737e-23)
(-0.191918298 -0.0381481947 4.534148733e-24)
(-0.1907301465 -0.07741854298 -1.030459779e-22)
(-0.1808142971 -0.1139638413 7.574159803e-23)
(-0.1611956017 -0.1429233652 -2.316274051e-22)
(-0.1319944934 -0.1585153175 0)
(-0.09525318544 -0.1551006255 0)
(-0.05569712264 -0.1293545193 0)
(-0.02134868773 -0.08324264456 0)
(-0.001488164937 -0.02648875351 5.396136251e-22)
(-0.000293913981 0.03967777664 0)
(-0.0116471104 0.09429626045 -3.454482531e-22)
(-0.02910628586 0.1278999624 8.832267505e-22)
(-0.05035280858 0.145293999 3.571211311e-22)
(-0.07331957553 0.1503982806 0)
(-0.09695499093 0.1458984053 -3.797819199e-22)
(-0.1205150938 0.1333384994 -3.11736685e-23)
(-0.1433702536 0.1134161903 3.273299776e-22)
(-0.1648072144 0.0863639157 1.73607188e-22)
(-0.1838950846 0.05234505142 -3.981630239e-23)
(-0.1993967242 0.0118424501 1.638878742e-23)
(-0.2097316094 -0.03395341904 -8.056583435e-24)
(-0.2130035409 -0.08271806882 3.297072089e-22)
(-0.2071271153 -0.1306020253 0)
(-0.190170092 -0.1718522527 2.317392997e-22)
(-0.1610512198 -0.1987862099 5.465683048e-24)
(-0.1206984279 -0.2026218276 -5.54720138e-24)
(-0.07353971779 -0.1760678095 1.451501076e-22)
(-0.02957928015 -0.1181270844 -5.149987272e-24)
(-0.002165688565 -0.03981452984 0)
(-0.0002229449939 0.04622186266 0)
(-0.01125806455 0.109372198 0)
(-0.0281408273 0.1481688879 -4.966964508e-22)
(-0.04868300498 0.1684469549 -1.859669517e-23)
(-0.07088371336 0.1749835345 2.010248504e-23)
(-0.0938259752 0.1710228639 -1.986512455e-23)
(-0.1169370222 0.1583720874 -2.279028885e-23)
(-0.1397913968 0.1377406542 -2.97503396e-22)
(-0.1619027288 0.109175638 6.645033004e-23)
(-0.1825728064 0.0725054821 4.424970861e-23)
(-0.2007690334 0.02776935485 -4.485544579e-23)
(-0.2150135247 -0.02434230024 0)
(-0.2233286371 -0.08196525593 -7.526152994e-23)
(-0.2232049911 -0.1414854303 0)
(-0.2117714008 -0.1967770882 -3.663875291e-22)
(-0.1864196133 -0.2385825912 5.112810951e-22)
(-0.1461295678 -0.2546051188 0)
(-0.09369861286 -0.2318389797 -1.399919397e-22)
(-0.04009028524 -0.1630769819 1.840363792e-22)
(-0.003186338857 -0.05829600185 -3.314706042e-22)
(-0.0002167921472 0.05250217146 0)
(-0.01073898081 0.1236684555 9.095450837e-22)
(-0.02640333595 0.167196852 -2.4161205e-23)
(-0.04516544724 0.1899540159 9.100763978e-22)
(-0.06512372592 0.1976626443 -2.483883501e-23)
(-0.08556452682 0.194199904 2.801143883e-23)
(-0.1061541814 0.1817027905 -2.77557353e-23)
(-0.1267496089 0.1609554993 -1.636875442e-23)
(-0.1471966066 0.1318733843 -5.18479393e-22)
(-0.1671814201 0.09397683155 -8.776604914e-24)
(-0.1860924306 0.04682815896 9.521419993e-24)
(-0.2028455146 -0.009527870003 3.272696642e-22)
(-0.2157531601 -0.074053012 -5.739164068e-22)
(-0.2222870727 -0.143898779 0)
(-0.2189632958 -0.2133946106 8.74212247e-22)
(-0.2016631333 -0.2726128709 -4.816698439e-22)
(-0.1667947196 -0.3061577648 -1.532792637e-23)
(-0.1139007997 -0.2940662327 0)
(-0.05278924784 -0.2186022894 -1.794636276e-22)
(-0.004735088144 -0.083391693 3.265446168e-22)
(-0.0003824328153 0.05860291077 1.536520981e-23)
(-0.01061793087 0.1369365352 -8.680783488e-22)
(-0.02466458022 0.1842391162 -1.147321685e-21)
(-0.04063667459 0.2085454686 -8.542143376e-22)
(-0.05677968744 0.216697697 0)
(-0.07271164617 0.2132977189 3.473689701e-23)
(-0.08843841011 0.2008810122 -7.209663612e-23)
(-0.1041803486 0.1803814955 5.797598004e-23)
(-0.1201934471 0.1516695557 2.981404356e-22)
(-0.1366466641 0.1140459521 -1.114740018e-23)
(-0.1534988976 0.06665158386 0)
(-0.1703451433 0.008853302927 -3.559375899e-22)
(-0.1861280053 -0.05930642207 7.437829755e-22)
(-0.1988058177 -0.1362939649 8.75295969e-22)
(-0.2049701224 -0.2178431956 -5.223074163e-22)
(-0.1995249575 -0.2947966731 5.103386939e-22)
(-0.1762864215 -0.3501645912 1.045034125e-23)
(-0.1301447553 -0.357196841 -1.06181709e-23)
(-0.06685538273 -0.2833420388 -9.034976636e-23)
(-0.007072683415 -0.1165720763 0)
(-0.0009295636467 0.06506267304 -1.89586005e-23)
(-0.01184530949 0.149390253 -1.317361993e-21)
(-0.02425441125 0.1988071224 1.085074982e-21)
(-0.03657363289 0.2230067884 6.68501846e-22)
(-0.04730813139 0.2302856379 5.967519925e-22)
(-0.05665599029 0.2260653802 6.587441564e-22)
(-0.06512412639 0.2133088939 -4.414085738e-23)
(-0.07338988443 0.1931403266 -3.429780228e-22)
(-0.08216285098 0.165458282 2.132711161e-22)
(-0.09211801988 0.1294564054 0)
(-0.1038247384 0.08398399997 0)
(-0.117620895 0.02784462736 2.636654104e-22)
(-0.1333665756 -0.03985833364 8.256742933e-23)
(-0.1500336771 -0.1191911514 -2.781710576e-22)
(-0.1650820549 -0.2080703535 -5.37096315e-23)
(-0.1735315314 -0.299794112 1.313309655e-22)
(-0.1675280781 -0.3783632037 -3.357915223e-22)
(-0.1367745228 -0.4126435798 -1.944342139e-23)
(-0.08023426884 -0.3529433437 9.02263146e-23)
(-0.01050442997 -0.1589831541 -6.08373549e-22)
(-0.002280567958 0.07325577631 0)
(-0.01600455422 0.1619713894 2.131384357e-21)
(-0.02709847945 0.2107784627 0)
(-0.03492591701 0.2322236087 -1.342916158e-21)
(-0.03852812381 0.2366239898 6.243993976e-23)
(-0.03912577182 0.2302681923 -6.140182254e-22)
(-0.03796242484 0.2164695655 -4.719925692e-22)
(-0.03627674162 0.1964938876 8.231208398e-22)
(-0.0352387772 0.1702588675 -1.86846039e-22)
(-0.03597286007 0.1369376222 0)
(-0.03957783591 0.09524112203 0)
(-0.04706632625 0.04363951296 2.442389038e-23)
(-0.05925311875 -0.01946266027 -5.969851357e-22)
(-0.07638677647 -0.09552696133 -4.283297845e-22)
(-0.09754682926 -0.1848973151 4.621515552e-22)
(-0.1192476935 -0.2847114297 -6.44184445e-22)
(-0.1339383888 -0.3831643413 8.913907144e-23)
(-0.126928187 -0.4497258202 3.303804335e-23)
(-0.08912676583 -0.4191542392 5.675419685e-22)
(-0.01527685608 -0.2107845421 6.072271216e-22)
(-0.005198185561 0.0858629748 0)
(-0.02546192827 0.1761880135 1.470475535e-22)
(-0.03531058717 0.2198725655 -4.891895557e-23)
(-0.03716419907 0.2346029524 7.598276822e-22)
(-0.03121474405 0.2334452788 -6.961130454e-22)
(-0.02041665209 0.2233805503 4.715558723e-23)
(-0.00702538491 0.2077811776 -1.016807283e-22)
(0.007060837149 0.1878115552 -3.363138292e-22)
(0.02024957188 0.1633466972 2.049582308e-22)
(0.03109314403 0.1335220769 0)
(0.03810713099 0.09702774936 0)
(0.03978611842 0.0522460624 -2.887063738e-22)
(0.03449445118 -0.002710083268 0)
(0.02080340512 -0.07004166753 -5.498488397e-22)
(-0.002303133254 -0.152080431 -1.40790857e-23)
(-0.03397738849 -0.250155892 2.551464697e-23)
(-0.06979113713 -0.3595102081 2.182457864e-22)
(-0.09273575805 -0.4571336413 4.852860189e-24)
(-0.08736572724 -0.469353606 -5.806018472e-22)
(-0.02105078074 -0.2695976575 0)
(-0.01112551238 0.1085867056 0)
(-0.04265807547 0.1945068025 -8.808330254e-22)
(-0.0483734966 0.2253877116 -5.395135193e-22)
(-0.03989259866 0.2276283596 4.530467635e-22)
(-0.0197436422 0.2176052655 -1.729672774e-24)
(0.006472138118 0.2022517697 -4.541183092e-23)
(0.03532440707 0.1843294814 5.663426084e-22)
(0.06437973694 0.1644628183 -2.750168158e-23)
(0.09179402884 0.1422646523 -2.056237272e-22)
(0.1159454931 0.1167663205 3.125287533e-23)
(0.1351820888 0.08670035829 -3.409995388e-23)
(0.1477107109 0.05056308602 -3.677434552e-23)
(0.151411384 0.006582816156 3.196436853e-22)
(0.1439714378 -0.04754935333 6.104967032e-22)
(0.1226807403 -0.114950788 -5.092321808e-22)
(0.08564766707 -0.200140247 -1.618802062e-22)
(0.03138462991 -0.3065650265 1.524030276e-22)
(-0.0240553269 -0.4237668239 7.29224024e-23)
(-0.06509743457 -0.4869156323 1.912230448e-21)
(-0.02512374936 -0.3289625783 2.953799418e-21)
(-0.02004065065 0.1461293388 -4.380342403e-23)
(-0.06424194584 0.2112600925 4.407460855e-23)
(-0.05095212428 0.2175411746 9.979680756e-22)
(-0.01980773705 0.2011501787 -7.732507146e-24)
(0.02344509134 0.1805286739 0)
(0.07062580332 0.1603252937 4.346225975e-23)
(0.117990009 0.1413526497 -2.262750909e-22)
(0.1632917825 0.1231319789 -8.980461447e-23)
(0.2050011406 0.1047546983 3.660289985e-23)
(0.2417642745 0.08514030196 -1.692416884e-23)
(0.2720977687 0.06313515687 3.414029917e-23)
(0.2942515126 0.0375077262 -6.568993552e-23)
(0.3058237019 0.006813646199 -9.269850312e-23)
(0.3042377589 -0.03061047057 1.515093937e-22)
(0.2857945897 -0.07764111003 0)
(0.2465800839 -0.1397767813 1.509174718e-22)
(0.1807055646 -0.2265621517 2.557705827e-22)
(0.09575529787 -0.3443024611 0)
(-0.006844671171 -0.4551297102 -3.673596536e-21)
(-0.01924822845 -0.3776695288 -2.891449897e-21)
(-0.02590202988 0.2277424221 -9.508723751e-22)
(-0.03995543322 0.2238628068 -1.38720079e-22)
(0.03653046061 0.1810225659 -2.330240655e-22)
(0.1088943108 0.1449931346 -1.190130379e-22)
(0.1813978905 0.1170807697 -4.290973305e-23)
(0.2485114774 0.09610530895 9.754963008e-23)
(0.3093817538 0.07987553321 -1.402729422e-22)
(0.3638565735 0.06646760758 1.290581775e-22)
(0.411802268 0.05445354305 -8.572660762e-23)
(0.4528002065 0.04273413816 1.13103012e-25)
(0.4860123855 0.03040180364 1.521500028e-23)
(0.5100583869 0.01664429085 7.968517295e-23)
(0.5230927519 0.0006593799445 -1.806644535e-22)
(0.5227492177 -0.01851373069 -1.615191878e-22)
(0.5049155481 -0.04276745183 -4.262580816e-23)
(0.4656485314 -0.07627089153 0)
(0.3951079238 -0.128589876 -1.84077981e-22)
(0.2914850581 -0.2208407861 8.142600069e-22)
(0.1196719451 -0.3524965471 1.630657493e-21)
(0.02668687533 -0.377538796 2.172166118e-21)
(0.214307645 0.1347626073 9.858936548e-22)
(0.2776878816 0.09872800472 0)
(0.4317226003 0.05811492279 -2.591601823e-22)
(0.5305014446 0.03845911248 -1.740275295e-22)
(0.6016489003 0.0262196712 0)
(0.6569801482 0.0183008599 -5.993531966e-23)
(0.701294353 0.01312007038 6.350659526e-23)
(0.7373112789 0.009533387013 -1.78974723e-23)
(0.7666092412 0.006805431091 2.86947328e-23)
(0.7898830386 0.00447551657 2.302279121e-23)
(0.8071595792 0.00223997783 0)
(0.8180212468 -0.0001264472184 -2.862009276e-23)
(0.8214780498 -0.002698266164 0)
(0.8161396157 -0.00569353833 2.733538586e-23)
(0.7990904637 -0.009600098396 1.425947612e-23)
(0.7679938798 -0.01499937257 -5.792035207e-23)
(0.7106655586 -0.02503002229 -2.532233335e-22)
(0.6235247542 -0.04204844681 -6.913281556e-22)
(0.4230083626 -0.09183559451 0)
(0.2705656945 -0.1524048679 -2.119006407e-21)
)


// ************************************************************************* //
