/*--------------------------------*- C++ -*----------------------------------*\
  =========                 |
  \\      /  F ield         | OpenFOAM: The Open Source CFD Toolbox
   \\    /   O peration     | Website:  https://openfoam.org
    \\  /    A nd           | Version:  13
     \\/     M anipulation  |
\*---------------------------------------------------------------------------*/
FoamFile
{
    format      ascii;
    class       vectorField;
    location    "13.19";
    object      U_all;
}
// * * * * * * * * * * * * * * * * * * * * * * * * * * * * * * * * * * * * * //


400
(
(1.016084773e-05 -3.617011236e-05 0)
(-0.0006637896389 0.0004114923903 -1.540853226e-23)
(-0.002172425163 0.0009146533261 0)
(-0.004021184111 0.001303722767 0)
(-0.005930947597 0.001524122607 6.674170904e-25)
(-0.007709042131 0.001558608364 4.130361426e-24)
(-0.009220821596 0.001413538499 -6.750095889e-24)
(-0.01036603781 0.001112154433 8.205171609e-24)
(-0.01106516358 0.0006917860912 -2.155331545e-25)
(-0.01125837369 0.000202303643 -4.090279828e-24)
(-0.01091049965 -0.0002977676614 5.91569498e-24)
(-0.01002247004 -0.0007427056352 -6.027151468e-23)
(-0.008644179275 -0.001069700858 -6.666625751e-23)
(-0.006882434479 -0.001227628584 -7.912619608e-23)
(-0.004904776872 -0.001189058344 4.664898249e-24)
(-0.002932856743 -0.0009611333647 -4.244668508e-24)
(-0.001218080703 -0.0005934159576 -2.078738704e-22)
(-3.290261053e-05 -0.0001742690206 0)
(0.000508261949 0.0001667607605 1.906543242e-25)
(0.0002202218873 0.0003024746538 -7.786533345e-24)
(-0.0002614323287 0.0008257322663 1.36261112e-25)
(-0.002683006756 0.003360477574 1.550695884e-23)
(-0.006852924779 0.005561935349 1.542322615e-25)
(-0.01185693288 0.006953625021 -8.298384406e-25)
(-0.01699827565 0.007495236763 1.129387112e-24)
(-0.02180178224 0.0072392735 1.252795508e-23)
(-0.02590860212 0.006277012224 1.946913841e-24)
(-0.02904562769 0.004724222251 -7.941080978e-24)
(-0.0310010961 0.002724989002 1.052651443e-23)
(-0.0316233595 0.0004585777927 4.620087353e-24)
(-0.03082799197 -0.001860720758 -6.441327203e-24)
(-0.02862293028 -0.003986506094 2.893722195e-24)
(-0.02513781938 -0.005664604463 3.948858023e-23)
(-0.0206384537 -0.006663386296 -2.002287686e-24)
(-0.01553501734 -0.006816832513 3.857452793e-24)
(-0.01036353057 -0.006072604644 -1.014681313e-22)
(-0.005731811959 -0.004536895555 1.006358944e-22)
(-0.002245461739 -0.002512735464 -4.747670123e-25)
(-0.0001928619797 -0.0005168927367 4.86741362e-25)
(8.179501811e-05 0.0005984023476 0)
(-0.0004147931245 0.002914216998 -2.866582277e-25)
(-0.004607147452 0.008733765402 1.658807362e-23)
(-0.0112725865 0.01313138547 -8.346547108e-24)
(-0.01915984847 0.01566191787 -2.01083522e-25)
(-0.02723935261 0.01639662206 1.975440574e-25)
(-0.03482351039 0.01552361614 2.183936066e-26)
(-0.04137276425 0.01326465953 -1.759462932e-24)
(-0.04646537512 0.009859363637 -4.932042957e-25)
(-0.04976881131 0.005582410095 -1.102258785e-23)
(-0.05103901934 0.0007659743791 0)
(-0.05013065306 -0.004182804956 0)
(-0.04703224777 -0.008798577799 2.73008842e-23)
(-0.04190836662 -0.01257513996 2.875980262e-23)
(-0.03512369398 -0.01502547659 -1.698186171e-24)
(-0.0272597233 -0.01576204783 5.039041374e-23)
(-0.01909405139 -0.0145971235 9.813303169e-23)
(-0.01152717329 -0.01164943072 4.449149353e-23)
(-0.00545785979 -0.007439692827 5.742598154e-25)
(-0.001454368994 -0.002949451382 2.240024095e-26)
(-9.076982188e-05 0.0002090218413 0)
(-0.0004971246039 0.005996119192 -4.15831577e-23)
(-0.006343444971 0.01623181546 -1.648749659e-23)
(-0.01539390822 0.02335824903 8.271315141e-24)
(-0.02604484123 0.02721060095 0)
(-0.0369620571 0.02809005754 0)
(-0.04728450251 0.02638240062 0)
(-0.05632733325 0.02247177041 -6.618214403e-26)
(-0.06354237077 0.01673695926 -1.666730312e-24)
(-0.06848069792 0.009591456044 0)
(-0.07078437732 0.001530224921 1.791062543e-24)
(-0.07021399719 -0.006833883949 2.905307404e-25)
(-0.06668513214 -0.01477611929 -2.913442538e-25)
(-0.06031940911 -0.02147967562 0)
(-0.05150401189 -0.02611696565 4.322749449e-23)
(-0.04092621746 -0.02797382594 -4.869581769e-23)
(-0.02957185845 -0.02662100376 -3.003975411e-23)
(-0.0186538306 -0.02211276025 -4.442433072e-23)
(-0.009451776857 -0.01517224823 7.729578293e-25)
(-0.00296887018 -0.007297288427 9.159304597e-23)
(-0.0002308667911 -0.0008825460655 0)
(-0.0005259880478 0.01000799503 4.178571279e-23)
(-0.007910207392 0.0257261797 4.817125086e-25)
(-0.01922291385 0.03611464211 -4.707111504e-25)
(-0.03253623687 0.04150285074 0)
(-0.04624852474 0.04254813044 7.637282948e-25)
(-0.05935575996 0.03989569495 -7.531393462e-25)
(-0.07105781313 0.03411187732 3.574936968e-23)
(-0.08069800181 0.02570999931 1.739152058e-23)
(-0.08770873933 0.01522587056 5.846421827e-24)
(-0.09159734562 0.003300119483 -1.793149286e-24)
(-0.09197305596 -0.009259715422 0)
(-0.0885956801 -0.02144871398 4.651565691e-25)
(-0.08145152376 -0.03208723816 1.119421888e-23)
(-0.0708477011 -0.03990800209 -4.551725632e-23)
(-0.05749491871 -0.04372488762 2.073197757e-24)
(-0.04255704907 -0.04269411156 4.717244967e-23)
(-0.02761376429 -0.03664677982 -4.662676668e-25)
(-0.01448069416 -0.02642094521 0)
(-0.004837709044 -0.01405185954 5.37477887e-23)
(-0.0003617680331 -0.002855298491 -2.488501381e-22)
(-0.0005222232254 0.0148680799 9.83348194e-23)
(-0.009296910933 0.03706499006 -4.92090543e-25)
(-0.02268872069 0.05126115597 0)
(-0.03851064024 0.05845488458 0)
(-0.05494289303 0.05978138775 -8.643821447e-23)
(-0.07087442519 0.05620384979 -8.382578837e-23)
(-0.08542199466 0.0484809199 -3.95971822e-23)
(-0.09784115875 0.03723760188 -1.442890578e-23)
(-0.1074472873 0.02308947919 -5.019097629e-24)
(-0.1135883927 0.006773574628 -7.870070978e-24)
(-0.1156680611 -0.01074285806 6.255570907e-24)
(-0.1132035361 -0.02819190201 8.156824322e-24)
(-0.1059291828 -0.04399355506 -1.858218104e-23)
(-0.09393967495 -0.05633345628 1.722671999e-24)
(-0.07784614027 -0.06336232388 0)
(-0.05891938521 -0.06355729889 -1.846580195e-23)
(-0.03913984659 -0.05624224763 6.827491215e-26)
(-0.02103651685 -0.04216852947 0)
(-0.007282520636 -0.02389987653 -1.450691084e-22)
(-0.0005179159623 -0.005919083196 5.894149744e-22)
(-0.0004954858995 0.02046806978 -9.766317583e-23)
(-0.01044888645 0.0500260454 2.816537493e-22)
(-0.0256349536 0.06855296244 1.517416297e-22)
(-0.0436968544 0.07786717299 3.58817449e-24)
(-0.06265484208 0.07968919957 -7.255061279e-23)
(-0.08133594687 0.07535143134 8.918360604e-23)
(-0.0988136374 0.06580640769 -3.537875218e-24)
(-0.1142868987 0.05175333478 -1.690953734e-24)
(-0.1269706921 0.03382248931 2.464613636e-24)
(-0.1360481362 0.01276720651 7.098823829e-24)
(-0.1406816804 -0.01036515759 -6.172365455e-24)
(-0.1400721233 -0.0340996717 -9.049779541e-24)
(-0.1335842121 -0.05645965094 -3.22611739e-23)
(-0.1209406522 -0.07499821413 -3.163039693e-23)
(-0.102469009 -0.08699001773 4.621530381e-25)
(-0.07938551972 -0.08987635046 0)
(-0.05401284389 -0.08201928322 0)
(-0.02973209311 -0.06368207501 -2.784991682e-24)
(-0.0106121976 -0.03783773044 2.846755344e-24)
(-0.000730248801 -0.01047183865 1.018913295e-22)
(-0.0004463829147 0.0266510024 0)
(-0.01127800514 0.06428195969 1.987064498e-22)
(-0.02783999808 0.08760005222 8.894823083e-23)
(-0.04770108454 0.09936693507 0)
(-0.06878735044 0.1019775381 1.554928786e-22)
(-0.08991453397 0.09717809861 0)
(-0.1101610191 0.08611353278 -1.410279342e-22)
(-0.1287158619 0.06951391804 6.419431953e-24)
(-0.144735786 0.04794593129 0)
(-0.1572699979 0.02207442482 0)
(-0.1652486482 -0.007092508058 -1.339859345e-24)
(-0.1675265054 -0.03798058679 -8.967478834e-25)
(-0.1630128043 -0.06829696734 1.44594122e-22)
(-0.1508973929 -0.09494678166 -4.656340601e-23)
(-0.1309826421 -0.1141533836 -2.427686431e-24)
(-0.1041413207 -0.1219155287 1.409810077e-24)
(-0.07280066011 -0.1149854335 -1.432048618e-24)
(-0.04118221617 -0.0924133425 0)
(-0.01518810516 -0.05717358839 3.129786859e-24)
(-0.001038340724 -0.01708786757 -9.931238024e-22)
(-0.0003754940946 0.0332056065 0)
(-0.0116972566 0.07938245425 -1.122069588e-22)
(-0.02907028371 0.1078382021 -6.149626028e-22)
(-0.05007997672 0.1223551315 -3.727263989e-22)
(-0.07262346102 0.1260732023 0)
(-0.09555586144 0.1211949976 4.078799619e-22)
(-0.1180143467 0.1090627815 1.24492166e-22)
(-0.1392406551 0.09040278212 -5.503853094e-24)
(-0.1584066284 0.06564436379 5.476612215e-24)
(-0.1745080583 0.03525295287 0)
(-0.1863127109 5.236983189e-05 2.868992583e-23)
(-0.1923852096 -0.03846260113 4.601529731e-24)
(-0.1911765085 -0.07784783197 -1.049741153e-22)
(-0.1812274541 -0.1144789837 7.753004184e-23)
(-0.1615610861 -0.1434868783 -2.359430882e-22)
(-0.132296214 -0.1590802178 0)
(-0.09547586832 -0.1556111365 0)
(-0.05583223021 -0.1297522719 0)
(-0.02140362061 -0.08348221334 0)
(-0.001493325107 -0.02655874948 5.469513696e-22)
(-0.0002912201654 0.03988023184 0)
(-0.01166704044 0.09477419295 -3.470256633e-22)
(-0.02916521817 0.1285324559 8.873632072e-22)
(-0.0504621477 0.1459812199 3.590109272e-22)
(-0.07348191391 0.1510616817 0)
(-0.09716645767 0.1464792893 -3.824589692e-22)
(-0.1207673415 0.133795666 -3.141073161e-23)
(-0.1436527851 0.113723625 3.298232995e-22)
(-0.1651092591 0.08650856573 1.750020483e-22)
(-0.1842070793 0.05232510171 -4.014475048e-23)
(-0.1997114656 0.01166525849 1.646478889e-23)
(-0.2100440749 -0.03427290569 -8.143839461e-24)
(-0.2133100578 -0.08315933256 3.328391989e-22)
(-0.2074234516 -0.1311393194 0)
(-0.1904486112 -0.1724531511 2.360570643e-22)
(-0.1612988989 -0.1994082518 5.594582443e-24)
(-0.1208970955 -0.2032088474 -5.678014282e-24)
(-0.07367126124 -0.1765507293 1.491910137e-22)
(-0.02963798091 -0.1184380382 -5.268903244e-24)
(-0.002171548091 -0.0399154383 0)
(-0.0002182683151 0.04642940511 0)
(-0.01125510622 0.1098665011 0)
(-0.02814828435 0.148826897 -4.989971644e-22)
(-0.04871055066 0.1691638226 -1.868490136e-23)
(-0.07093513771 0.1756752267 2.021928356e-23)
(-0.0938995824 0.1716264895 -1.998055047e-23)
(-0.1170270696 0.1588443722 -2.294815395e-23)
(-0.1398905277 0.1380558407 -2.997878323e-22)
(-0.1620039759 0.1093226202 6.667781083e-23)
(-0.1826714104 0.07248590962 4.461857223e-23)
(-0.2008641246 0.02759439202 -4.524126688e-23)
(-0.215108053 -0.02465522418 0)
(-0.2234287356 -0.08239467142 -7.657040197e-23)
(-0.2233174592 -0.1420093652 0)
(-0.2118993808 -0.1973710328 -3.695609861e-22)
(-0.1865584159 -0.2392145854 5.168147082e-22)
(-0.1462636335 -0.2552274571 0)
(-0.09380369202 -0.2323806705 -1.439131993e-22)
(-0.04014534162 -0.1634504849 1.880891199e-22)
(-0.00319259205 -0.05842877347 -3.355128066e-22)
(-0.0002104080164 0.05270117946 0)
(-0.01071146528 0.1241511265 9.131701073e-22)
(-0.02635425264 0.1678466179 -2.42629858e-23)
(-0.04510195339 0.1906658835 9.139203596e-22)
(-0.06505086012 0.1983495348 -2.495595965e-23)
(-0.08548338772 0.1947958917 2.81685897e-23)
(-0.1060624846 0.1821632068 -2.791145669e-23)
(-0.1266442297 0.161255745 -1.646942872e-23)
(-0.1470751225 0.1320049313 -5.216399876e-22)
(-0.1670438297 0.09394614688 -8.831125671e-24)
(-0.185943641 0.04665211382 9.579730122e-24)
(-0.202694362 -0.009826552978 3.289681017e-22)
(-0.2156141397 -0.07445212504 -5.77344227e-22)
(-0.2221777154 -0.144377797 0)
(-0.2188981263 -0.2139370817 8.803060422e-22)
(-0.2016492043 -0.2732008059 -4.868703856e-22)
(-0.1668252306 -0.306760177 -1.549305788e-23)
(-0.1139527613 -0.2946224356 0)
(-0.05282994095 -0.2190157448 -1.834480338e-22)
(-0.004741073704 -0.08355269209 3.305166141e-22)
(-0.0003747744583 0.05877964787 1.542540529e-23)
(-0.01056682843 0.1373787446 -8.715373504e-22)
(-0.02455983521 0.1848454678 -1.151365667e-21)
(-0.04048234955 0.209216297 -8.578203068e-22)
(-0.05658230163 0.2173460069 0)
(-0.07247614006 0.2138561832 3.490422524e-23)
(-0.0881672712 0.2013042791 -7.245259799e-23)
(-0.1038767059 0.180647247 5.82703087e-23)
(-0.1198608528 0.1517708114 2.998162245e-22)
(-0.1362894546 0.1139940408 -1.120390713e-23)
(-0.153125938 0.06646910458 0)
(-0.1699708746 0.008568614421 -3.578113939e-22)
(-0.1857705649 -0.05966726213 7.470581548e-22)
(-0.1984863319 -0.1367093986 8.786096254e-22)
(-0.2047116741 -0.2183023138 -5.253968309e-22)
(-0.1993456936 -0.2952946025 5.128269015e-22)
(-0.1761918494 -0.3506910971 1.058921489e-23)
(-0.1301218002 -0.357712596 -1.07592646e-23)
(-0.06686948013 -0.2837591022 -8.693671875e-23)
(-0.007077212276 -0.1167515283 0)
(-0.0009211519282 0.06520482484 -1.902359415e-23)
(-0.01177421852 0.1497653505 -1.321353259e-21)
(-0.0241010446 0.1993370385 1.088880252e-21)
(-0.03633857845 0.2236029258 6.705767227e-22)
(-0.04699957035 0.2308650152 5.987140948e-22)
(-0.05628385314 0.2265615755 6.611027276e-22)
(-0.06469644936 0.2136762106 -4.432749711e-23)
(-0.07291921119 0.1933611937 -3.443123423e-22)
(-0.08166130024 0.1655234918 2.140873319e-22)
(-0.09159377943 0.1293811892 0)
(-0.1032901732 0.08379458225 0)
(-0.1170907702 0.02757299709 2.644552908e-22)
(-0.1328574305 -0.04018097792 8.230404656e-23)
(-0.1495659301 -0.1195397169 -2.798508657e-22)
(-0.1646795105 -0.2084353645 -5.387918539e-23)
(-0.1732175453 -0.3001783311 1.308510955e-22)
(-0.1673182624 -0.3787745244 -3.375698822e-22)
(-0.1366710566 -0.4130679138 -1.798550995e-23)
(-0.08021258524 -0.3533199214 8.681790507e-23)
(-0.01050580567 -0.1591650781 -6.062416574e-22)
(-0.002272102756 0.07335392576 0)
(-0.01592001622 0.1622579932 2.137405984e-21)
(-0.02691008877 0.2112045927 0)
(-0.03463045542 0.2327169882 -1.346609784e-21)
(-0.0381351823 0.2371098468 6.218943811e-23)
(-0.03865144604 0.2306834907 -6.162274815e-22)
(-0.03741805675 0.2167670107 -4.734331717e-22)
(-0.0356873567 0.1966764476 8.261435927e-22)
(-0.03462865542 0.1702964462 -1.875689398e-22)
(-0.03535109368 0.1368499006 0)
(-0.03896070773 0.09505514978 0)
(-0.04646837357 0.04338754017 2.428909121e-23)
(-0.05868442038 -0.01975006533 -5.985565823e-22)
(-0.07586150302 -0.09581580337 -4.29435182e-22)
(-0.09708329291 -0.1851772441 4.62834e-22)
(-0.1188661632 -0.2849857711 -6.461482063e-22)
(-0.1336559964 -0.3834507476 9.001067351e-23)
(-0.1267617512 -0.4500266182 3.151412345e-23)
(-0.08906964703 -0.4194505227 5.669346486e-22)
(-0.01527359881 -0.2109485516 6.050992242e-22)
(-0.005190899986 0.08591250034 0)
(-0.02537507666 0.1763738451 1.468414773e-22)
(-0.03511019115 0.2201775004 -4.902361404e-23)
(-0.03684301499 0.234975405 7.616809826e-22)
(-0.0307828304 0.2338235457 -6.979548028e-22)
(-0.01989741565 0.223711167 4.727591589e-23)
(-0.006412224264 0.2080239374 -1.017540952e-22)
(0.007715721136 0.1879472483 -3.375073073e-22)
(0.02089542673 0.1633677764 2.055069123e-22)
(0.03173983005 0.1334403435 0)
(0.03873112604 0.09686557241 0)
(0.0403699254 0.05203336671 -2.893630654e-22)
(0.03504104129 -0.002938835561 0)
(0.02130428334 -0.07027109872 -5.504205506e-22)
(-0.001862658076 -0.1522899938 -1.443661583e-23)
(-0.03360753613 -0.2503427734 2.554826901e-23)
(-0.06949456867 -0.3596906783 2.190973713e-22)
(-0.09254159907 -0.4573064004 4.827060499e-24)
(-0.0872876161 -0.4695481108 -5.799271528e-22)
(-0.0210424749 -0.2697244659 0)
(-0.01112161127 0.1085912879 0)
(-0.04258678973 0.1945946731 -8.824988472e-22)
(-0.04819719754 0.2255699451 -5.401684118e-22)
(-0.03959862649 0.2278758154 4.535956855e-22)
(-0.01933630681 0.2178713833 -1.72051954e-24)
(0.006973789845 0.2024966797 -4.5495058e-23)
(0.03590401539 0.1845245425 5.676581304e-22)
(0.06500019907 0.1645610925 -2.757171605e-23)
(0.09241794573 0.142283664 -2.06189522e-22)
(0.1165575026 0.1167077703 3.132388211e-23)
(0.1357610777 0.08657863769 -3.416696559e-23)
(0.1482452613 0.05040022623 -3.683088641e-23)
(0.1518852858 0.006405073538 3.20037879e-22)
(0.1443791796 -0.04772383854 6.11107454e-22)
(0.123034391 -0.1151015123 -5.095965017e-22)
(0.08593863064 -0.2002591998 -1.617529572e-22)
(0.03164250839 -0.3066566974 1.527273745e-22)
(-0.02387048846 -0.4238590007 7.292946073e-23)
(-0.0650245089 -0.4870197846 1.912704854e-21)
(-0.02511357947 -0.3290438922 2.954329675e-21)
(-0.02004323052 0.1461054678 -4.384416005e-23)
(-0.06420906857 0.2112750323 4.411552923e-23)
(-0.05084667427 0.2176208147 9.988757702e-22)
(-0.01961101227 0.2012843999 -7.960631166e-24)
(0.02374040974 0.1806890487 0)
(0.07101250815 0.1604818696 4.353468391e-23)
(0.1184494741 0.1414827009 -2.267352861e-22)
(0.1637968532 0.123209598 -9.000336828e-23)
(0.2055203856 0.1047792089 3.668823208e-23)
(0.2422739659 0.08511156937 -1.696299469e-23)
(0.2725749735 0.06306188934 3.420738972e-23)
(0.2946774701 0.03740392153 -6.578951e-23)
(0.3061951128 0.006694249505 -9.284932855e-23)
(0.3045505191 -0.03072450102 1.515886111e-22)
(0.2860490777 -0.07773567169 0)
(0.2467824288 -0.1398420609 1.507540045e-22)
(0.1808698693 -0.2265904964 2.558664972e-22)
(0.09587829325 -0.3443398535 0)
(-0.006782349634 -0.4551685541 -3.674500208e-21)
(-0.01923797112 -0.3777052944 -2.891970439e-21)
(-0.02590939686 0.2277172976 -9.510972697e-22)
(-0.03996717597 0.2238454088 -1.387921699e-22)
(0.03654347126 0.1810376631 -2.33242084e-22)
(0.1089599931 0.1450405685 -1.191628651e-22)
(0.1815334297 0.1171501013 -4.292829143e-23)
(0.2487217264 0.09617894821 9.766307426e-23)
(0.3096584829 0.0799402563 -1.405134705e-22)
(0.3641821573 0.06651017256 1.293333905e-22)
(0.4121519993 0.05447006248 -8.592489303e-23)
(0.4531509673 0.04272372003 1.131317659e-25)
(0.4863424762 0.03036857198 1.524123225e-23)
(0.5103511403 0.01659548069 7.980573385e-23)
(0.523334441 0.0006072805499 -1.808520425e-22)
(0.5229322183 -0.01856471641 -1.615979914e-22)
(0.5050502149 -0.04280890176 -4.26248054e-23)
(0.4657432802 -0.07629710498 0)
(0.3951766922 -0.1285979493 -1.843273411e-22)
(0.2915370254 -0.2208434723 8.145288544e-22)
(0.1197031706 -0.3524987361 1.631070858e-21)
(0.0266947691 -0.3775434573 2.172379821e-21)
(0.2142999737 0.1347550632 9.861422614e-22)
(0.277663933 0.09871830793 0)
(0.4316958447 0.05811037173 -2.592678634e-22)
(0.5304901881 0.03846056529 -1.740791257e-22)
(0.6016689655 0.02622582974 0)
(0.6570391797 0.01830859578 -5.999741011e-23)
(0.7013906885 0.01312706068 6.361850741e-23)
(0.7374361485 0.0095370313 -1.794087003e-23)
(0.7667486705 0.006805060172 2.876356745e-23)
(0.790022584 0.004470979507 2.307618724e-23)
(0.8072857964 0.002232060039 0)
(0.8181241666 -0.0001365219684 -2.866643142e-23)
(0.8215515896 -0.002709389535 0)
(0.8161822838 -0.005701807302 2.735382435e-23)
(0.7991088464 -0.009604972633 1.424018163e-23)
(0.7679959917 -0.01500077439 -5.795291335e-23)
(0.7106613682 -0.02502797415 -2.533729114e-22)
(0.6235220975 -0.04204609878 -6.915380486e-22)
(0.4230086639 -0.09183308419 0)
(0.270566443 -0.1524037263 -2.119214349e-21)
)


// ************************************************************************* //
