/*--------------------------------*- C++ -*----------------------------------*\
  =========                 |
  \\      /  F ield         | OpenFOAM: The Open Source CFD Toolbox
   \\    /   O peration     | Website:  https://openfoam.org
    \\  /    A nd           | Version:  13
     \\/     M anipulation  |
\*---------------------------------------------------------------------------*/
FoamFile
{
    format      ascii;
    class       scalarField;
    location    "22.71";
    object      p_all;
}
// * * * * * * * * * * * * * * * * * * * * * * * * * * * * * * * * * * * * * //


400
(
1.579740768e-06
-0.000545585098
-0.0008875465375
-0.001014955712
-0.000936038081
-0.0006831240221
-0.0002937753428
0.0001960043262
0.0007496748837
0.001326753174
0.001881617281
0.002361430571
0.002710809024
0.002876657769
0.002817437942
0.002515147913
0.001990246317
0.001299866097
0.0006410370184
4.520258647e-05
0.0005898541562
8.667520136e-06
-0.0003549739171
-0.0004972124656
-0.0004664929741
-0.0002893756621
4.778838004e-06
0.0003866925271
0.0008249483517
0.001282265076
0.001718792323
0.002083383831
0.002325683236
0.002398337853
0.002267479397
0.001924326364
0.001395611043
0.000746373171
0.0001488205092
-0.0005138122415
0.000954010487
0.0003097210165
-9.143733719e-05
-0.0002376699245
-0.0002314509001
-0.0001028663655
0.0001240445192
0.0004280038196
0.0007852901812
0.001163909058
0.001532011094
0.001835504825
0.002024452474
0.002050138693
0.001877433886
0.001496519588
0.0009313653103
0.0002385157509
-0.0004598602127
-0.001296749329
0.0009776757996
0.0002596404841
-0.0001905169911
-0.0003427258419
-0.0003518784974
-0.0002547755148
-7.206877359e-05
0.0001836405392
0.0004988107944
0.0008532017628
0.001205659313
0.001513233502
0.001715135899
0.001750839799
0.001571480813
0.001153672817
0.0005092319706
-0.0003151136759
-0.001230329576
-0.002380989944
0.0004820374433
-0.0002832997223
-0.0007620966544
-0.0009137103477
-0.0009346221296
-0.0008660543952
-0.0007229905864
-0.0005059016179
-0.0002145168641
0.0001419099905
0.0005329541396
0.0009103467009
0.001202872984
0.001329654849
0.001214284538
0.0008035687097
8.345671506e-05
-0.000913995217
-0.002123837655
-0.00365216509
-0.0006846732303
-0.001465319653
-0.001954243653
-0.002105184939
-0.002147822711
-0.002124298631
-0.002039720016
-0.001876896599
-0.001614598066
-0.001242413599
-0.0007758839395
-0.0002595434441
0.0002239976282
0.0005649230796
0.0006413354948
0.0003451141567
-0.0003893309264
-0.00156022461
-0.003130844197
-0.005137871515
-0.002659852771
-0.003421463594
-0.003913206995
-0.004078443727
-0.004175621076
-0.004244441136
-0.004275201107
-0.004225885899
-0.004044046045
-0.003685903617
-0.003136921789
-0.002422855446
-0.001629594308
-0.0008995380929
-0.000420945482
-0.0003948029372
-0.0009842944627
-0.002256519129
-0.004228505119
-0.006823845335
-0.005552623554
-0.006267485006
-0.00676566099
-0.006979440592
-0.007192582099
-0.007440168621
-0.007693530037
-0.007878253046
-0.007897912692
-0.007656114763
-0.007082701645
-0.006154788343
-0.004939077753
-0.003600303697
-0.002409506016
-0.001710203318
-0.001838940214
-0.003010707154
-0.005363987452
-0.008657532476
-0.009432316053
-0.01007862068
-0.01059538332
-0.01090742702
-0.0113225209
-0.01187200711
-0.01250693803
-0.01311486837
-0.01354263249
-0.01361789621
-0.01317682735
-0.01211543115
-0.01042243043
-0.008251171539
-0.005951220841
-0.004057076668
-0.003185548789
-0.003838523257
-0.006421825699
-0.01048678135
-0.01431348679
-0.01487248751
-0.01541937126
-0.0158783845
-0.01658585087
-0.0175754989
-0.01878181256
-0.02005339562
-0.02117139546
-0.0218670757
-0.02185063206
-0.02086547018
-0.01876526605
-0.01561374015
-0.01178912864
-0.008031845261
-0.005354800205
-0.004755300872
-0.007176340086
-0.01197424636
-0.02015037548
-0.02060066553
-0.02117075994
-0.02179250738
-0.0228474391
-0.02438514123
-0.02633338146
-0.0285071356
-0.03062051696
-0.03229602917
-0.03308754558
-0.03253296345
-0.03027491899
-0.02617148527
-0.02051819373
-0.01419781285
-0.008685989336
-0.005721483098
-0.007214301958
-0.01246138183
-0.02685182912
-0.02715770704
-0.02769807716
-0.02841823694
-0.02978399042
-0.03188333454
-0.03465244862
-0.03788254314
-0.04122624473
-0.04419694801
-0.04617981273
-0.04647050576
-0.04445501479
-0.03965237301
-0.03211391097
-0.0226922728
-0.01326073142
-0.006480643627
-0.005803664946
-0.01076034602
-0.03432973181
-0.0344133142
-0.0347846384
-0.0353995072
-0.03688639588
-0.03940395772
-0.04291332903
-0.047190312
-0.05183215995
-0.05625011842
-0.05967135302
-0.06118261404
-0.05977158701
-0.05464830726
-0.04543414379
-0.03269338471
-0.01844737614
-0.006240741427
-0.001669209822
-0.004869092647
-0.04260459002
-0.04227438309
-0.04219066208
-0.04229085396
-0.0435082558
-0.04611041165
-0.05009298591
-0.05521315295
-0.06100736242
-0.06678823066
-0.07163220009
-0.07440537514
-0.07382540825
-0.06866829763
-0.05806594171
-0.04205634135
-0.02243503067
-0.003252625887
0.007351265324
0.008345306847
-0.05200502705
-0.05075594861
-0.04967292491
-0.04857401079
-0.04892164421
-0.05111461676
-0.0551667092
-0.06078950842
-0.06742839209
-0.07428261698
-0.0802756603
-0.08406955839
-0.08412464492
-0.07883224571
-0.06683817312
-0.04751927718
-0.02212366472
0.005505342129
0.02471869408
0.03353038849
-0.06365079984
-0.0601844097
-0.05709282629
-0.05375999133
-0.05246100465
-0.05367528022
-0.05735948438
-0.06313229477
-0.07025628754
-0.07779465175
-0.08448659566
-0.08878038752
-0.08889358155
-0.08283566468
-0.06884753617
-0.04561809247
-0.01374914922
0.02441922273
0.05554188339
0.07735792614
-0.08018179399
-0.07107069258
-0.06411736063
-0.05716191428
-0.05342800772
-0.05321169871
-0.05625485789
-0.06190929328
-0.06925399957
-0.07711188379
-0.08400741597
-0.08814748489
-0.08747671568
-0.07965352884
-0.06247730488
-0.03404891806
0.005565707417
0.05859576988
0.1058244075
0.14806904
-0.1105038487
-0.08585148991
-0.07160398317
-0.05896935761
-0.05191174101
-0.04988102141
-0.05210015676
-0.05750563471
-0.06485596685
-0.07270469398
-0.07933635551
-0.08271027851
-0.08051701053
-0.06988481429
-0.04823082622
-0.01272160475
0.03823670535
0.1071327368
0.1779792906
0.2564770807
-0.1684346809
-0.09990622111
-0.07500690375
-0.05479690031
-0.04461799589
-0.04158405397
-0.04371597345
-0.0493791781
-0.05701428556
-0.06496762842
-0.07135864963
-0.07397742675
-0.070126979
-0.05701152889
-0.03102707127
0.0119302181
0.07559992263
0.1664045528
0.2761623004
0.4377046473
-0.3984260334
-0.1380975679
-0.07496928492
-0.04708770715
-0.03354875466
-0.03002911629
-0.03280063142
-0.03926271985
-0.04755593593
-0.05593620695
-0.06249729988
-0.06502679852
-0.06099273849
-0.04696743573
-0.01875510044
0.02993655329
0.1069563099
0.2334276909
0.4198805942
0.780023825
)


// ************************************************************************* //
