/*--------------------------------*- C++ -*----------------------------------*\
  =========                 |
  \\      /  F ield         | OpenFOAM: The Open Source CFD Toolbox
   \\    /   O peration     | Website:  https://openfoam.org
    \\  /    A nd           | Version:  13
     \\/     M anipulation  |
\*---------------------------------------------------------------------------*/
FoamFile
{
    format      ascii;
    class       vectorField;
    location    "33.4";
    object      U_all;
}
// * * * * * * * * * * * * * * * * * * * * * * * * * * * * * * * * * * * * * //


400
(
(1.098241879e-05 -3.784800457e-05 0)
(-0.0006661201684 0.0004130395785 -1.549759161e-23)
(-0.002185380222 0.000920392198 0)
(-0.004047831958 0.001312778208 0)
(-0.005971863301 0.001535062877 6.843406472e-25)
(-0.007762776043 0.001569846221 4.151338545e-24)
(-0.009284536142 0.001423563884 -7.366653662e-24)
(-0.01043593005 0.001119724606 7.537547505e-24)
(-0.01113680105 0.000696083393 -2.095929668e-25)
(-0.0113270978 0.000203077095 -3.995473371e-24)
(-0.01097176069 -0.0003002347858 5.804490486e-24)
(-0.01007231914 -0.0007475171208 -5.930259297e-23)
(-0.00867987465 -0.001075562051 -6.553394854e-23)
(-0.006902850261 -0.001233042516 -7.785037417e-23)
(-0.004910737412 -0.001192636529 4.574035594e-24)
(-0.002927233176 -0.0009619194328 -4.138388792e-24)
(-0.001205302379 -0.0005912119998 -1.999052227e-22)
(-1.907288247e-05 -0.0001698840122 0)
(0.000518150155 0.0001720847424 1.510854663e-25)
(0.0002227499533 0.0003059788238 -2.569160758e-24)
(-0.000263373853 0.000828946159 1.3842083e-25)
(-0.002703315091 0.003383828182 1.559529468e-23)
(-0.006907277095 0.005604488482 1.552931683e-25)
(-0.0119523095 0.007008194172 -8.490875535e-25)
(-0.01713502305 0.00755376231 1.161473398e-24)
(-0.02197532458 0.007294187818 1.306195001e-23)
(-0.02611072644 0.006321886459 1.395246966e-24)
(-0.02926561127 0.004754190074 -7.289100324e-24)
(-0.03122669358 0.002737152213 1.015600539e-23)
(-0.03184197307 0.000452408205 4.510947509e-24)
(-0.03102757865 -0.001884141159 -6.319838356e-24)
(-0.02879313411 -0.004023024388 2.961558624e-24)
(-0.02527135793 -0.005708347328 3.895899618e-23)
(-0.02073193163 -0.006707400861 -1.95499191e-24)
(-0.01558961782 -0.006854131868 3.754933817e-24)
(-0.01038513247 -0.006097458654 -9.742514507e-23)
(-0.005730275159 -0.004546184669 9.639231148e-23)
(-0.002233371625 -0.002507420275 -3.963739221e-25)
(-0.0001817790434 -0.0005023745767 4.063705448e-25)
(8.343407785e-05 0.0006099249644 0)
(-0.0004188251595 0.002935067489 -2.911625463e-25)
(-0.004647875006 0.008803994169 1.703658414e-23)
(-0.01137195101 0.01324039889 -8.26868242e-24)
(-0.01932726942 0.01579201508 -2.073057785e-25)
(-0.02747408123 0.01652997446 2.036562832e-25)
(-0.03511773877 0.01564439222 7.044835503e-27)
(-0.04171338816 0.01335995549 -1.227525099e-24)
(-0.04683565148 0.009919757745 -4.555834619e-25)
(-0.05014982245 0.005602429182 -1.063437319e-23)
(-0.05141225458 0.0007444254585 0)
(-0.05047787252 -0.00424176873 0)
(-0.04733700868 -0.008887170786 2.671389516e-23)
(-0.04215923302 -0.01268175073 2.813374113e-23)
(-0.03531433849 -0.01513603232 -1.646392437e-24)
(-0.02738993862 -0.01586187729 4.846631446e-23)
(-0.01917004634 -0.01467332677 9.420771078e-23)
(-0.01156090377 -0.01169359428 3.977221511e-23)
(-0.005465413449 -0.007450739477 4.146923306e-25)
(-0.001451102202 -0.0029360442 1.071157787e-25)
(-9.07282902e-05 0.0002258756752 0)
(-0.0005024636168 0.006045336774 -4.250441997e-23)
(-0.006402733428 0.01637072279 -1.693880216e-23)
(-0.01553500399 0.02355929197 8.195539613e-24)
(-0.02627908456 0.02744157968 0)
(-0.03728741532 0.02832097809 0)
(-0.047690307 0.0265876876 0)
(-0.0567965492 0.02263117352 -4.490105931e-26)
(-0.06405375007 0.01683607296 -2.13282875e-24)
(-0.069010721 0.009622175772 0)
(-0.07130818619 0.001491055065 1.636340296e-24)
(-0.07070844814 -0.006936486324 2.803332256e-25)
(-0.06713031548 -0.01493016092 -2.81118152e-25)
(-0.06069898802 -0.02166724793 0)
(-0.05180744986 -0.02631602197 4.134021338e-23)
(-0.04114987547 -0.0281606752 -4.682321364e-23)
(-0.02971967563 -0.02677369443 -2.762724192e-23)
(-0.01873715329 -0.0222152857 -3.962391769e-23)
(-0.009488024202 -0.01521921199 7.795868018e-25)
(-0.002976880522 -0.00729819277 9.78869896e-23)
(-0.000231880538 -0.0008661694279 0)
(-0.000531613403 0.01009499871 4.271112463e-23)
(-0.007983582891 0.0259521504 4.782818047e-25)
(-0.0193968468 0.03642876508 -4.673580047e-25)
(-0.03282377641 0.04185513715 0)
(-0.04664682235 0.0428947853 7.780559916e-25)
(-0.05985221172 0.04020068331 -7.672679624e-25)
(-0.07163281466 0.03434737377 3.671558653e-23)
(-0.08132740289 0.02585661412 1.8474421e-23)
(-0.08836589517 0.01527297391 6.23683239e-24)
(-0.09225457881 0.003246155068 -1.638246654e-24)
(-0.0926036853 -0.0094078075 0)
(-0.08917545105 -0.02167474074 4.371780362e-25)
(-0.08195970064 -0.0323674008 1.009400053e-23)
(-0.07126877755 -0.04021244704 -4.350100829e-23)
(-0.05782012842 -0.04402041071 1.933372625e-24)
(-0.04278578789 -0.04294824846 4.218804303e-23)
(-0.02775447849 -0.03683343604 -3.844210573e-25)
(-0.01455061181 -0.02652719042 0)
(-0.00485945968 -0.01408453827 5.436548578e-23)
(-0.0003641485147 -0.002846954113 -2.564907578e-22)
(-0.0005272210892 0.01499925205 9.83991955e-23)
(-0.009377913344 0.03739016208 -4.906521154e-25)
(-0.02288179629 0.05170214666 0)
(-0.03883038065 0.05894173837 0)
(-0.05538649035 0.06025565551 -8.731338724e-23)
(-0.07142866949 0.05661893163 -8.498343657e-23)
(-0.08606642871 0.04880162745 -4.066742147e-23)
(-0.09855073616 0.03743976772 -1.504000777e-23)
(-0.1081944006 0.02315982662 -5.367106979e-24)
(-0.1143443401 0.006709690381 -8.174009135e-24)
(-0.1164044902 -0.01093288808 6.600067194e-24)
(-0.1138936164 -0.02848939784 8.824766921e-24)
(-0.106548586 -0.04437039563 -1.892309352e-23)
(-0.09446794424 -0.05675326285 4.599729452e-24)
(-0.07826849174 -0.06378291168 0)
(-0.05922889781 -0.06393488704 -1.573679651e-23)
(-0.03933978282 -0.05653811028 -2.403889018e-26)
(-0.02114186936 -0.04235805748 0)
(-0.007318696608 -0.02398227937 -1.520478989e-22)
(-0.0005216160237 -0.005925543796 6.055926887e-22)
(-0.0004990814403 0.02064571131 -9.772886886e-23)
(-0.01052949634 0.05045430138 2.831821803e-22)
(-0.02582954221 0.06912501059 1.526781141e-22)
(-0.04402132766 0.07849246272 3.619034118e-24)
(-0.06310731264 0.08029465091 -7.31932105e-23)
(-0.08190395027 0.07588032963 9.042751314e-23)
(-0.09947751895 0.06621682935 -3.589976812e-24)
(-0.1150226076 0.05201690063 -1.729050789e-24)
(-0.1277517804 0.03392356546 2.523981432e-24)
(-0.1368471194 0.01270234334 7.381703469e-24)
(-0.1414709124 -0.01058778304 -6.499874802e-24)
(-0.1408246836 -0.03446017881 -9.786000255e-24)
(-0.1342744723 -0.05692763322 -3.261758247e-23)
(-0.1215449142 -0.07553306654 -3.660240552e-23)
(-0.1029671749 -0.08754250684 5.643432865e-25)
(-0.07976363012 -0.09039200434 0)
(-0.05426677861 -0.0824450611 0)
(-0.02987158395 -0.0639773156 -2.905802169e-24)
(-0.01066284216 -0.03798792041 2.970245578e-24)
(-0.00073509273 -0.01050088998 1.027870741e-22)
(-0.0004479156474 0.02687247002 0)
(-0.01134921944 0.06480747677 2.001976112e-22)
(-0.0280159665 0.08829604273 8.962065189e-23)
(-0.04799852203 0.1001233542 0)
(-0.06920594673 0.1027075199 1.569806193e-22)
(-0.09044363853 0.09781566768 0)
(-0.1107830579 0.0866109374 -1.428347779e-22)
(-0.1294092538 0.06983944227 6.515323142e-24)
(-0.1454770332 0.04808229575 0)
(-0.1580350472 0.02201756544 0)
(-0.1660132114 -0.007334395856 -1.374348419e-24)
(-0.168267025 -0.03838832323 -9.316138764e-25)
(-0.1637063463 -0.0688396603 1.491897389e-22)
(-0.1515207643 -0.09558264279 -4.704643865e-23)
(-0.1315133597 -0.1148297439 -2.560716174e-24)
(-0.1045595319 -0.122570223 1.53447424e-24)
(-0.07309344582 -0.1155516943 -1.558679469e-24)
(-0.04135018423 -0.09283108021 0)
(-0.01525229086 -0.05740763427 3.203677348e-24)
(-0.001044307848 -0.01714713434 -1.012879433e-21)
(-0.0003744665668 0.03346299849 0)
(-0.01175005139 0.07998907506 -1.128211617e-22)
(-0.02920705527 0.1086389457 -6.190990144e-22)
(-0.05031740868 0.123223238 -3.755226979e-22)
(-0.07296311481 0.1269095483 0)
(-0.09598952557 0.1219254284 4.119375504e-22)
(-0.118527258 0.1096347578 1.260889175e-22)
(-0.1398145412 0.09078238748 -5.581712968e-24)
(-0.1590220475 0.06581389908 5.554086488e-24)
(-0.1751459894 0.03520881794 0)
(-0.1869558867 -0.0001967022278 2.912079254e-23)
(-0.1930171547 -0.03889746421 4.695710404e-24)
(-0.1917808854 -0.07843877766 -1.076766488e-22)
(-0.1817873446 -0.1151864092 8.003799772e-23)
(-0.1620569552 -0.1442598062 -2.419662117e-22)
(-0.1327061266 -0.1598547224 0)
(-0.09577882699 -0.1563111616 0)
(-0.05601629716 -0.1302980092 0)
(-0.02147857757 -0.08381129131 0)
(-0.001500383203 -0.02665514551 5.57194339e-22)
(-0.0002873910823 0.04016072671 0)
(-0.0116935924 0.09543599419 -3.492937315e-22)
(-0.02924436952 0.1294072017 8.932637371e-22)
(-0.05060944719 0.1469297414 3.617101827e-22)
(-0.07370078787 0.1519746981 0)
(-0.09745146085 0.1472756482 -3.862478228e-22)
(-0.1211069237 0.1344190787 -3.174380299e-23)
(-0.144032412 0.1141392538 3.333063101e-22)
(-0.165514253 0.08670002931 1.769453614e-22)
(-0.1846247798 0.05229123969 -4.060106414e-23)
(-0.2001325084 0.01141720626 1.656820277e-23)
(-0.210462172 -0.03471416141 -8.265116596e-24)
(-0.2137207814 -0.08376552566 3.371814273e-22)
(-0.2078214799 -0.1318755006 0)
(-0.1908237869 -0.1732754639 2.420831103e-22)
(-0.1616335137 -0.2002591844 5.774514017e-24)
(-0.1211662204 -0.2040120244 -5.860629102e-24)
(-0.07384986555 -0.1772118749 1.548359739e-22)
(-0.02971785367 -0.1188641548 -5.435188693e-24)
(-0.002179543641 -0.04005396202 0)
(-0.0002117214834 0.04671634778 0)
(-0.01125001282 0.1105496882 0)
(-0.02815624444 0.149735334 -5.022677789e-22)
(-0.04874478797 0.1701515788 -1.880972341e-23)
(-0.07100085525 0.1766255393 2.038352646e-23)
(-0.09399449834 0.1724524981 -2.014285451e-23)
(-0.1171434096 0.1594869789 -2.316857628e-23)
(-0.1400179283 0.1384804281 -3.029785403e-22)
(-0.162132867 0.1095160338 6.698607894e-23)
(-0.1827958828 0.07245187384 4.513125835e-23)
(-0.2009835358 0.02734933169 -4.577667936e-23)
(-0.2152270066 -0.02508689974 0)
(-0.2235561998 -0.08298340661 -7.839471849e-23)
(-0.2234631947 -0.1427256026 0)
(-0.2120679137 -0.1981819402 -3.739516593e-22)
(-0.186743422 -0.2400772122 5.244865898e-22)
(-0.146443798 -0.2560771862 0)
(-0.09394565162 -0.2331208154 -1.493908561e-22)
(-0.04021999639 -0.1639612728 1.937462514e-22)
(-0.003201098739 -0.05861059813 -3.411442337e-22)
(-0.000201542611 0.05297580087 0)
(-0.01067262654 0.1248171174 9.182783486e-22)
(-0.02628448077 0.1687422946 -2.440659718e-23)
(-0.04501109588 0.1916453348 9.19325323e-22)
(-0.06494599499 0.1992919324 -2.512060598e-23)
(-0.08536630732 0.1956102816 2.838817953e-23)
(-0.1059305895 0.1827885681 -2.812904253e-23)
(-0.1264924471 0.1616582747 -1.660904731e-23)
(-0.1468997175 0.1321761958 -5.260188755e-22)
(-0.1668458527 0.0938964726 -8.906561928e-24)
(-0.1857303424 0.04640580556 9.660128674e-24)
(-0.2024782091 -0.01023777427 3.313058286e-22)
(-0.2154154987 -0.07499810506 -5.820698432e-22)
(-0.2220210013 -0.1450310656 0)
(-0.2188032287 -0.2146759277 8.887238098e-22)
(-0.2016257575 -0.2740014967 -4.940803867e-22)
(-0.1668639127 -0.3075810462 -1.572196245e-23)
(-0.114021997 -0.2953810529 0)
(-0.05288481031 -0.2195801549 -1.890097687e-22)
(-0.004749186729 -0.08377273935 3.360501624e-22)
(-0.000364200472 0.05902313357 1.550997281e-23)
(-0.01049575291 0.1379880391 -8.764115173e-22)
(-0.02441392289 0.1856802581 -1.157050329e-21)
(-0.0402672844 0.210138307 -8.628907359e-22)
(-0.05630734685 0.2182347288 0)
(-0.07214862562 0.2146188872 3.513779062e-23)
(-0.08779228492 0.2018790895 -7.294814101e-23)
(-0.103456356 0.1810004944 5.867845037e-23)
(-0.1193984718 0.151899698 3.021346213e-22)
(-0.1357932455 0.1139150684 -1.128189079e-23)
(-0.152608327 0.06621429326 0)
(-0.169452233 0.008177272473 -3.603908308e-22)
(-0.185276151 -0.06015978897 7.515628581e-22)
(-0.1980449335 -0.1372745994 8.831659725e-22)
(-0.2043546928 -0.2189260759 -5.296584751e-22)
(-0.1990978075 -0.2959711684 5.162648143e-22)
(-0.1760605577 -0.3514071286 1.078206688e-23)
(-0.1300890695 -0.3584149504 -1.095521307e-23)
(-0.06688802985 -0.2843275474 -8.216175528e-23)
(-0.007083318869 -0.1169963971 0)
(-0.000909579869 0.06540038037 -1.911473774e-23)
(-0.01167593557 0.1502815473 -1.326957334e-21)
(-0.02388885979 0.2000658234 1.094229242e-21)
(-0.03601346377 0.2244215477 6.734886699e-22)
(-0.04657316527 0.2316586799 6.014593564e-22)
(-0.0557704786 0.2272392461 6.64391589e-22)
(-0.06411256414 0.2141773959 -4.458651173e-23)
(-0.07227573377 0.1936493839 -3.46131875e-22)
(-0.08096985506 0.1656028151 2.15215183e-22)
(-0.09087205426 0.129270753 0)
(-0.1025548789 0.08353087 0)
(-0.1163623484 0.02720017262 2.655386478e-22)
(-0.1321590835 -0.04061998228 8.194331907e-23)
(-0.1489253491 -0.1200127461 -2.821604399e-22)
(-0.1641285293 -0.2089299798 -5.411245787e-23)
(-0.172787841 -0.3006991561 1.301950823e-22)
(-0.1670311834 -0.3793328084 -3.400461526e-22)
(-0.1365292701 -0.4136450914 -1.59425863e-23)
(-0.08018250702 -0.3538325265 8.204947033e-23)
(-0.01050762262 -0.1594130116 -6.032243147e-22)
(-0.002260500756 0.07348881092 0)
(-0.01580357815 0.1626521057 2.145862052e-21)
(-0.02665047327 0.2117903673 0)
(-0.03422347034 0.2333946041 -1.351799822e-21)
(-0.03759408371 0.2377765614 6.184063804e-23)
(-0.03799697193 0.2312552484 -6.193056072e-22)
(-0.03668279416 0.2171898247 -4.756258577e-22)
(-0.03489050969 0.196893407 8.301211664e-22)
(-0.03378853222 0.1703342295 -1.885688727e-22)
(-0.03449891979 0.1367221288 0)
(-0.03811588129 0.09479678112 0)
(-0.04565007393 0.04304292657 2.410618539e-23)
(-0.05790818528 -0.02013774353 -6.007175358e-22)
(-0.07514611694 -0.09620643216 -4.309549142e-22)
(-0.0964518663 -0.185555549 4.637843149e-22)
(-0.1183463577 -0.2853567097 -6.488692314e-22)
(-0.1332716092 -0.3838385825 9.119902769e-23)
(-0.1265351407 -0.4504357962 2.937768773e-23)
(-0.08899155526 -0.4198535634 5.660482711e-22)
(-0.01526918012 -0.2111719321 6.020875732e-22)
(-0.005180901497 0.08598044705 0)
(-0.02525552899 0.1766290726 1.465579937e-22)
(-0.03483412998 0.220596079 -4.917119064e-23)
(-0.03640021918 0.2354858416 7.642887479e-22)
(-0.03018493923 0.2343405807 -7.00533751e-22)
(-0.0191659268 0.2241603059 4.74645528e-23)
(-0.005615298526 0.208352524 -1.018605226e-22)
(0.008569449302 0.1881240755 -3.389871486e-22)
(0.02179869823 0.1633911217 2.062813635e-22)
(0.03262765309 0.1333242931 0)
(0.03958442991 0.09664090149 0)
(0.04116998614 0.05174061662 -2.902657342e-22)
(0.03578470213 -0.003255340857 0)
(0.02198172277 -0.07058355214 -5.512167915e-22)
(-0.00126495583 -0.1525734994 -1.492368634e-23)
(-0.03310479129 -0.2505949388 2.559716879e-23)
(-0.06909243207 -0.3599341071 2.203102901e-22)
(-0.09227831839 -0.457542409 4.788335239e-24)
(-0.08718091884 -0.4698128924 -5.789453747e-22)
(-0.02103127351 -0.2698971977 0)
(-0.01111631652 0.1085974957 0)
(-0.04248903631 0.1947151451 -8.84843997e-22)
(-0.04795533288 0.2258195047 -5.411017239e-22)
(-0.0391954325 0.2282134931 4.543794857e-22)
(-0.01877840463 0.2182327466 -1.709985676e-24)
(0.007664187867 0.202821975 -4.561025351e-23)
(0.0366797909 0.1847619315 5.696651787e-22)
(0.06582983297 0.1647117949 -2.766877553e-23)
(0.09327115318 0.1423128126 -2.069772478e-22)
(0.1173890088 0.1166275083 3.142200683e-23)
(0.1365460253 0.08641146899 -3.42590446e-23)
(0.1489667949 0.05017673063 -3.690581752e-23)
(0.1525274602 0.006159211585 3.205622658e-22)
(0.1449366001 -0.04796122722 6.119584731e-22)
(0.1235158899 -0.1153052538 -5.101150479e-22)
(0.08633526066 -0.2004195356 -1.616040153e-22)
(0.03199082844 -0.3067806363 1.531325919e-22)
(-0.02362127764 -0.4239836913 7.293676817e-23)
(-0.06492414923 -0.4871612525 1.913295116e-21)
(-0.02509971958 -0.3291544538 2.954995425e-21)
(-0.02004680406 0.1460727455 -4.39019493e-23)
(-0.06416407044 0.2112955814 4.417367602e-23)
(-0.05070233128 0.217730027 1.000184623e-21)
(-0.01934102188 0.2014679641 -8.27051462e-24)
(0.02414457604 0.1809075774 0)
(0.07154112425 0.1606932957 4.36369813e-23)
(0.1190702267 0.1416495182 -2.273839696e-22)
(0.1644766083 0.1233181627 -9.027908069e-23)
(0.2062249869 0.1048117237 3.680715963e-23)
(0.2429641761 0.0850714083 -1.701648476e-23)
(0.2732206398 0.06296149508 3.429957753e-23)
(0.2952535053 0.03726296382 -6.592656892e-23)
(0.3066970138 0.006535096919 -9.303880335e-23)
(0.3049737532 -0.03087767269 1.517037295e-22)
(0.2863935611 -0.07786288655 0)
(0.2470567574 -0.1399300208 1.505590947e-22)
(0.1810921821 -0.2266299678 2.560016027e-22)
(0.09604447147 -0.3443894856 0)
(-0.006697631692 -0.455221012 -3.675640584e-21)
(-0.01922408458 -0.3777537497 -2.892624768e-21)
(-0.02591951124 0.2276828853 -9.514195592e-22)
(-0.03998324328 0.2238216565 -1.388972721e-22)
(0.03656136631 0.1810585318 -2.335572046e-22)
(0.1090502895 0.1451058968 -1.193737281e-22)
(0.1817190865 0.117244532 -4.29580331e-23)
(0.2490090214 0.09627905794 9.783112819e-23)
(0.310033602 0.08002508863 -1.408582896e-22)
(0.3646208532 0.06656814311 1.297168092e-22)
(0.4126251632 0.05449178527 -8.620077587e-23)
(0.4536249437 0.04270895222 1.132188199e-25)
(0.4867877913 0.03032299265 1.527735713e-23)
(0.5107450646 0.01652903073 7.997174956e-23)
(0.5236596861 0.0005365272552 -1.811116865e-22)
(0.5231797556 -0.01863371996 -1.617139417e-22)
(0.505232308 -0.04286477942 -4.262909304e-23)
(0.465871484 -0.07633230543 0)
(0.3952696322 -0.1286089363 -1.846488672e-22)
(0.2916070915 -0.2208468091 8.148774774e-22)
(0.1197455025 -0.3525016896 1.631603436e-21)
(0.02670547059 -0.3775497966 2.17265683e-21)
(0.2142894491 0.1347447221 9.864979551e-22)
(0.277631125 0.09870503759 0)
(0.4316592363 0.05810414957 -2.594311527e-22)
(0.5304749383 0.0384626491 -1.741657616e-22)
(0.6016965709 0.02623418954 0)
(0.6571198818 0.01831923278 -6.00904764e-23)
(0.7015213369 0.01313600684 6.377956196e-23)
(0.7376042196 0.009542125523 -1.800144848e-23)
(0.7669368076 0.006804463818 2.885956584e-23)
(0.7902106344 0.004464745101 2.315021274e-23)
(0.8074554702 0.002221321819 0)
(0.8182621103 -0.0001500725517 -2.87302119e-23)
(0.8216499533 -0.002723845761 0)
(0.8162394088 -0.00571266675 2.738128716e-23)
(0.7991333098 -0.009611381701 1.421670239e-23)
(0.7679986335 -0.01500255074 -5.799425306e-23)
(0.7106555762 -0.02502520002 -2.535667529e-22)
(0.6235183984 -0.04204285465 -6.918110631e-22)
(0.4230091018 -0.09182968141 0)
(0.2705674687 -0.1524021844 -2.119484672e-21)
)


// ************************************************************************* //
