/*--------------------------------*- C++ -*----------------------------------*\
  =========                 |
  \\      /  F ield         | OpenFOAM: The Open Source CFD Toolbox
   \\    /   O peration     | Website:  https://openfoam.org
    \\  /    A nd           | Version:  13
     \\/     M anipulation  |
\*---------------------------------------------------------------------------*/
FoamFile
{
    format      ascii;
    class       vectorField;
    location    "6.14";
    object      U_all;
}
// * * * * * * * * * * * * * * * * * * * * * * * * * * * * * * * * * * * * * //


400
(
(-5.887620244e-06 -9.454638415e-06 0)
(-0.0006395246384 0.0003921229329 -1.272826363e-23)
(-0.001991677548 0.0008323871651 0)
(-0.003634826563 0.001170376923 0)
(-0.005325984286 0.001360519383 3.76131289e-25)
(-0.00690347997 0.001388522909 3.826317621e-24)
(-0.008254969681 0.001260261903 3.901949029e-24)
(-0.009296981162 0.0009954447247 1.978128855e-23)
(-0.009962247319 0.0006251771559 -3.195471366e-25)
(-0.01019733726 0.0001907597644 -5.749768749e-24)
(-0.009967016916 -0.0002582529315 7.869376786e-24)
(-0.009263405836 -0.0006662332106 -7.740077569e-23)
(-0.008117291746 -0.000977673123 -8.670698146e-23)
(-0.006607967933 -0.001145100481 -1.018618579e-22)
(-0.004868943318 -0.001139318124 6.285649377e-24)
(-0.003085847314 -0.0009598272331 -6.141145467e-24)
(-0.00148316811 -0.00064194179 -3.498982014e-22)
(-0.0002960227583 -0.0002566779733 0)
(0.0003246626546 7.044188063e-05 8.932194568e-25)
(0.0001717197938 0.0002340938418 -1.004874285e-22)
(-0.0002348388067 0.0007860609018 1.134456033e-25)
(-0.002389030219 0.00302275254 1.281999393e-23)
(-0.006047824778 0.004929275006 1.168318429e-25)
(-0.01042522968 0.006128714238 -4.823193967e-25)
(-0.01492266571 0.006597528652 5.563921815e-25)
(-0.01914054422 0.006384533944 3.286127178e-24)
(-0.02277898078 0.005567542815 1.145256804e-23)
(-0.02560922096 0.004241695947 -1.924131615e-23)
(-0.02745008006 0.002522941537 1.68826655e-23)
(-0.02816311854 0.0005550992509 6.529159459e-24)
(-0.02766078736 -0.001486008557 -8.57455597e-24)
(-0.02592677867 -0.003395834072 1.814964306e-24)
(-0.02304187964 -0.00495423341 4.896831156e-23)
(-0.01920518137 -0.005951114836 -2.839430582e-24)
(-0.01474635644 -0.006222776391 5.673896368e-24)
(-0.01011759752 -0.005695378997 -1.730691308e-22)
(-0.005855333077 -0.004428328852 1.761612037e-22)
(-0.002511449061 -0.002651135678 -1.859861938e-24)
(-0.0004256484682 -0.0008086623466 1.906753253e-24)
(3.218290537e-05 0.0003822379432 0)
(-0.0003539038602 0.002614114696 -2.259007381e-25)
(-0.003991473752 0.007686735157 1.06802994e-23)
(-0.009754685659 0.01147679741 -8.448884058e-24)
(-0.01657881341 0.01365710222 -8.283663257e-26)
(-0.02358667255 0.01430879002 8.137757994e-26)
(-0.03020002935 0.01359843216 2.772163869e-25)
(-0.03596645994 0.01171201773 -1.093112923e-23)
(-0.04052987212 0.008842849955 -1.135164036e-24)
(-0.04360232983 0.005207463196 -1.768595337e-23)
(-0.04495817103 0.001068089217 0)
(-0.04444770745 -0.003250065145 0)
(-0.04202589939 -0.007358365601 3.752664273e-23)
(-0.03778982576 -0.01082118932 3.973157828e-23)
(-0.03201354738 -0.01320006636 -2.608677134e-24)
(-0.02516867528 -0.01412203411 8.416739868e-23)
(-0.0179162257 -0.01336957556 1.676461979e-22)
(-0.01105214003 -0.01098062716 1.279808659e-22)
(-0.005399208608 -0.007342554942 3.40276993e-24)
(-0.001550414154 -0.003264767216 -1.47921645e-24)
(-0.0001034519455 -0.0001095689182 0)
(-0.0004128602246 0.005261175301 -2.751360405e-23)
(-0.005417924465 0.01411531574 -1.05267501e-23)
(-0.0131752575 0.02024884348 8.337454098e-24)
(-0.02233180039 0.02358305544 0)
(-0.03175750719 0.02439894515 0)
(-0.04072735151 0.0230306719 0)
(-0.04866438455 0.01979692554 -4.191544751e-25)
(-0.05510156849 0.01499896855 5.927306516e-24)
(-0.0596453073 0.008957143748 0)
(-0.06196747078 0.002056838636 4.357811395e-24)
(-0.06182385059 -0.005214157162 4.634766973e-25)
(-0.05909256272 -0.01225205894 -4.647746439e-25)
(-0.05382771195 -0.01835262062 0)
(-0.04631591412 -0.02277193137 7.580459661e-23)
(-0.03711857161 -0.02483265431 -8.156755846e-23)
(-0.02708070996 -0.02407726275 -7.241237588e-23)
(-0.01727744027 -0.0204514137 -1.293562374e-22)
(-0.008876148212 -0.01448188888 6.534077944e-25)
(-0.002859627192 -0.007392711366 -2.013758295e-23)
(-0.0002161666177 -0.001218075346 0)
(-0.0004330455796 0.008674895656 2.765710317e-23)
(-0.006727553224 0.02221252797 5.270302896e-25)
(-0.01640329192 0.03116287966 -5.14992878e-25)
(-0.02783892993 0.03586042988 0)
(-0.03968058205 0.0368868435 5.303385158e-25)
(-0.05108111479 0.03479279467 -5.229840703e-25)
(-0.06136310315 0.03004365041 2.0395328e-23)
(-0.06996222725 0.02304166552 -3.767271671e-26)
(-0.07637575507 0.01419385413 -4.360953125e-25)
(-0.08014863734 0.003991659522 -4.362886673e-24)
(-0.08089507029 -0.006920589767 0)
(-0.07834730325 -0.01770810484 9.366987707e-25)
(-0.07243196234 -0.02734789629 2.978248643e-23)
(-0.06336150645 -0.03469920913 -8.030974629e-23)
(-0.05171867337 -0.03864847468 4.501423552e-24)
(-0.03851065253 -0.03834298497 1.34544676e-22)
(-0.02514438995 -0.03349527168 -1.905967499e-24)
(-0.01327043815 -0.02469545945 0)
(-0.004473123362 -0.01360845009 4.233713505e-23)
(-0.0003210280995 -0.00306985122 -1.122657681e-22)
(-0.0004346206637 0.01281191346 9.841472415e-23)
(-0.007945435513 0.0319072419 -5.183039546e-25)
(-0.01945328709 0.04417405329 0)
(-0.03311329846 0.05049940107 0)
(-0.04738267374 0.05186543644 -7.262529699e-23)
(-0.06132174983 0.04908679678 -6.556584445e-23)
(-0.07417934429 0.04278162164 -2.2590533e-23)
(-0.08531029629 0.03343048098 -4.666725273e-24)
(-0.09410180541 0.02148750441 5.835737768e-25)
(-0.09994759475 0.007506017253 -2.923461858e-24)
(-0.1022686268 -0.00774766845 5.853676148e-25)
(-0.1005703262 -0.02321583883 -2.967286988e-24)
(-0.0945458369 -0.03751890988 -1.287125701e-23)
(-0.08421530503 -0.04901731135 -4.735628406e-23)
(-0.07007611138 -0.05598452601 0)
(-0.05324148819 -0.05693278876 -6.6219186e-23)
(-0.0354915933 -0.051088372 1.689040273e-24)
(-0.01913034774 -0.03893017978 0)
(-0.006638714462 -0.02256765424 -2.07446438e-23)
(-0.0004522116006 -0.005878098985 2.992374388e-22)
(-0.0004259120103 0.01762240287 -9.77167732e-23)
(-0.009050033789 0.04309849248 2.579887927e-22)
(-0.02225098791 0.05918109105 1.369372785e-22)
(-0.0380176411 0.06744396315 3.101772373e-24)
(-0.05465993023 0.0693643699 -6.22976747e-23)
(-0.07118362687 0.06606520894 6.955994575e-23)
(-0.08679839925 0.05831659194 -2.713277673e-24)
(-0.1008046694 0.0466408595 -1.078415107e-24)
(-0.1124913514 0.03147780768 1.506614426e-24)
(-0.1210909498 0.0133685812 2.494186235e-24)
(-0.1257921995 -0.006869846439 -7.825565255e-25)
(-0.1257984465 -0.02800112013 3.21505039e-24)
(-0.1204550718 -0.04828726705 -2.595741646e-23)
(-0.1094411976 -0.06550093847 5.340567473e-23)
(-0.09300407755 -0.07709791723 -1.292000721e-24)
(-0.07222751057 -0.08062389349 0)
(-0.04923202851 -0.07440713173 0)
(-0.0271260813 -0.05846184165 -6.243663895e-25)
(-0.009678056494 -0.03525153038 6.382327385e-25)
(-0.0006416549428 -0.01002284328 8.449322283e-23)
(-0.0004068834146 0.02302781669 0)
(-0.009981067174 0.0556158833 1.746466467e-22)
(-0.02464209674 0.07598106825 7.802567752e-23)
(-0.04227154127 0.08651151449 0)
(-0.06107940968 0.08926939558 1.319003023e-22)
(-0.08006064043 0.08572926107 0)
(-0.09842934478 0.07681033551 -1.11567889e-22)
(-0.1154728926 0.06303314452 4.865819847e-24)
(-0.1304166541 0.04474671134 0)
(-0.1423531308 0.02238029365 0)
(-0.1502329331 -0.003308256351 -7.568921037e-25)
(-0.1529188167 -0.0310006731 -2.979648043e-25)
(-0.1493176733 -0.05866069788 6.5585939e-23)
(-0.1386063228 -0.08344137352 -3.759960137e-23)
(-0.1205582985 -0.1017978865 -1.227058748e-25)
(-0.09597413672 -0.1099168783 -7.894833562e-25)
(-0.06712492605 -0.1046275188 8.019226549e-25)
(-0.03795555678 -0.08482794674 0)
(-0.01397088279 -0.05299133045 1.790241269e-24)
(-0.0009267275475 -0.01607537983 -6.334472262e-22)
(-0.0003766976178 0.0289078329 0)
(-0.01066551127 0.06919117377 -1.032094925e-22)
(-0.02643049902 0.09422730338 -5.482536889e-22)
(-0.04549986316 0.1073281238 -3.272088469e-22)
(-0.06602979431 0.1112278351 0)
(-0.08704894545 0.1078002577 3.410290256e-22)
(-0.1078259778 0.09811759258 9.845590876e-23)
(-0.1276925269 0.08266039115 -4.2007001e-24)
(-0.1458744835 0.06161040464 4.179910927e-24)
(-0.161390788 0.03517455321 0)
(-0.1730088897 0.003913227679 2.116853899e-23)
(-0.1792831306 -0.03093849497 2.960600102e-24)
(-0.1786585546 -0.0671826606 -5.813190726e-23)
(-0.1696871299 -0.1014379776 3.376921942e-23)
(-0.1514205834 -0.1290857774 -1.281027776e-22)
(-0.1239976002 -0.1445936305 0)
(-0.08941202235 -0.1425337123 0)
(-0.05219426884 -0.1196150328 0)
(-0.01994494912 -0.07744091106 0)
(-0.001358429 -0.02483526656 3.597182068e-22)
(-0.0003405081187 0.03510403485 0)
(-0.01105667263 0.08345818112 -3.105092035e-22)
(-0.02744797584 0.1134106334 7.907858841e-22)
(-0.04732876946 0.129280724 3.150807666e-22)
(-0.06883809242 0.1345636293 0)
(-0.09107948069 0.1315908654 -3.200615326e-22)
(-0.1134283994 0.1216087389 -2.580596247e-23)
(-0.1353302703 0.105041091 2.698424803e-22)
(-0.1561034619 0.08184717507 1.410577388e-22)
(-0.1748092874 0.05191396332 -3.203796337e-23)
(-0.1901738272 0.01545791166 1.440303551e-23)
(-0.2005682308 -0.02656961815 -5.972758899e-24)
(-0.2040635938 -0.07204950672 2.536495361e-22)
(-0.1985858097 -0.1173188951 0)
(-0.1822725781 -0.1568303026 1.281645693e-22)
(-0.1541590461 -0.1831707169 2.336037949e-24)
(-0.1152743145 -0.187898568 -2.370893833e-24)
(-0.07001627044 -0.1640119718 4.575221157e-23)
(-0.02803880009 -0.1104382486 -2.230092727e-24)
(-0.002014913424 -0.03736383656 0)
(-0.0003180039226 0.04145262469 0)
(-0.01119063006 0.09799314569 0)
(-0.02765612409 0.1328797956 -4.451400061e-22)
(-0.04753094162 0.1515053521 -1.661000382e-23)
(-0.06895907234 0.1582283971 1.745048659e-23)
(-0.09115881072 0.1559141914 -1.724443016e-23)
(-0.1136649044 0.1460299962 -1.913750246e-23)
(-0.1361118503 0.1289621552 -2.448096231e-22)
(-0.1580210328 0.1044363985 6.041378046e-23)
(-0.1786520383 0.0719665891 3.553246823e-23)
(-0.1968913526 0.03130955914 -3.563807479e-23)
(-0.2111644235 -0.01706518231 0)
(-0.2194165398 -0.07145608522 -4.452876391e-23)
(-0.2191223088 -0.1283296061 0)
(-0.2074898241 -0.1816683228 -2.869010476e-22)
(-0.1820983473 -0.2224248058 3.728408437e-22)
(-0.1421803002 -0.2387055091 0)
(-0.09073493299 -0.218059468 -4.353209847e-23)
(-0.03859353893 -0.1536649458 8.254760802e-23)
(-0.003020504975 -0.05499940688 -2.295916804e-22)
(-0.0003571990572 0.04785771655 0)
(-0.01126371366 0.1124080632 8.268579678e-22)
(-0.02727589845 0.1519114839 -2.184971352e-23)
(-0.04620598314 0.1729254444 8.219069715e-22)
(-0.0662151286 0.1808135064 -2.21606184e-23)
(-0.08669102489 0.1790734076 2.435830558e-23)
(-0.107386857 0.1694659817 -2.413593953e-23)
(-0.128201718 0.1523991065 -1.396744221e-23)
(-0.1489695057 0.1274111327 -4.425514628e-22)
(-0.1693100235 0.09366031081 -7.456968473e-24)
(-0.1885000624 0.05040033768 8.071208686e-24)
(-0.2053396512 -0.002536692782 2.843027452e-22)
(-0.2180061483 -0.06419314161 -4.874352753e-22)
(-0.2239023381 -0.1317101677 0)
(-0.2196064342 -0.1993715449 7.194722841e-22)
(-0.2011909734 -0.2573119894 -3.515530172e-22)
(-0.1654028366 -0.2904834511 -1.115571534e-23)
(-0.1122094209 -0.2796455029 0)
(-0.05161211544 -0.2079909291 -7.968404574e-23)
(-0.004568824258 -0.0793137046 2.264210669e-22)
(-0.0005601838265 0.05442316372 1.398867574e-23)
(-0.01173869985 0.1265053291 -7.89180683e-22)
(-0.02693244765 0.1698304265 -1.053992935e-21)
(-0.04395792157 0.1923418509 -7.715053272e-22)
(-0.0610200189 0.2006352212 0)
(-0.07778353664 0.1989618279 3.079554491e-23)
(-0.09430616688 0.1894590853 -6.365524128e-23)
(-0.1108287794 0.1726387041 5.091752963e-23)
(-0.127586236 0.1479444634 2.575302637e-22)
(-0.1446834357 0.114269016 -9.756247816e-24)
(-0.1619763653 0.07041577127 0)
(-0.1789244977 0.01553792771 -3.085788985e-22)
(-0.1943463898 -0.05035494752 6.592462191e-22)
(-0.2061166822 -0.1256312822 7.881442922e-22)
(-0.2108027372 -0.2058209024 -4.428721758e-22)
(-0.2034365665 -0.2816258294 4.449243239e-22)
(-0.1781417867 -0.3362220284 6.88171525e-24)
(-0.1303549348 -0.3435553862 -6.992256607e-24)
(-0.06633286783 -0.272441186 -1.783221629e-22)
(-0.006934389295 -0.1119379681 0)
(-0.001132565738 0.06166713114 -1.745749646e-23)
(-0.01349272859 0.1404714704 -1.22471513e-21)
(-0.02778808577 0.1861246464 9.972342501e-22)
(-0.04199522008 0.2085110373 6.201520397e-22)
(-0.05445898674 0.2158355888 5.508209766e-22)
(-0.06534551403 0.2132288159 6.030893511e-22)
(-0.07516040977 0.2032588252 -3.964569281e-23)
(-0.08457302079 0.1866040312 -3.107736779e-22)
(-0.09427330628 0.1627133558 1.930534241e-22)
(-0.1049014916 0.130344541 0)
(-0.1169711273 0.08799150957 0)
(-0.1307477376 0.03423657159 2.430108992e-22)
(-0.1460041693 -0.03186847023 8.866505553e-23)
(-0.1616335655 -0.1102221934 -2.347955038e-22)
(-0.1750286602 -0.1984429077 -4.917397914e-23)
(-0.1812233287 -0.2895009401 1.426242001e-22)
(-0.1725129534 -0.3673048034 -2.879738588e-22)
(-0.1391172964 -0.4011640794 -5.821493851e-23)
(-0.0806458079 -0.3429176621 1.780784081e-22)
(-0.01043606538 -0.1541916943 -6.638628734e-22)
(-0.002489899443 0.07089958229 0)
(-0.018020811 0.1551309512 1.991446341e-21)
(-0.03157464288 0.2005434086 0)
(-0.04196532367 0.2201850203 -1.256835971e-21)
(-0.04795157581 0.2244571629 6.837898596e-23)
(-0.05062419583 0.2194442109 -5.619433685e-22)
(-0.05115897269 0.2081024342 -4.357744847e-22)
(-0.05075057427 0.1912571928 7.516988837e-22)
(-0.0505576059 0.1684110719 -1.689128776e-22)
(-0.05171939451 0.13829624 0)
(-0.05534949575 0.0992719736 0)
(-0.06248483355 0.049577471 2.775001131e-23)
(-0.07393431457 -0.01245763155 -5.550003616e-22)
(-0.08993324691 -0.08813910957 -3.985652358e-22)
(-0.1094994695 -0.1775253979 4.42929148e-22)
(-0.12907174 -0.277336339 -5.911785811e-22)
(-0.1410087851 -0.3754287489 6.730407352e-23)
(-0.1310080349 -0.4412718306 7.360667072e-23)
(-0.09052624259 -0.4110844199 5.847775971e-22)
(-0.0153127161 -0.2063617868 6.626117973e-22)
(-0.005380828298 0.08468084658 0)
(-0.02756224213 0.1717662877 1.519318806e-22)
(-0.04014498821 0.2125629157 -4.648230631e-23)
(-0.04494706773 0.2255368087 7.166307662e-22)
(-0.04177963547 0.224003937 -6.530850403e-22)
(-0.03336886248 0.2148484792 4.411633292e-23)
(-0.02184515862 0.2011590609 -1.001692681e-22)
(-0.009003785563 0.1837340951 -3.089315089e-22)
(0.003567958191 0.1620645328 1.912551039e-22)
(0.01434356213 0.1349087505 0)
(0.0217738281 0.1006352667 0)
(0.02423604351 0.05740003045 -2.713355061e-22)
(0.02003926006 0.003221070783 0)
(0.007651196199 -0.06407600081 -5.336501864e-22)
(-0.01397011762 -0.1465732157 -4.598157054e-24)
(-0.04388859433 -0.2452150659 2.450011199e-23)
(-0.07729650806 -0.3547978272 1.936611744e-22)
(-0.09756698744 -0.4517837484 5.661992775e-24)
(-0.08949646612 -0.4638523944 -5.996702134e-22)
(-0.02121027473 -0.2660795817 0)
(-0.01122335489 0.1084964078 0)
(-0.04437806768 0.1924528159 -8.420883343e-22)
(-0.0526218362 0.2210646211 -5.245967695e-22)
(-0.04701942474 0.2216691333 4.409236178e-22)
(-0.02968495633 0.2110128304 -1.93055904e-24)
(-0.005922380018 0.1960574762 -4.352952343e-23)
(0.02103551203 0.1793684559 5.338672339e-22)
(0.04888074538 0.1613189496 -2.580201621e-23)
(0.07579693132 0.1411926789 -1.915805368e-22)
(0.1001027941 0.1177352507 2.947846983e-23)
(0.1200467613 0.08940911915 -3.23910351e-23)
(0.1336881784 0.05450456576 -3.537539402e-23)
(0.138740772 0.01114052781 3.094943165e-22)
(0.1327394038 -0.04302482759 5.931618797e-22)
(0.1129205066 -0.110972031 -4.983435408e-22)
(0.07729502603 -0.1969431339 -1.645021052e-22)
(0.02506361859 -0.3039407674 1.472072487e-22)
(-0.02839025094 -0.4212277828 7.231984853e-23)
(-0.06744120169 -0.4840064614 1.899506232e-21)
(-0.02539354157 -0.3267282241 2.938273287e-21)
(-0.01997764501 0.1467211795 -4.287222257e-23)
(-0.06501363409 0.2109514092 4.313769204e-23)
(-0.05344210179 0.2156923737 9.776730256e-22)
(-0.02455430187 0.1979476549 -2.17966771e-24)
(0.01627418801 0.1766032866 0)
(0.06118578211 0.1563883862 4.184270764e-23)
(0.1066783981 0.1380249932 -2.156579029e-22)
(0.1506973734 0.120875368 -8.518059211e-23)
(0.1917971905 0.1038179168 3.456010736e-23)
(0.2286188659 0.08556290137 -1.594091812e-23)
(0.2596056747 0.06475839356 3.242936146e-23)
(0.2828683506 0.04001060256 -6.313478058e-23)
(0.295865247 0.009784789722 -8.90616329e-23)
(0.2958028907 -0.02765362516 1.492512224e-22)
(0.2788474493 -0.07509504939 0)
(0.2409526507 -0.1378881719 1.544440444e-22)
(0.1763665164 -0.2252186588 2.501123568e-22)
(0.09264755205 -0.3435321322 0)
(-0.008568660417 -0.4541207427 -3.648532906e-21)
(-0.01950958556 -0.376736091 -2.876216477e-21)
(-0.02572554946 0.2283521826 -9.457852365e-22)
(-0.03964904702 0.22430949 -1.371239058e-22)
(0.03627687017 0.1807015899 -2.282072197e-22)
(0.1073743238 0.1438661165 -1.157658083e-22)
(0.1781871764 0.1154265444 -4.25862005e-23)
(0.2434656495 0.09428398702 9.524472916e-23)
(0.3026509794 0.07823997978 -1.349839597e-22)
(0.3558291304 0.06529501796 1.227034863e-22)
(0.4030159037 0.05391053 -8.095808017e-23)
(0.443852771 0.04286946891 1.183169836e-25)
(0.4774775834 0.03114955212 1.45598688e-23)
(0.5024316393 0.01784218966 7.659504541e-23)
(0.5166586878 0.00207908767 -1.757608658e-22)
(0.5176232482 -0.01711491403 -1.590400119e-22)
(0.5011071939 -0.04160868335 -4.254767937e-23)
(0.4629357747 -0.07550896346 0)
(0.3932283452 -0.128230297 -1.776821343e-22)
(0.2901773326 -0.2208103896 8.066427796e-22)
(0.1188339102 -0.3524369386 1.619192175e-21)
(0.02647775496 -0.3774196906 2.166196081e-21)
(0.2144901895 0.1349419299 9.802848114e-22)
(0.2782700037 0.09896574688 0)
(0.4323940939 0.05823170235 -2.569533939e-22)
(0.5308174455 0.03842769057 -1.732431429e-22)
(0.6012191926 0.02607732045 0)
(0.6556051173 0.01810964124 -5.873006715e-23)
(0.6989867037 0.01294527532 6.106859231e-23)
(0.734261434 0.009427147879 -1.688856814e-23)
(0.7631260434 0.006797884466 2.708681859e-23)
(0.7863260444 0.004573122051 2.173012209e-23)
(0.8038758948 0.002424364398 0)
(0.8152823381 0.0001116611252 -2.745376232e-23)
(0.819456085 -0.002482838257 0)
(0.8148869436 -0.005506688463 2.681055492e-23)
(0.7985048941 -0.00947505658 1.471150743e-23)
(0.7678720759 -0.01495922584 -5.705057781e-23)
(0.7107680557 -0.0250596972 -2.492011249e-22)
(0.623634674 -0.04212481318 -6.853337828e-22)
(0.4230094235 -0.09190701254 0)
(0.2705488635 -0.1524401479 -2.113181546e-21)
)


// ************************************************************************* //
