/*--------------------------------*- C++ -*----------------------------------*\
  =========                 |
  \\      /  F ield         | OpenFOAM: The Open Source CFD Toolbox
   \\    /   O peration     | Website:  https://openfoam.org
    \\  /    A nd           | Version:  13
     \\/     M anipulation  |
\*---------------------------------------------------------------------------*/
FoamFile
{
    format      ascii;
    class       vectorField;
    location    "7.04";
    object      U_all;
}
// * * * * * * * * * * * * * * * * * * * * * * * * * * * * * * * * * * * * * //


400
(
(-9.914959725e-07 -1.755468848e-05 0)
(-0.000645229432 0.0003970945771 -1.350047395e-23)
(-0.002041821037 0.0008554854347 0)
(-0.00374412467 0.001208367437 0)
(-0.005498862602 0.001407514184 4.629156804e-25)
(-0.007135374876 0.001437696539 3.918225782e-24)
(-0.008534695619 0.001304822021 7.00558711e-25)
(-0.009608161157 0.001029523303 1.628829526e-23)
(-0.01028448157 0.0006446691784 -2.878362193e-25)
(-0.01050781367 0.000194108338 -5.242786586e-24)
(-0.01024255205 -0.000270153085 7.269554361e-24)
(-0.009483205226 -0.0006891013266 -7.210742931e-23)
(-0.00826623071 -0.001004941823 -8.048345896e-23)
(-0.006679482283 -0.001169027993 -9.475738961e-23)
(-0.004867265234 -0.001152690814 5.777054118e-24)
(-0.003026703817 -0.0009578641772 -5.544116068e-24)
(-0.0013904916 -0.0006247336039 -3.050983822e-22)
(-0.000208620512 -0.0002299042252 0)
(0.0003837936807 0.00010294634 6.714550856e-25)
(0.0001879788997 0.0002564478699 -7.118472972e-23)
(-0.0002422866709 0.0007959140268 1.201909445e-25)
(-0.002472256346 0.003118001744 1.359387648e-23)
(-0.006278323306 0.005110522874 1.277762652e-25)
(-0.0108379935 0.006367178457 -5.8546109e-25)
(-0.01552471608 0.006859128276 7.267295932e-25)
(-0.0199169852 0.006635702672 6.046545209e-24)
(-0.02369730578 0.005777950136 8.616629218e-24)
(-0.02662302141 0.004386369448 -1.583110756e-23)
(-0.02850261987 0.002584684017 1.496739534e-23)
(-0.02919261624 0.0005269696027 5.946121858e-24)
(-0.02860489175 -0.001598363782 -7.91951763e-24)
(-0.02672937205 -0.003574326613 2.135494988e-24)
(-0.0236617129 -0.005169511181 4.601327225e-23)
(-0.01962175394 -0.006166507408 -2.577736188e-24)
(-0.01496480019 -0.006400508346 5.104866714e-24)
(-0.01017004437 -0.005804388388 -1.505740684e-22)
(-0.005796909201 -0.004452702478 1.523461559e-22)
(-0.002415253103 -0.002599076921 -1.422632031e-24)
(-0.000346738721 -0.0007082092739 1.458500366e-24)
(4.904387974e-05 0.0004535675856 0)
(-0.0003715893522 0.002698465607 -2.439579855e-25)
(-0.004169816015 0.00798733445 1.24580485e-23)
(-0.01019686416 0.01195659094 -8.397111832e-24)
(-0.01733464436 0.01424342642 -1.177370138e-25)
(-0.02466227433 0.01492500729 1.15663727e-25)
(-0.03156965087 0.01417273546 2.014915861e-25)
(-0.03757806066 0.01218133405 -8.194364745e-24)
(-0.04231046923 0.009156066721 -9.440671414e-25)
(-0.04546354937 0.005329562375 -1.567765092e-23)
(-0.04680269448 0.0009846937664 0)
(-0.04617801289 -0.003528018305 0)
(-0.04355388043 -0.007795027603 3.438212814e-23)
(-0.03904653874 -0.01135722411 3.633481181e-23)
(-0.03295864074 -0.0137594347 -2.324737609e-24)
(-0.0257971799 -0.01462306872 7.362171122e-23)
(-0.0182611541 -0.01373972057 1.458074033e-22)
(-0.01118067678 -0.01117345821 1.016835726e-22)
(-0.005403468254 -0.007355202258 2.510208333e-24)
(-0.001513161139 -0.003149753917 -1.005080493e-24)
(-9.847273507e-05 -2.362370717e-06 0)
(-0.0004378830032 0.005472458135 -3.181114765e-23)
(-0.005690985499 0.01473088703 -1.232107354e-23)
(-0.01383268079 0.02116093723 8.296916317e-24)
(-0.02343752965 0.02465670399 0)
(-0.03331638443 0.02550304993 0)
(-0.04270419865 0.02404640496 0)
(-0.05099087156 0.02062135557 -3.155522637e-25)
(-0.05768264234 0.01554898116 3.705021044e-24)
(-0.06236575295 0.009175390895 0)
(-0.06469962301 0.001918718604 3.593392388e-24)
(-0.06443779266 -0.005694820849 4.110480936e-25)
(-0.06146731994 -0.01302056416 -4.121991352e-25)
(-0.05586276342 -0.01931621237 0)
(-0.04794262519 -0.02380867077 6.574085005e-23)
(-0.03830943242 -0.02580694461 -7.130416116e-23)
(-0.02785477923 -0.02486182559 -5.912928605e-23)
(-0.01769943646 -0.02095433957 -1.026024988e-22)
(-0.009047843644 -0.01467592929 6.92205736e-25)
(-0.002888668969 -0.007340538025 1.527039415e-23)
(-0.0002205956761 -0.001101063956 0)
(-0.0004613453152 0.009064105259 3.197237747e-23)
(-0.007083118711 0.02324708183 5.120159002e-25)
(-0.01725416681 0.03263267923 -5.003214991e-25)
(-0.02926356588 0.03755145253 0)
(-0.04168491308 0.03860409706 5.971098412e-25)
(-0.05362434952 0.0363643733 -5.888298228e-25)
(-0.06436591132 0.03132191483 2.483587783e-23)
(-0.07331379539 0.02390694482 5.04941444e-24)
(-0.07994063027 0.01456193795 1.409740545e-24)
(-0.08377480373 0.003823127443 -3.597577599e-24)
(-0.08442435386 -0.00761245417 0)
(-0.081627003 -0.01885318402 7.934026609e-25)
(-0.07532716299 -0.02882163024 2.410982618e-23)
(-0.06576794112 -0.03633226787 -6.95628464e-23)
(-0.05357485556 -0.04024516251 3.746210602e-24)
(-0.0398079359 -0.03970928905 1.071634784e-22)
(-0.02593221677 -0.03447622099 -1.453508806e-24)
(-0.01365326958 -0.02521859716 0)
(-0.004586219867 -0.01372430962 4.609288086e-23)
(-0.0003339300552 -0.002987844433 -1.558314908e-22)
(-0.0004621748976 0.01342053483 9.803424574e-23)
(-0.008360132728 0.03344444352 -5.085602955e-25)
(-0.02044909423 0.04630315055 0)
(-0.0347827839 0.05291429145 0)
(-0.04973641576 0.05430076229 -7.661269027e-23)
(-0.06431855085 0.05131404423 -7.085756135e-23)
(-0.07773550356 0.04460567099 -2.751013152e-23)
(-0.08930700888 0.03469200822 -7.512969348e-24)
(-0.09839186498 0.02207154454 -1.063236171e-24)
(-0.104363196 0.007353474492 -4.398468673e-24)
(-0.1066310907 -0.008629786896 2.29010934e-24)
(-0.1047011255 -0.02474853364 4.058912163e-25)
(-0.09827844554 -0.0395519926 -1.462966664e-23)
(-0.0874081908 -0.05133810326 -3.222347388e-23)
(-0.07262703266 -0.05833627744 0)
(-0.05510268957 -0.0590456856 -5.12579903e-23)
(-0.03668381383 -0.05272538777 1.179449667e-24)
(-0.01975019107 -0.03994628575 0)
(-0.006846078612 -0.02297030504 -6.028029304e-23)
(-0.0004733909004 -0.005876813164 3.920514781e-22)
(-0.0004489185069 0.01847586469 -9.734671732e-23)
(-0.009489129519 0.04518813659 2.648023662e-22)
(-0.0233152219 0.0620305138 1.412653471e-22)
(-0.03981201429 0.07064819285 3.242829241e-24)
(-0.05720266433 0.07258499032 -6.536310584e-23)
(-0.07443812963 0.069016248 7.524808905e-23)
(-0.09068314672 0.06075496773 -2.954078894e-24)
(-0.1052009434 0.04836667469 -1.259700861e-24)
(-0.1172499426 0.03234349118 1.790929189e-24)
(-0.1260396622 0.01329216482 3.867211703e-24)
(-0.1307447516 -0.007892647542 -2.403005218e-24)
(-0.1305639008 -0.02989189673 -5.049656626e-25)
(-0.124847574 -0.05087961462 -2.797492247e-23)
(-0.11329078 -0.06854918808 2.711207101e-23)
(-0.09617018776 -0.08029170217 -7.481120603e-25)
(-0.07461723985 -0.08361656538 0)
(-0.05082320411 -0.07686453568 0)
(-0.02798970257 -0.06013591737 -1.314062811e-24)
(-0.00998545035 -0.03606734952 1.343218839e-24)
(-0.00067067753 -0.01015417092 9.038219335e-23)
(-0.0004214942563 0.0241284076 0)
(-0.01039917048 0.05826080037 1.81920022e-22)
(-0.02567281072 0.07955505408 8.134370629e-23)
(-0.04402809877 0.09051182277 0)
(-0.06358891508 0.09328589072 1.388158908e-22)
(-0.08329439433 0.08942016944 0)
(-0.1023128361 0.07988651704 -1.204120624e-22)
(-0.119894277 0.06525611906 5.329593321e-24)
(-0.1352342377 0.04593793614 0)
(-0.1474033858 0.02243506637 0)
(-0.155341569 -0.004408657748 -9.362328537e-25)
(-0.1579038745 -0.03317993634 -4.84084558e-25)
(-0.15399578 -0.061749137 9.01692805e-23)
(-0.1428022742 -0.08717727396 -4.054968362e-23)
(-0.1241098934 -0.1058361708 -8.434966891e-25)
(-0.09874800793 -0.1138478568 -9.346307789e-26)
(-0.06904481539 -0.1080178457 9.49275262e-26)
(-0.03904168582 -0.0873002736 0)
(-0.01437782662 -0.05434169192 2.222261042e-24)
(-0.0009637564965 -0.01639334065 -7.497821437e-22)
(-0.0003792342379 0.03022944815 0)
(-0.01101025266 0.07233668902 -1.05682577e-22)
(-0.0273082704 0.09846037415 -5.682330442e-22)
(-0.04702521136 0.1120577861 -3.409230041e-22)
(-0.06823759812 0.1159773548 0)
(-0.0899192226 0.1121758028 3.612890664e-22)
(-0.1112935708 0.1017881963 1.062724716e-22)
(-0.1316571293 0.08535458256 -4.599335047e-24)
(-0.1502106028 0.06312557849 4.57657232e-24)
(-0.1659580891 0.03539060266 0)
(-0.1776596229 0.002803035621 2.353647676e-23)
(-0.1838715714 -0.03330237158 3.476441426e-24)
(-0.1830416382 -0.0706351506 -7.279833306e-23)
(-0.1737183302 -0.1057205308 4.753087349e-23)
(-0.1549484395 -0.1338483245 -1.626325525e-22)
(-0.1268694445 -0.1493969439 0)
(-0.0914977995 -0.1468672458 0)
(-0.05343742859 -0.1229632798 0)
(-0.02043947547 -0.07942320579 0)
(-0.0014037104 -0.02539221328 4.204462147e-22)
(-0.0003280578962 0.03658986708 0)
(-0.01127517531 0.08698752072 -3.214613327e-22)
(-0.02804982028 0.1181614664 8.200585888e-22)
(-0.04842074879 0.1345918526 3.28314348e-22)
(-0.07045978399 0.1399002603 0)
(-0.0932185536 0.1365124614 -3.38966858e-22)
(-0.1160294677 0.1257486632 -2.752906992e-23)
(-0.1383070681 0.1081038741 2.88565501e-22)
(-0.1593523266 0.08361843149 1.517526337e-22)
(-0.1782229844 0.05227292996 -3.462074377e-23)
(-0.1936526442 0.01438387647 1.510758599e-23)
(-0.2040274337 -0.02900227794 -6.668000648e-24)
(-0.2074297225 -0.07567958134 2.793163382e-22)
(-0.2017828561 -0.1219067096 0)
(-0.185204378 -0.1620557044 1.62711031e-22)
(-0.1566933715 -0.1886165042 3.387358698e-24)
(-0.1172492387 -0.1930302939 -3.437887265e-24)
(-0.07128700572 -0.1682020855 7.937653948e-23)
(-0.02858889669 -0.1130969816 -3.215898779e-24)
(-0.002068157238 -0.03820300503 0)
(-0.0002890797497 0.04301731977 0)
(-0.01123782585 0.1017311922 0)
(-0.02787387553 0.1379349693 -4.615395303e-22)
(-0.04800848952 0.157172233 -1.72455014e-23)
(-0.06973728029 0.1639261423 1.830420113e-23)
(-0.09223248517 0.1611624689 -1.808806893e-23)
(-0.1149899507 0.1504340017 -2.033050367e-23)
(-0.1376193567 0.1322133756 -2.619768855e-22)
(-0.159634362 0.1063238289 6.257082794e-23)
(-0.1803043754 0.07238712619 3.842265855e-23)
(-0.1985402944 0.03026770778 -3.871694051e-23)
(-0.212800931 -0.01947287959 0)
(-0.2210580851 -0.07505988661 -5.46627575e-23)
(-0.2207927709 -0.1329165605 0)
(-0.2091895725 -0.186977337 -3.142303818e-22)
(-0.1837648483 -0.2281180643 4.203561614e-22)
(-0.1436663797 -0.2443038309 0)
(-0.09182877859 -0.2228971594 -7.61644244e-23)
(-0.03913698587 -0.1569535255 1.172159155e-22)
(-0.003079882527 -0.05614230306 -2.645488954e-22)
(-0.0003121568522 0.04939452339 0)
(-0.0111106159 0.1161345687 8.536312376e-22)
(-0.02703542304 0.1570007616 -2.259528479e-23)
(-0.04594116912 0.1786612959 8.505269745e-22)
(-0.06596652147 0.186585479 -2.302788094e-23)
(-0.08646376631 0.184370885 2.555504851e-23)
(-0.1071547728 0.1738748725 -2.532176225e-23)
(-0.127921513 0.155609045 -1.476884571e-23)
(-0.1485993635 0.1292288856 -4.680103542e-22)
(-0.1688287995 0.09401786028 -7.901751171e-24)
(-0.1879238266 0.04934787765 8.568463508e-24)
(-0.2047263612 -0.004858530909 2.991909762e-22)
(-0.217460955 -0.06759500776 -5.173370328e-22)
(-0.2235549235 -0.1359943461 0)
(-0.2195687034 -0.2043444102 7.731069231e-22)
(-0.2015077517 -0.2627561131 -3.962139479e-22)
(-0.1660001796 -0.2960561247 -1.259527474e-23)
(-0.1128680511 -0.2847567267 0)
(-0.05205092568 -0.2117339194 -1.137687941e-22)
(-0.004629445798 -0.08074239 2.607786414e-22)
(-0.000501243354 0.05581541163 1.443598144e-23)
(-0.01137881134 0.1299767838 -8.14727664e-22)
(-0.02620954644 0.1746529012 -1.084441927e-21)
(-0.04290280288 0.1978280567 -7.983522803e-22)
(-0.05967422009 0.2061675044 0)
(-0.07617099824 0.2040133746 3.209767391e-23)
(-0.09243246818 0.1936073765 -6.645809665e-23)
(-0.108691855 0.1755809315 5.328031711e-23)
(-0.1251919017 0.1495134187 2.712249151e-22)
(-0.1420605441 0.1144388229 -1.023016264e-23)
(-0.1591905482 0.06929020109 0)
(-0.1760889306 0.013312322 -3.249791186e-22)
(-0.1916213365 -0.05345426861 6.88853208e-22)
(-0.203693332 -0.1294003934 8.189442071e-22)
(-0.2088826813 -0.21011529 -4.706031845e-22)
(-0.2021740656 -0.2863530947 4.679776032e-22)
(-0.1775785143 -0.3412237771 8.121787898e-24)
(-0.1303411787 -0.3484339976 -8.252234363e-24)
(-0.06654451042 -0.2763204504 -1.479261196e-22)
(-0.006986321216 -0.1135767685 0)
(-0.001063767726 0.0628025265 -1.794853547e-23)
(-0.01294661618 0.143449051 -1.255078724e-21)
(-0.02661975862 0.1903822094 1.025897356e-21)
(-0.04020001586 0.2134336412 6.360079823e-22)
(-0.0520821471 0.2208279082 5.659192545e-22)
(-0.06244101086 0.2177686604 6.214823899e-22)
(-0.07178353453 0.2069292992 -4.115266609e-23)
(-0.08078297618 0.1891168361 -3.216343721e-22)
(-0.09014043357 0.1639267266 1.999523096e-22)
(-0.100512115 0.1302660525 0)
(-0.1124331837 0.08676601899 0)
(-0.1261975248 0.03210282456 2.502981748e-22)
(-0.1416120358 -0.03463840396 8.663937572e-23)
(-0.1575950066 -0.113401203 -2.500068914e-22)
(-0.1715706128 -0.2018941738 -5.078807677e-23)
(-0.1785624535 -0.2932201022 1.388108425e-22)
(-0.1708036536 -0.3713028292 -3.048737864e-22)
(-0.1383312963 -0.4053037708 -4.466628871e-23)
(-0.08052369881 -0.3465147492 1.477239366e-22)
(-0.01046411097 -0.1559005539 -6.448079744e-22)
(-0.002418103238 0.07168683253 0)
(-0.01734265751 0.1574141843 2.037331937e-21)
(-0.03007107726 0.2039800995 0)
(-0.03959455904 0.2242747256 -1.285045742e-21)
(-0.04476219907 0.2286622865 6.638451791e-23)
(-0.0467066427 0.2232748728 -5.79147316e-22)
(-0.04663014375 0.2111650365 -4.478403169e-22)
(-0.04574378474 0.1932835782 7.757209849e-22)
(-0.04521870562 0.1692783525 -1.75036328e-22)
(-0.0461965394 0.1380217069 0)
(-0.04978715129 0.09801284978 0)
(-0.05702461653 0.04758512306 2.65894636e-23)
(-0.06872281475 -0.01489237365 -5.699432918e-22)
(-0.08510858471 -0.09076231113 -4.091867157e-22)
(-0.1052450075 -0.1801602388 4.499011859e-22)
(-0.1255893766 -0.2800082326 -6.100299567e-22)
(-0.1385123557 -0.3782407526 7.498266447e-23)
(-0.1295781481 -0.4443454449 5.943239962e-23)
(-0.09004281534 -0.4140016694 5.788931419e-22)
(-0.01530374458 -0.2079515317 6.435928308e-22)
(-0.005318043392 0.08507110438 0)
(-0.02685298058 0.1732338743 1.502904061e-22)
(-0.03851287756 0.21500861 -4.72792064e-23)
(-0.04231101712 0.22860827 7.307758088e-22)
(-0.03818151052 0.2272581771 -6.671851254e-22)
(-0.02892547408 0.21785896 4.512027589e-23)
(-0.01672526023 0.2035749866 -1.005902714e-22)
(-0.003403219659 0.1853124714 -3.181349911e-22)
(0.009433654669 0.1626864871 1.959085382e-22)
(0.02027056356 0.1345846261 0)
(0.02758911029 0.09949699858 0)
(0.02979401541 0.05567123405 -2.774772368e-22)
(0.02521988329 0.001174989505 0)
(0.01240592171 -0.06617740802 -5.393999109e-22)
(-0.009749360686 -0.1485449856 -7.991813595e-24)
(-0.04033122567 -0.2470058182 2.486249548e-23)
(-0.07461237269 -0.3565141337 2.023866429e-22)
(-0.0958460715 -0.4537502198 5.379648964e-24)
(-0.08873704516 -0.4658563397 -5.931475377e-22)
(-0.02115629769 -0.2673534748 0)
(-0.01119007879 0.1085178737 0)
(-0.04380079785 0.1931219906 -8.54775089e-22)
(-0.05119341053 0.2224976862 -5.29385506e-22)
(-0.04461287129 0.2236751434 4.447461458e-22)
(-0.02630724477 0.213270554 -1.865522487e-24)
(-0.001678210668 0.1982276863 -4.413216647e-23)
(0.02596858598 0.1811611477 5.445121897e-22)
(0.05428086677 0.162522649 -2.637149238e-23)
(0.08142076119 0.1416880808 -1.963536194e-22)
(0.1057164917 0.1175135571 3.008399758e-23)
(0.1254498563 0.08855572473 -3.2982475e-23)
(0.1387284704 0.05318731414 -3.5871606e-23)
(0.1433091113 0.00958324145 3.131287619e-22)
(0.1368019949 -0.04459838836 5.993197275e-22)
(0.1164666401 -0.112398933 -5.023341298e-22)
(0.08033212852 -0.1981038424 -1.635189777e-22)
(0.02733761708 -0.3049055823 1.490691236e-22)
(-0.02683879973 -0.4221609139 7.256710004e-23)
(-0.06658743248 -0.4850711533 1.904407507e-21)
(-0.02529704676 -0.3275409291 2.944269392e-21)
(-0.01999953387 0.1465155939 -4.317292109e-23)
(-0.06476203056 0.211038097 4.344022061e-23)
(-0.05261880216 0.2162911263 9.840784375e-22)
(-0.0229724668 0.1990124668 -4.066914888e-24)
(0.01868421976 0.1779344596 0)
(0.06438933307 0.157753213 4.235012397e-23)
(0.1105529351 0.1392113486 -2.190702815e-22)
(0.1550537751 0.1217184865 -8.668041932e-23)
(0.1964090772 0.104215288 3.523493561e-23)
(0.233252267 0.08548606741 -1.627992612e-23)
(0.2640471998 0.06424762734 3.302149995e-23)
(0.2869548384 0.03916743843 -6.401815704e-23)
(0.2994526306 0.008742236693 -9.040617105e-23)
(0.2988510189 -0.02869773062 1.50025333e-22)
(0.2813753089 -0.07601005297 0)
(0.243005612 -0.1385779041 1.531254971e-22)
(0.1779447998 -0.2257259463 2.522825894e-22)
(0.09377355994 -0.3438126062 0)
(-0.007941335308 -0.4544910555 -3.65811649e-21)
(-0.01941521207 -0.3770764546 -2.882094931e-21)
(-0.0257846376 0.2281453507 -9.474141449e-22)
(-0.03976107767 0.2241501173 -1.376245712e-22)
(0.03634221842 0.1807947662 -2.297069127e-22)
(0.1078592267 0.1442318362 -1.167976891e-22)
(0.1792393628 0.1159800316 -4.266014155e-23)
(0.2451472097 0.09490731079 9.589363474e-23)
(0.3049237673 0.0788144162 -1.366038128e-22)
(0.3585725412 0.065723551 1.247496602e-22)
(0.4060529515 0.05412877337 -8.253868934e-23)
(0.4469777142 0.04285301824 1.153231183e-25)
(0.4804865657 0.03091339346 1.478347976e-23)
(0.5051406679 0.01743823198 7.766205579e-23)
(0.5189672735 0.001576468216 -1.774569265e-22)
(0.519490321 -0.01761322182 -1.599157929e-22)
(0.5025041877 -0.04202784596 -4.255268652e-23)
(0.4639351598 -0.07578973833 0)
(0.3939201849 -0.1283690274 -1.800484051e-22)
(0.2906557965 -0.2208244127 8.095018647e-22)
(0.1191405656 -0.3524607316 1.623517596e-21)
(0.02655399477 -0.3774638459 2.168448948e-21)
(0.2144296294 0.1348824959 9.82080075e-22)
(0.2780723251 0.09888444827 0)
(0.4321597317 0.0581907601 -2.575971e-22)
(0.5306956986 0.03843591203 -1.733885353e-22)
(0.6013432038 0.02612398639 0)
(0.6560487363 0.0181745329 -5.905249717e-23)
(0.6997531896 0.01300655967 6.180840629e-23)
(0.7352931022 0.009466784558 -1.721438159e-23)
(0.764322156 0.006804337814 2.760835142e-23)
(0.7875640531 0.004543010728 2.216074039e-23)
(0.8050336299 0.002363116184 0)
(0.8162608145 3.074117527e-05 -2.785287839e-23)
(0.8201894353 -0.002552693963 0)
(0.8153513713 -0.005571067056 2.698444166e-23)
(0.7987298986 -0.009520516766 1.454134298e-23)
(0.7679266847 -0.01497518604 -5.738001204e-23)
(0.7107368306 -0.02505094936 -2.507026615e-22)
(0.6235966555 -0.04209773545 -6.875853969e-22)
(0.423009658 -0.09188124667 0)
(0.270555009 -0.1524272733 -2.11537947e-21)
)


// ************************************************************************* //
