/*--------------------------------*- C++ -*----------------------------------*\
  =========                 |
  \\      /  F ield         | OpenFOAM: The Open Source CFD Toolbox
   \\    /   O peration     | Website:  https://openfoam.org
    \\  /    A nd           | Version:  13
     \\/     M anipulation  |
\*---------------------------------------------------------------------------*/
FoamFile
{
    format      ascii;
    class       vectorField;
    location    "19.26";
    object      U_all;
}
// * * * * * * * * * * * * * * * * * * * * * * * * * * * * * * * * * * * * * //


400
(
(1.087543332e-05 -3.775117316e-05 0)
(-0.0006660187268 0.000412890298 -1.536667347e-23)
(-0.002184451797 0.0009199338902 0)
(-0.004045826339 0.00131207547 0)
(-0.005968752934 0.001534217856 6.803919569e-25)
(-0.00775868071 0.00156897884 4.155278233e-24)
(-0.00927967454 0.001422790234 -7.232091745e-24)
(-0.01043059375 0.00111914041 7.682814126e-24)
(-0.01113133055 0.0006957519904 -2.108100831e-25)
(-0.01132184863 0.0002030174129 -4.014335538e-24)
(-0.01096707927 -0.0003000444824 5.825618782e-24)
(-0.01006850724 -0.0007471477012 -5.947968942e-23)
(-0.008677141411 -0.001075113464 -6.572572347e-23)
(-0.006901281732 -0.001232628882 -7.805868268e-23)
(-0.00491027082 -0.001192362766 4.587854233e-24)
(-0.002927649845 -0.0009618575174 -4.153565642e-24)
(-0.001206265144 -0.0005913769086 -2.009750798e-22)
(-2.011784603e-05 -0.0001702148732 0)
(0.0005174020376 0.0001716812661 1.560230087e-25)
(0.0002225586825 0.0003057120589 -3.214806112e-24)
(-0.0002632814156 0.0008286253591 1.392507556e-25)
(-0.00270181368 0.003381985243 1.54608258e-23)
(-0.00690314491 0.00560119763 1.529607291e-25)
(-0.01194501905 0.007003994224 -8.423985421e-25)
(-0.01712456253 0.007549266305 1.151164428e-24)
(-0.02196204934 0.007289975287 1.29321245e-23)
(-0.02609526637 0.006318448516 1.531083492e-24)
(-0.0292487888 0.004751896326 -7.430962291e-24)
(-0.03120944817 0.002736221165 1.023193756e-23)
(-0.03182526636 0.0004528758054 4.532737863e-24)
(-0.03101232925 -0.001882351046 -6.342856187e-24)
(-0.02878013231 -0.004020234464 2.955390832e-24)
(-0.0252611544 -0.005705007979 3.905481974e-23)
(-0.02072478157 -0.006704042191 -1.962070923e-24)
(-0.01558542921 -0.006851284721 3.769822841e-24)
(-0.01038345815 -0.006095557651 -9.797414914e-23)
(-0.005730366542 -0.004545466494 9.695845834e-23)
(-0.00223427341 -0.002507812921 -4.061990705e-25)
(-0.000182612832 -0.0005034698911 4.164440916e-25)
(8.331131374e-05 0.0006090511334 0)
(-0.0004185573127 0.002933395803 -2.920016055e-25)
(-0.004644785233 0.008798561368 1.716731635e-23)
(-0.01136436186 0.01323201317 -8.111442142e-24)
(-0.01931446734 0.01578202782 -2.041387366e-25)
(-0.02745613291 0.01651975439 2.005457783e-25)
(-0.03509524896 0.01563515351 1.108287558e-26)
(-0.04168736522 0.01335268162 -1.358926866e-24)
(-0.04680737946 0.009915161783 -4.644376087e-25)
(-0.05012074995 0.005600921876 -1.07140347e-23)
(-0.05138378198 0.0007460947969 0)
(-0.05045138893 -0.004237256437 0)
(-0.0473137758 -0.00888040743 2.681334778e-23)
(-0.0421401131 -0.01267362032 2.82339101e-23)
(-0.03529980663 -0.01512760511 -1.653837132e-24)
(-0.02738000606 -0.01585426772 4.87310545e-23)
(-0.01916423908 -0.01466751395 9.474051295e-23)
(-0.01155831357 -0.01169021638 4.037011147e-23)
(-0.005464819608 -0.007449878975 4.345739718e-25)
(-0.001451339191 -0.002937046445 9.66972004e-26)
(-9.072867997e-05 0.0002246001723 0)
(-0.0005020784303 0.006041512257 -4.260419039e-23)
(-0.006398219468 0.01636004255 -1.706935823e-23)
(-0.01552423615 0.02354387083 8.038428479e-24)
(-0.02626119895 0.02742388823 0)
(-0.03726257602 0.02830331795 0)
(-0.04765934031 0.02657201634 0)
(-0.05676076559 0.02261903347 -4.959487853e-26)
(-0.06401477576 0.01682855384 -2.044285487e-24)
(-0.06897034796 0.009619883117 0)
(-0.07126831807 0.001494092444 1.661068326e-24)
(-0.07067084129 -0.006928634292 2.819365824e-25)
(-0.06709646691 -0.01491840844 -2.827260103e-25)
(-0.06067013593 -0.02165295753 0)
(-0.0517843886 -0.02630086751 4.159621059e-23)
(-0.0411328758 -0.02814645334 -4.708054622e-23)
(-0.02970843499 -0.02676206899 -2.793368428e-23)
(-0.01873080976 -0.02220746982 -4.023172055e-23)
(-0.009485257805 -0.01521561579 7.790760172e-25)
(-0.002976264128 -0.007298099824 9.715628891e-23)
(-0.0002318021163 -0.0008674037494 0)
(-0.0005312014709 0.01008829499 4.281155217e-23)
(-0.007978001463 0.02593482253 4.757202014e-25)
(-0.01938359533 0.03640471782 -4.648557451e-25)
(-0.03280186416 0.04182820657 0)
(-0.04661647817 0.04286832663 7.739717827e-25)
(-0.05981441014 0.04017744893 -7.632407671e-25)
(-0.07158906157 0.03432947825 3.654537311e-23)
(-0.08127954504 0.02584551928 1.828958498e-23)
(-0.08831596227 0.01526946803 6.17973367e-24)
(-0.09220467586 0.003250333265 -1.663003583e-24)
(-0.09255583202 -0.009396481007 0)
(-0.08913147689 -0.02165751004 4.410013247e-25)
(-0.08192117008 -0.03234607822 1.023457629e-23)
(-0.07123685768 -0.04018929739 -4.377395703e-23)
(-0.0577954769 -0.04399794878 1.951269581e-24)
(-0.04276844617 -0.04292893147 4.280631004e-23)
(-0.02774380527 -0.03681923946 -3.944662281e-25)
(-0.01454530377 -0.0265190947 0)
(-0.004857804899 -0.01408202929 5.432006909e-23)
(-0.0003639667602 -0.002847573683 -2.556564172e-22)
(-0.0005268563297 0.01498918524 9.81996626e-23)
(-0.009371763385 0.03736527879 -4.892829708e-25)
(-0.02286711644 0.05166844604 0)
(-0.03880606933 0.05890458403 0)
(-0.05535277523 0.06021952159 -8.714784848e-23)
(-0.07138657035 0.05658737243 -8.479821124e-23)
(-0.08601751416 0.04877731084 -4.047978139e-23)
(-0.09849691767 0.03742450916 -1.494416192e-23)
(-0.1081377767 0.02315460668 -5.316400769e-24)
(-0.1142870859 0.006714664019 -8.137732923e-24)
(-0.1163487466 -0.01091835507 6.559700445e-24)
(-0.1138414036 -0.02846673718 8.747703071e-24)
(-0.1065017349 -0.04434174615 -1.889695048e-23)
(-0.09442799267 -0.0567213809 4.26721773e-24)
(-0.07823655081 -0.06375098819 0)
(-0.05920548736 -0.06390623151 -1.606801978e-23)
(-0.03932465574 -0.05651565089 -1.318981124e-26)
(-0.02113389429 -0.04234365723 0)
(-0.007315954954 -0.02397600272 -1.512633922e-22)
(-0.0005213344865 -0.005925039584 6.038548008e-22)
(-0.00049882285 0.02063211717 -9.753106835e-23)
(-0.01052339183 0.05042159245 2.828613096e-22)
(-0.02581478575 0.0690813673 1.525054746e-22)
(-0.04399672163 0.0784448202 3.613534367e-24)
(-0.06307301529 0.08024859895 -7.313854116e-23)
(-0.08186092355 0.0758401889 9.022932481e-23)
(-0.0994272673 0.06618577155 -3.582838522e-24)
(-0.1149669616 0.05199705028 -1.724519547e-24)
(-0.127692744 0.03391607137 2.517018176e-24)
(-0.136786768 0.01270743101 7.34783412e-24)
(-0.1414113264 -0.01057076136 -6.461621788e-24)
(-0.1407678851 -0.03443274474 -9.701162028e-24)
(-0.134222386 -0.05689209704 -3.259566654e-23)
(-0.1214993191 -0.07549250033 -3.604658775e-23)
(-0.1029295817 -0.0875006297 5.529485004e-25)
(-0.0797350905 -0.09035292907 0)
(-0.05424760554 -0.08241279356 0)
(-0.0298610473 -0.06395492982 -2.89270989e-24)
(-0.01065901353 -0.03797651883 2.956862624e-24)
(-0.0007347253435 -0.01049867558 1.027190854e-22)
(-0.000447812723 0.02685556109 0)
(-0.01134384594 0.06476740873 2.00073787e-22)
(-0.0280026679 0.08824302754 8.956974988e-23)
(-0.04797604036 0.10006581 0)
(-0.06917431934 0.1026520838 1.567657681e-22)
(-0.09040368736 0.09776735969 0)
(-0.1107361253 0.08657336345 -1.42642126e-22)
(-0.129356977 0.06981496948 6.504789577e-24)
(-0.1454211855 0.04807218766 0)
(-0.1579774378 0.02202208652 0)
(-0.1659556584 -0.007315898476 -1.370881794e-24)
(-0.168211291 -0.03835732379 -9.280935043e-25)
(-0.1636541495 -0.06879850111 1.487275975e-22)
(-0.1514738417 -0.09553447934 -4.70135873e-23)
(-0.1314733999 -0.1147785479 -2.546992113e-24)
(-0.1045280308 -0.1225206816 1.52125747e-24)
(-0.07307138188 -0.1155088444 -1.545254073e-24)
(-0.0413375198 -0.09279945935 0)
(-0.01524744785 -0.05738990499 3.196072769e-24)
(-0.001043856561 -0.01714263687 -1.010868402e-21)
(-0.0003745563212 0.03344338548 0)
(-0.01174609115 0.07994289562 -1.126708639e-22)
(-0.02919677144 0.1085780411 -6.185744182e-22)
(-0.05029954642 0.1231572939 -3.752052665e-22)
(-0.07293756677 0.1268461295 0)
(-0.095956924 0.1218701701 4.115217668e-22)
(-0.1184887264 0.1095916204 1.259187067e-22)
(-0.1397714595 0.09075389418 -5.574156468e-24)
(-0.158975875 0.06580133675 5.546567388e-24)
(-0.175098148 0.03521240861 0)
(-0.1869076646 -0.0001776562467 2.908138311e-23)
(-0.1929697748 -0.03886443477 4.68684026e-24)
(-0.1917355585 -0.07839401435 -1.074139795e-22)
(-0.1817453326 -0.1151328964 7.979070794e-23)
(-0.1620197226 -0.1442013801 -2.413934759e-22)
(-0.1326753251 -0.1597961947 0)
(-0.0957560445 -0.1562582623 0)
(-0.05600244466 -0.1302567588 0)
(-0.02147293143 -0.08378640421 0)
(-0.001499850504 -0.02664784732 5.561628918e-22)
(-0.0002876912609 0.04013939167 0)
(-0.01169163314 0.09538568759 -3.490171606e-22)
(-0.02923848507 0.1293407593 8.926031957e-22)
(-0.05059846908 0.146857786 3.61403432e-22)
(-0.07368446373 0.1519055612 0)
(-0.09743020755 0.1472154897 -3.858589497e-22)
(-0.1210816153 0.1343721341 -3.171200582e-23)
(-0.1440041376 0.1141081044 3.329883953e-22)
(-0.1654841058 0.08668585715 1.767709342e-22)
(-0.1845936989 0.05229407578 -4.056067873e-23)
(-0.2001011805 0.0114361676 1.656043456e-23)
(-0.2104310502 -0.03468067984 -8.254206564e-24)
(-0.213690178 -0.08371966426 3.367955281e-22)
(-0.2077917793 -0.1318198864 0)
(-0.1907957449 -0.1732133884 2.415100969e-22)
(-0.1616084609 -0.2001949664 5.757153437e-24)
(-0.1211460393 -0.2039514093 -5.843009708e-24)
(-0.07383645428 -0.1771619663 1.542806445e-22)
(-0.02971184812 -0.1188319737 -5.418624794e-24)
(-0.002178941112 -0.04004349175 0)
(-0.0002122254592 0.04669455833 0)
(-0.0112504562 0.1104978269 0)
(-0.0281557696 0.1496664202 -5.019163612e-22)
(-0.04874240184 0.1700767402 -1.879697234e-23)
(-0.07099616675 0.1765536702 2.036779476e-23)
(-0.09398767929 0.1723901852 -2.012730818e-23)
(-0.1171350438 0.159438662 -2.314860269e-23)
(-0.1400087789 0.1384486574 -3.026875908e-22)
(-0.1621236338 0.1095017506 6.696300744e-23)
(-0.1827869972 0.07245473628 4.508576423e-23)
(-0.2009750261 0.02736805701 -4.572940024e-23)
(-0.2152185078 -0.02505417429 0)
(-0.2235470163 -0.08293891956 -7.822832238e-23)
(-0.2234525736 -0.1426715664 0)
(-0.2120555049 -0.1981208083 -3.735588147e-22)
(-0.1867296965 -0.2400121976 5.237853926e-22)
(-0.1464303627 -0.2560131393 0)
(-0.09393502978 -0.2330650115 -1.488521865e-22)
(-0.04021439666 -0.1639227449 1.931910524e-22)
(-0.003200458879 -0.0585968737 -3.405914868e-22)
(-0.0002022199076 0.05295497812 0)
(-0.01067562216 0.1247666254 9.177802736e-22)
(-0.02628988894 0.1686744284 -2.439239685e-23)
(-0.04501817756 0.1915712106 9.188082162e-22)
(-0.06495421333 0.1992207465 -2.510489529e-23)
(-0.08537552163 0.1955489258 2.836829263e-23)
(-0.1059409937 0.182741621 -2.810933678e-23)
(-0.1265043857 0.1616281993 -1.659684335e-23)
(-0.1469134374 0.1321636 -5.256376681e-22)
(-0.1668612718 0.09390051192 -8.900034346e-24)
(-0.1857468961 0.04642460056 9.653217234e-24)
(-0.2024949528 -0.01020664143 3.31105093e-22)
(-0.2154308807 -0.07495690131 -5.816599043e-22)
(-0.2220331646 -0.1449818453 0)
(-0.2188106713 -0.2146203044 8.879739634e-22)
(-0.2016277488 -0.2739412306 -4.93421434e-22)
(-0.166861153 -0.3075192528 -1.570094339e-23)
(-0.1140168707 -0.2953239233 0)
(-0.05288071209 -0.2195376317 -1.884639253e-22)
(-0.004748578073 -0.08375614992 3.355070169e-22)
(-0.0003650044499 0.05900469607 1.550189252e-23)
(-0.01050117675 0.1379418983 -8.759363782e-22)
(-0.02442507148 0.1856170732 -1.15650826e-21)
(-0.04028373163 0.2100686045 -8.624055271e-22)
(-0.05632838694 0.218167674 0)
(-0.07217369665 0.2145615046 3.511687696e-23)
(-0.0878210204 0.2018360214 -7.290419519e-23)
(-0.1034885204 0.1809741193 5.864273272e-23)
(-0.1194337517 0.1518902836 3.019340182e-22)
(-0.1358310569 0.1139212954 -1.127518666e-23)
(-0.1526477248 0.06623369958 0)
(-0.1694916698 0.008206869474 -3.601692751e-22)
(-0.185313713 -0.06012266066 7.511724022e-22)
(-0.1980784581 -0.1372320652 8.827643672e-22)
(-0.2043818141 -0.2188791791 -5.292801045e-22)
(-0.1991166635 -0.2959203135 5.159483002e-22)
(-0.1760705791 -0.351353296 1.076380874e-23)
(-0.1300916185 -0.3583621171 -1.093666235e-23)
(-0.06688667194 -0.2842847682 -8.264403607e-23)
(-0.007082862789 -0.1169779572 0)
(-0.0009104563582 0.06538558927 -1.910617993e-23)
(-0.01168339893 0.1502424947 -1.326429098e-21)
(-0.02390498305 0.200010712 1.093719263e-21)
(-0.03603817462 0.2243597167 6.732132893e-22)
(-0.04660557415 0.2315988533 6.01203491e-22)
(-0.05580949182 0.2271883278 6.640913392e-22)
(-0.06415704415 0.2141399692 -4.456373164e-23)
(-0.07232467979 0.1936278154 -3.459715707e-22)
(-0.08102224587 0.1655971033 2.151174187e-22)
(-0.09092670117 0.1292793242 0)
(-0.1026105136 0.08355092223 0)
(-0.1164174356 0.02722835719 2.654440952e-22)
(-0.1322118616 -0.04058692148 8.19711265e-23)
(-0.1489737408 -0.1199771812 -2.819617842e-22)
(-0.1641701512 -0.2088928379 -5.409143407e-23)
(-0.1728203064 -0.3006600614 1.302420031e-22)
(-0.1670528783 -0.3792908928 -3.397981798e-22)
(-0.1365400013 -0.4136017199 -1.615550163e-23)
(-0.08018480545 -0.353793992 8.253109401e-23)
(-0.01050748998 -0.1593943602 -6.035721079e-22)
(-0.002261377307 0.07347861901 0)
(-0.0158123948 0.162622314 2.145064018e-21)
(-0.02667013992 0.2117461063 0)
(-0.03425430307 0.2333434718 -1.351303934e-21)
(-0.03763505813 0.2377263744 6.186733015e-23)
(-0.03804645658 0.2312124409 -6.190243909e-22)
(-0.03673872019 0.2171587084 -4.754333635e-22)
(-0.03495103356 0.1968766909 8.297634362e-22)
(-0.03385188703 0.1703314921 -1.884823445e-22)
(-0.03456321159 0.1367319332 0)
(-0.03817959037 0.09481637601 0)
(-0.04571177756 0.04306892849 2.412017155e-23)
(-0.05796667111 -0.0201086415 -6.005250951e-22)
(-0.07519998935 -0.0961771044 -4.30816845e-22)
(-0.09649942447 -0.1855271776 4.636855653e-22)
(-0.1183855128 -0.2853289085 -6.486042686e-22)
(-0.1333005527 -0.3838095138 9.110506371e-23)
(-0.1265522092 -0.4504050682 2.960126328e-23)
(-0.08899745334 -0.4198232935 5.661706707e-22)
(-0.01526951387 -0.2111551424 6.024347134e-22)
(-0.005181654556 0.08597531553 0)
(-0.02526456081 0.1766097852 1.465798159e-22)
(-0.03485499022 0.2205644555 -4.915678409e-23)
(-0.0364336653 0.2354473196 7.640368491e-22)
(-0.03023000756 0.2343016245 -7.002875464e-22)
(-0.01922069686 0.2241265432 4.744765469e-23)
(-0.00567651501 0.2083279671 -1.018464966e-22)
(0.008504017518 0.1881109037 -3.38850633e-22)
(0.02173114488 0.1633896014 2.062125027e-22)
(0.03256091657 0.1333332547 0)
(0.03952022345 0.09665799678 0)
(0.04110970035 0.05176279868 -2.901849726e-22)
(0.03572879404 -0.003231342007 0)
(0.02193088009 -0.0705600173 -5.511305671e-22)
(-0.001309862999 -0.1525522235 -1.488663853e-23)
(-0.03314258841 -0.2505760621 2.559001515e-23)
(-0.0691226268 -0.3599159084 2.201619963e-22)
(-0.09229808758 -0.4575246688 4.79484298e-24)
(-0.08718896135 -0.4697930167 -5.790786054e-22)
(-0.02103211387 -0.269884224 0)
(-0.01111671539 0.1085970263 0)
(-0.04249642198 0.1947060378 -8.846178352e-22)
(-0.04797360898 0.2258006408 -5.410021897e-22)
(-0.03922590062 0.2281879858 4.542916798e-22)
(-0.01882054747 0.2182054438 -1.710831375e-24)
(0.007612183607 0.2027973252 -4.559834875e-23)
(0.03662089258 0.1847435216 5.694803774e-22)
(0.06576691757 0.1647011167 -2.765989954e-23)
(0.09320702447 0.1423109772 -2.06907101e-22)
(0.1173264805 0.1166338008 3.141306926e-23)
(0.1364870669 0.08642423897 -3.425055645e-23)
(0.1489126986 0.05019369201 -3.689864329e-23)
(0.152479271 0.006177874276 3.205087582e-22)
(0.1448946419 -0.04794334137 6.118648273e-22)
(0.1234797011 -0.1152899671 -5.100458527e-22)
(0.08630543468 -0.2004075448 -1.615881212e-22)
(0.03196474977 -0.3067713746 1.531301743e-22)
(-0.02363991973 -0.423974376 7.293972996e-23)
(-0.06493173004 -0.4871506576 1.913303054e-21)
(-0.02510076328 -0.3291461645 2.955004991e-21)
(-0.02004653303 0.1460752166 -4.389597595e-23)
(-0.06416747148 0.211294025 4.416768043e-23)
(-0.05071323745 0.2177217675 1.000034413e-21)
(-0.0193614399 0.2014540926 -8.246922915e-24)
(0.02411402152 0.1808910788 0)
(0.07150124282 0.1606773445 4.362610834e-23)
(0.1190232722 0.141636792 -2.273194781e-22)
(0.1644252102 0.123310205 -9.025201984e-23)
(0.2061719424 0.1048094247 3.679587686e-23)
(0.242912269 0.08507456532 -1.701168122e-23)
(0.2731721455 0.06296915639 3.429107941e-23)
(0.2952102806 0.03727362999 -6.591312845e-23)
(0.3066593987 0.006547036858 -9.302159955e-23)
(0.3049420449 -0.03086618183 1.516853439e-22)
(0.2863677718 -0.07785336026 0)
(0.2470362156 -0.1399234459 1.505432582e-22)
(0.1810755529 -0.2266269868 2.559943642e-22)
(0.09603204836 -0.3443858192 0)
(-0.006703984699 -0.4552171023 -3.675641068e-21)
(-0.01922512492 -0.3777501283 -2.892633274e-21)
(-0.02591874601 0.2276854843 -9.513840392e-22)
(-0.03998203257 0.223823448 -1.388845489e-22)
(0.03656000643 0.1810569484 -2.335205022e-22)
(0.1090434523 0.1451009469 -1.193515142e-22)
(0.1817050405 0.1172374036 -4.295266024e-23)
(0.2489873238 0.09627151227 9.780907033e-23)
(0.3100052441 0.08001864956 -1.408198355e-22)
(0.3645876904 0.06656383778 1.296785094e-22)
(0.4125895153 0.05449020639 -8.617455858e-23)
(0.4535892983 0.04271012359 1.132121486e-25)
(0.4867543607 0.03032647474 1.52738617e-23)
(0.5107155549 0.01653406819 7.995534528e-23)
(0.5236353519 0.0005418788743 -1.81082634e-22)
(0.5231612209 -0.01862851918 -1.616954182e-22)
(0.5052186968 -0.04286058611 -4.262218166e-23)
(0.4658619111 -0.07632967735 0)
(0.3952627 -0.1286081174 -1.846419813e-22)
(0.2916018695 -0.2208465772 8.148686713e-22)
(0.1197423374 -0.3525014751 1.631591962e-21)
(0.02670466956 -0.3775493251 2.172650282e-21)
(0.2142902453 0.1347455034 9.864585146e-22)
(0.2776336029 0.09870603943 0)
(0.4316619973 0.05810461928 -2.594063244e-22)
(0.5304760815 0.0384624888 -1.741467917e-22)
(0.6016944708 0.02623355676 0)
(0.6571137775 0.01831843172 -6.007727459e-23)
(0.7015114556 0.01313532132 6.376126834e-23)
(0.7375915095 0.009541751801 -1.799533701e-23)
(0.766922628 0.006804515476 2.885002151e-23)
(0.7901964945 0.004465220724 2.314310074e-23)
(0.8074427395 0.002222132988 0)
(0.8182517862 -0.0001490550203 -2.872386952e-23)
(0.8216426117 -0.002722777876 0)
(0.8162351569 -0.005711862915 2.737601597e-23)
(0.7991315091 -0.009610909528 1.421518942e-23)
(0.767998462 -0.01500242552 -5.799446128e-23)
(0.7106560284 -0.02502541142 -2.53562312e-22)
(0.6235186877 -0.04204310229 -6.918042554e-22)
(0.4230090718 -0.09182993745 0)
(0.270567392 -0.1524023002 -2.119478378e-21)
)


// ************************************************************************* //
