/*--------------------------------*- C++ -*----------------------------------*\
  =========                 |
  \\      /  F ield         | OpenFOAM: The Open Source CFD Toolbox
   \\    /   O peration     | Website:  https://openfoam.org
    \\  /    A nd           | Version:  13
     \\/     M anipulation  |
\*---------------------------------------------------------------------------*/
FoamFile
{
    format      ascii;
    class       vectorField;
    location    "12.97";
    object      U_all;
}
// * * * * * * * * * * * * * * * * * * * * * * * * * * * * * * * * * * * * * //


400
(
(1.002612732e-05 -3.604427821e-05 0)
(-0.0006636247637 0.0004113409575 -1.540451916e-23)
(-0.002171203874 0.0009141052861 0)
(-0.004018638512 0.001302855347 0)
(-0.00592702502 0.001523072206 6.664544215e-25)
(-0.007703881058 0.001557527539 4.126689549e-24)
(-0.009214693646 0.001412573139 -6.715105192e-24)
(-0.01035930839 0.00111142484 8.242410174e-24)
(-0.01105826032 0.0006913716111 -2.158768096e-25)
(-0.01125174896 0.0002022297085 -4.095905331e-24)
(-0.01090459559 -0.0002975294695 5.922523987e-24)
(-0.01001766996 -0.0007422410789 -6.033250914e-23)
(-0.008640750504 -0.001069135318 -6.674176546e-23)
(-0.006880486867 -0.001227107345 -7.921325178e-23)
(-0.004904230322 -0.001188716383 4.671411909e-24)
(-0.002933431797 -0.0009610635188 -4.25259679e-24)
(-0.001219345848 -0.0005936368211 -2.084900498e-22)
(-3.426256489e-05 -0.000174701052 0)
(0.0005072932781 0.0001662393925 1.938231505e-25)
(0.0002199748592 0.0003021331129 -8.206100262e-24)
(-0.0002612713589 0.0008253836925 1.360189543e-25)
(-0.002681080928 0.003358228864 1.550403948e-23)
(-0.006847719466 0.005557843824 1.544024078e-25)
(-0.01184777163 0.00694837214 -8.292100745e-25)
(-0.01698511907 0.007489595279 1.128216217e-24)
(-0.02178506513 0.007233972748 1.250053459e-23)
(-0.02588911173 0.006272674613 1.973630406e-24)
(-0.0290243964 0.004721321151 -7.977253307e-24)
(-0.03097930619 0.002723809037 1.054811226e-23)
(-0.03160223515 0.0004591765953 4.626523217e-24)
(-0.0308087036 -0.001858455174 -6.448786018e-24)
(-0.02860648256 -0.003982971436 2.887458834e-24)
(-0.02512492383 -0.005660369239 3.95218355e-23)
(-0.02062944296 -0.006659125883 -2.005722388e-24)
(-0.01552977763 -0.006813226749 3.865038979e-24)
(-0.01036148975 -0.006070211219 -1.017795608e-22)
(-0.005732009152 -0.004536017148 1.009650939e-22)
(-0.002246669621 -0.002513276362 -4.810449268e-25)
(-0.0001939551074 -0.0005183234759 4.931771965e-25)
(8.163371011e-05 0.0005972739329 0)
(-0.0004144095426 0.00291220723 -2.860772426e-25)
(-0.0046032366 0.008727005462 1.651597472e-23)
(-0.01126302372 0.01312088238 -8.388250041e-24)
(-0.01914371429 0.01564936785 -2.01142635e-25)
(-0.02721670774 0.0163837403 1.976015502e-25)
(-0.03479509728 0.01551193101 2.245690146e-26)
(-0.04133983964 0.01325542209 -1.785116177e-24)
(-0.04642955185 0.009853492196 -4.951178285e-25)
(-0.0497319164 0.005580441885 -1.104519034e-23)
(-0.05100286257 0.0007680288195 0)
(-0.05009700942 -0.004177109772 0)
(-0.04700270652 -0.008789998722 2.734028637e-23)
(-0.04188404942 -0.01256480523 2.880340369e-23)
(-0.03510522271 -0.01501475596 -1.702054348e-24)
(-0.02724712202 -0.01575237097 5.053799179e-23)
(-0.01908671672 -0.01458974783 9.843548014e-23)
(-0.01152393994 -0.01164517532 4.486903311e-23)
(-0.005457158648 -0.007438659679 5.871101812e-25)
(-0.001454704583 -0.002950790482 1.553592993e-26)
(-9.077674839e-05 0.0002073669747 0)
(-0.0004966097807 0.005991382037 -4.146182587e-23)
(-0.006337726228 0.01621842807 -1.64149542e-23)
(-0.01538028544 0.0233388494 8.312661814e-24)
(-0.02602220516 0.02718828309 0)
(-0.03693058876 0.02806771208 0)
(-0.04724521813 0.02636250058 0)
(-0.05628186891 0.022456283 -6.735927115e-26)
(-0.06349277841 0.01672729283 -1.637015651e-24)
(-0.06842926005 0.009588411425 0)
(-0.07073349718 0.001533959171 1.802111179e-24)
(-0.07016593273 -0.006823970604 2.912577844e-25)
(-0.06664184269 -0.01476119005 -2.920733255e-25)
(-0.06028249113 -0.02146147117 0)
(-0.05147449964 -0.0260976342 4.337357433e-23)
(-0.04090447137 -0.02795567914 -4.883955167e-23)
(-0.02955749691 -0.02660618445 -3.023294279e-23)
(-0.01864574683 -0.02210282993 -4.48084693e-23)
(-0.009448270093 -0.01516773016 7.723205613e-25)
(-0.002968102427 -0.007297248096 9.106693428e-23)
(-0.0002307690939 -0.0008841628389 0)
(-0.0005254429881 0.009999607134 4.166380814e-23)
(-0.007903107931 0.02570436819 4.826956948e-25)
(-0.01920607378 0.03608428503 -4.716714462e-25)
(-0.03250837702 0.0414687587 0)
(-0.04620990206 0.04251452939 7.631512598e-25)
(-0.05930757638 0.03986607449 -7.525700846e-25)
(-0.07100195351 0.03408894646 3.568340313e-23)
(-0.08063680076 0.02569566085 1.731649568e-23)
(-0.08764478465 0.01522118456 5.81682774e-24)
(-0.09153333106 0.003305266681 -1.804210726e-24)
(-0.09191159073 -0.009245398801 0)
(-0.08853914451 -0.02142678759 4.673194928e-25)
(-0.08140195293 -0.03206001447 1.128222534e-23)
(-0.07080662044 -0.03987839273 -4.567349397e-23)
(-0.0574631925 -0.04369613655 2.084360136e-24)
(-0.0425347401 -0.04266939236 4.75763592e-23)
(-0.0276000476 -0.03662864265 -4.729361602e-25)
(-0.01447388489 -0.02641065039 0)
(-0.004835595561 -0.01404873005 5.3686832e-23)
(-0.0003615368384 -0.00285614004 -2.481932129e-22)
(-0.0005217367696 0.01485541108 9.837485569e-23)
(-0.009289050746 0.03703355447 -4.925763787e-25)
(-0.02266997596 0.05121847463 0)
(-0.03847957778 0.05840769791 0)
(-0.05489976382 0.05973534148 -8.638041676e-23)
(-0.07082048979 0.0561634624 -8.374101833e-23)
(-0.0853592223 0.04844962405 -3.952387192e-23)
(-0.09777197432 0.03721777696 -1.438416266e-23)
(-0.1073743771 0.02308245588 -4.992671957e-24)
(-0.11351456 0.006779626943 -7.844748151e-24)
(-0.1155960869 -0.0107244891 6.226722894e-24)
(-0.1131360594 -0.02816301833 8.100635608e-24)
(-0.1058685979 -0.04395689255 -1.854939872e-23)
(-0.09388799676 -0.05629256841 1.481845166e-24)
(-0.07780482458 -0.06332133833 0)
(-0.05888911323 -0.06352050178 -1.868928062e-23)
(-0.03912029844 -0.0562134292 7.594931214e-26)
(-0.02102622203 -0.04215009433 0)
(-0.007278990075 -0.02389189243 -1.444766332e-22)
(-0.0005175558665 -0.005918481911 5.880148749e-22)
(-0.0004951332489 0.02045088405 -9.770265424e-23)
(-0.01044104007 0.04998458162 2.815573329e-22)
(-0.02561600712 0.06849751587 1.516772131e-22)
(-0.04366524363 0.07780647877 3.586038571e-24)
(-0.06261072807 0.07963032344 -7.249057547e-23)
(-0.08128051919 0.07529987917 8.909230828e-23)
(-0.09874879001 0.06576627711 -3.533742063e-24)
(-0.1142149635 0.0517274292 -1.687759493e-24)
(-0.1268942483 0.03381238571 2.459612841e-24)
(-0.1359698777 0.01277329309 7.075289914e-24)
(-0.1406043294 -0.01034363782 -6.144900047e-24)
(-0.1399983365 -0.03406463802 -8.987817561e-24)
(-0.1335165187 -0.05641406347 -3.222518271e-23)
(-0.1208813905 -0.07494604551 -3.1208319e-23)
(-0.1024201582 -0.08693609359 4.534727594e-25)
(-0.07934845109 -0.08982601183 0)
(-0.05398795847 -0.0819777281 0)
(-0.0297184304 -0.06365328253 -2.774588036e-24)
(-0.01060724221 -0.03782311031 2.836121002e-24)
(-0.0007297765113 -0.01046902821 1.018057145e-22)
(-0.0004462287139 0.02662954342 0)
(-0.01127104797 0.06423100593 1.985666869e-22)
(-0.02782280781 0.08753249826 8.88839513e-23)
(-0.04767201681 0.09929340865 0)
(-0.06874641436 0.1019064457 1.553771209e-22)
(-0.08986274596 0.09711585204 0)
(-0.1101000743 0.0860648071 -1.408696803e-22)
(-0.1286478541 0.0694818555 6.411125667e-24)
(-0.1446630116 0.04793228851 0)
(-0.1571948244 0.02207966303 0)
(-0.1651734824 -0.007069140812 -1.336795159e-24)
(-0.1674536838 -0.03794093016 -8.936638691e-25)
(-0.1629445968 -0.06824403524 1.441868393e-22)
(-0.150836096 -0.09488467156 -4.65155831e-23)
(-0.1309304728 -0.1140872687 -2.416040665e-24)
(-0.1041002289 -0.1218515153 1.399022129e-24)
(-0.07277190762 -0.1149300733 -1.42109058e-24)
(-0.04116573189 -0.09237252259 0)
(-0.0151818125 -0.05715074152 3.12330243e-24)
(-0.001037758112 -0.01708209515 -9.913822557e-22)
(-0.0003755877807 0.03318063055 0)
(-0.01169207196 0.07932355795 -1.121735938e-22)
(-0.02905686367 0.1077603798 -6.146192112e-22)
(-0.05005668068 0.1222706385 -3.724855582e-22)
(-0.07259011976 0.1259916395 0)
(-0.09551325961 0.1211235786 4.075196096e-22)
(-0.117963911 0.109006656 1.243523017e-22)
(-0.1391841553 0.09036531699 -5.496832092e-24)
(-0.1583459673 0.06562738134 5.46962599e-24)
(-0.1744451236 0.03525688348 0)
(-0.1862492208 7.641866449e-05 2.86503877e-23)
(-0.1923228157 -0.03842026894 4.592982022e-24)
(-0.191116851 -0.07779011914 -1.047316853e-22)
(-0.1811722174 -0.114409784 7.730659709e-23)
(-0.1615122015 -0.1434112116 -2.354000362e-22)
(-0.1322558372 -0.1590043764 0)
(-0.09544605254 -0.1555425942 0)
(-0.05581413142 -0.1296988564 0)
(-0.02139625881 -0.08345002532 0)
(-0.001492634886 -0.02654933071 5.460456721e-22)
(-0.0002915867075 0.03985297767 0)
(-0.01166439985 0.09470986063 -3.468341678e-22)
(-0.02915738377 0.128447342 8.868515232e-22)
(-0.05044759273 0.1458887932 3.587785399e-22)
(-0.0734602942 0.1509725357 0)
(-0.09713829739 0.1464013238 -3.821226449e-22)
(-0.1207337628 0.1337344002 -3.138052834e-23)
(-0.143615181 0.1136825131 3.29503278e-22)
(-0.16506906 0.08648934059 1.748226122e-22)
(-0.1841655638 0.05232796956 -4.010242942e-23)
(-0.1996695875 0.01168920054 1.645476193e-23)
(-0.2100024923 -0.03422991383 -8.132664814e-24)
(-0.213269245 -0.08310005336 3.324377645e-22)
(-0.2073839598 -0.1310672031 0)
(-0.1904114541 -0.172372532 2.35513749e-22)
(-0.1612658201 -0.1993248071 5.578483311e-24)
(-0.1208705357 -0.2031300945 -5.661675191e-24)
(-0.0736536608 -0.1764859255 1.486909927e-22)
(-0.02963012167 -0.1183962924 -5.254227087e-24)
(-0.00217076473 -0.03990187573 0)
(-0.0002189011732 0.04640149117 0)
(-0.0112555483 0.1098000187 0)
(-0.02814738469 0.1487384163 -4.987098684e-22)
(-0.04870701539 0.1690674812 -1.867378368e-23)
(-0.0709284596 0.1755823527 2.020440615e-23)
(-0.09388999157 0.1715455427 -1.996584882e-23)
(-0.1170153407 0.1587811418 -2.292786862e-23)
(-0.1398776098 0.1380137175 -2.994945751e-22)
(-0.1619907743 0.1093031044 6.664801046e-23)
(-0.1826585721 0.07248873639 4.457106051e-23)
(-0.2008517542 0.02761802988 -4.51915973e-23)
(-0.2150957421 -0.02461313651 0)
(-0.2234156452 -0.08233702565 -7.640318149e-23)
(-0.2233026598 -0.1419391007 0)
(-0.2118824407 -0.197291415 -3.691569076e-22)
(-0.1865399631 -0.2391298751 5.16115017e-22)
(-0.1462457575 -0.2551440288 0)
(-0.09378965506 -0.2323080305 -1.434279458e-22)
(-0.04013797841 -0.1634003773 1.875899881e-22)
(-0.003191756676 -0.05841094477 -3.350157272e-22)
(-0.0002112695295 0.05267443722 0)
(-0.01071520628 0.1240862596 9.127086971e-22)
(-0.02636095079 0.1677593099 -2.42500665e-23)
(-0.04511065315 0.1905702845 9.134308748e-22)
(-0.06506088492 0.1982573784 -2.494103546e-23)
(-0.0854945931 0.194716044 2.814841007e-23)
(-0.1060752027 0.1821016387 -2.78914613e-23)
(-0.1266587904 0.1612156186 -1.64564402e-23)
(-0.1470917886 0.1319874877 -5.212324498e-22)
(-0.167062651 0.09395045867 -8.82408688e-24)
(-0.1859639489 0.04667587933 9.572214162e-24)
(-0.2027149673 -0.009786412859 3.287497589e-22)
(-0.2156330847 -0.07439859035 -5.769042449e-22)
(-0.2221926309 -0.1443136137 0)
(-0.2189070591 -0.213864429 8.795309207e-22)
(-0.2016512129 -0.2731220657 -4.862128007e-22)
(-0.1668212313 -0.3066794768 -1.547225615e-23)
(-0.1139458463 -0.294547894 0)
(-0.05282450646 -0.2189603108 -1.829573418e-22)
(-0.004740274522 -0.0835310888 3.30028195e-22)
(-0.0003758059409 0.05875591998 1.541772359e-23)
(-0.01057372982 0.1373193623 -8.7109703e-22)
(-0.02457399484 0.1847640542 -1.150850503e-21)
(-0.04050322789 0.2091262807 -8.573611504e-22)
(-0.05660902079 0.2172591078 0)
(-0.07250803983 0.2137814592 3.488272957e-23)
(-0.08820412535 0.2012478066 -7.24068218e-23)
(-0.1039178888 0.1806116449 5.823241088e-23)
(-0.1199057461 0.1517573948 2.996002067e-22)
(-0.1363376417 0.1140011756 -1.119663015e-23)
(-0.153176216 0.06649371052 0)
(-0.1700212959 0.008606847173 -3.575704756e-22)
(-0.1858186875 -0.05961890212 7.466394793e-22)
(-0.1985293203 -0.1366537888 8.781897173e-22)
(-0.2047464323 -0.2182408831 -5.25004341e-22)
(-0.199369801 -0.2952279699 5.125165258e-22)
(-0.1762045738 -0.3506206085 1.057200588e-23)
(-0.130124907 -0.3576435045 -1.074177947e-23)
(-0.0668676064 -0.2837032089 -8.734670473e-23)
(-0.00707660791 -0.1167274617 0)
(-0.0009222825151 0.06518575735 -1.901528963e-23)
(-0.01178378809 0.149715016 -1.320843907e-21)
(-0.02412169962 0.1992659329 1.088395514e-21)
(-0.03637024589 0.223522981 6.703124688e-22)
(-0.04704114481 0.2307874 5.984628904e-22)
(-0.05633398948 0.2264952467 6.607986582e-22)
(-0.06475446769 0.2136274579 -4.430354981e-23)
(-0.0729828992 0.1933313393 -3.441410351e-22)
(-0.08172864783 0.1655148838 2.139837158e-22)
(-0.09166420736 0.1293914384 0)
(-0.1033619682 0.08382009658 0)
(-0.1171619444 0.02760944471 2.643553199e-22)
(-0.1329257516 -0.04013779683 8.233977087e-23)
(-0.149628653 -0.1194931144 -2.796351186e-22)
(-0.1647334602 -0.208386576 -5.385794952e-23)
(-0.1732596144 -0.3001269519 1.309179677e-22)
(-0.1673463629 -0.3787194795 -3.373571709e-22)
(-0.1366849143 -0.4130110725 -1.815666112e-23)
(-0.08021549451 -0.3532694611 8.722733098e-23)
(-0.01050562218 -0.1591406845 -6.064778586e-22)
(-0.002273240056 0.07334077607 0)
(-0.01593137656 0.1622195661 2.136638338e-21)
(-0.02693541463 0.2111474654 0)
(-0.03467019194 0.2326509105 -1.34614087e-21)
(-0.03818800778 0.2370449177 6.222194046e-23)
(-0.03871498662 0.2306283714 -6.159425157e-22)
(-0.03749202632 0.2167288117 -4.732570967e-22)
(-0.03576725565 0.1966502699 8.257504137e-22)
(-0.03471018006 0.1702911768 -1.874771674e-22)
(-0.0354344552 0.1368617213 0)
(-0.03904344875 0.09508016849 0)
(-0.04654851636 0.04342134056 2.430728605e-23)
(-0.05876058126 -0.01971166064 -5.98359118e-22)
(-0.07593177833 -0.09577720188 -4.292975273e-22)
(-0.0971452934 -0.1851398465 4.627549159e-22)
(-0.1189171983 -0.2849490973 -6.45910742e-22)
(-0.1336937563 -0.3834124224 8.989459479e-23)
(-0.1267840065 -0.4499862895 3.169259793e-23)
(-0.08907729179 -0.4194108043 5.66992253e-22)
(-0.015274032 -0.2109265526 6.053349803e-22)
(-0.005191874525 0.0859058717 0)
(-0.0253867169 0.1763489325 1.468696329e-22)
(-0.03513705072 0.2201366124 -4.901043427e-23)
(-0.03688604703 0.2349254855 7.614465511e-22)
(-0.03084048846 0.233772881 -6.977194778e-22)
(-0.019965675 0.223666887 4.726132297e-23)
(-0.006497564722 0.2079916167 -1.017456203e-22)
(0.007624894172 0.1879289563 -3.373487858e-22)
(0.02081043682 0.1633651608 2.054403496e-22)
(0.03165357296 0.1334515201 0)
(0.03864770022 0.096887475 0)
(0.04029180172 0.05206196902 -2.892810862e-22)
(0.03496795984 -0.002908115836 0)
(0.02123741446 -0.07024041329 -5.503568729e-22)
(-0.001921524469 -0.1522620039 -1.438827144e-23)
(-0.03365699987 -0.2503178013 2.554533496e-23)
(-0.0695341963 -0.3596665346 2.190081608e-22)
(-0.09256754444 -0.4572831616 4.828923819e-24)
(-0.0872980815 -0.4695219957 -5.799922531e-22)
(-0.02104358115 -0.2697074388 0)
(-0.01112213654 0.1085906837 0)
(-0.04259635763 0.1945828887 -8.822886648e-22)
(-0.04822086316 0.2255454839 -5.400887724e-22)
(-0.03963811401 0.2278425787 4.535303047e-22)
(-0.01939103703 0.2178355474 -1.721946205e-24)
(0.006906843245 0.2024633407 -4.548450962e-23)
(0.03582512791 0.1844965509 5.674993023e-22)
(0.06491579459 0.164549467 -2.756311449e-23)
(0.0923346655 0.1422817658 -2.061202565e-22)
(0.116475488 0.1167159956 3.131515107e-23)
(0.1356835664 0.08659518456 -3.41587894e-23)
(0.1481738264 0.05042218345 -3.682426835e-23)
(0.1518218894 0.006428972409 3.199935429e-22)
(0.1443245689 -0.04770049224 6.110402352e-22)
(0.1229870536 -0.1150813603 -5.095621872e-22)
(0.08589963927 -0.2002432742 -1.617830201e-22)
(0.03160806321 -0.3066443786 1.526711456e-22)
(-0.02389516348 -0.4238466119 7.292684257e-23)
(-0.06503432189 -0.4870057805 1.912617185e-21)
(-0.02511494149 -0.3290329628 2.954230921e-21)
(-0.02004288555 0.1461086837 -4.38391818e-23)
(-0.06421347899 0.211273039 4.411051378e-23)
(-0.05086081925 0.2176101378 9.987691344e-22)
(-0.01963744834 0.2012663947 -7.929360911e-24)
(0.02370069904 0.1806675345 0)
(0.07096069378 0.1604608352 4.352593786e-23)
(0.1183874179 0.1414646062 -2.266783361e-22)
(0.163728525 0.1231996131 -8.99791155e-23)
(0.2054507398 0.1047760783 3.6677843e-23)
(0.2422056002 0.085115574 -1.69582036e-23)
(0.272511049 0.06307183032 3.419920386e-23)
(0.2946204583 0.03741788116 -6.577778949e-23)
(0.3061453963 0.00671019022 -9.283165464e-23)
(0.3045086165 -0.03070926082 1.515828991e-22)
(0.286014941 -0.07772301836 0)
(0.2467552576 -0.1398332977 1.507905531e-22)
(0.1808478301 -0.2265866099 2.558515597e-22)
(0.09586181364 -0.3443348435 0)
(-0.006790717503 -0.4551633227 -3.674339013e-21)
(-0.01923934521 -0.3777004809 -2.891873869e-21)
(-0.02590841093 0.2277206792 -9.510705978e-22)
(-0.03996559551 0.223847756 -1.38783992e-22)
(0.03654174017 0.181035648 -2.332166409e-22)
(0.1089511867 0.1450342024 -1.191446132e-22)
(0.1815152309 0.117140818 -4.292684679e-23)
(0.2486935478 0.09616910482 9.765119674e-23)
(0.309621213 0.07993136943 -1.404858686e-22)
(0.3641381627 0.06650455478 1.293000534e-22)
(0.4121050126 0.05446788373 -8.590076437e-23)
(0.4531039042 0.04272517072 1.131188427e-25)
(0.4862982423 0.03037307205 1.523810737e-23)
(0.5103119577 0.01660203216 7.979160371e-23)
(0.5233020744 0.0006142423399 -1.808319015e-22)
(0.5229076556 -0.01855792237 -1.61592342e-22)
(0.5050321162 -0.04280337532 -4.262819539e-23)
(0.4657305239 -0.07629360102 0)
(0.3951674359 -0.1285968491 -1.842856871e-22)
(0.2915300446 -0.220843107 8.144843873e-22)
(0.1196989705 -0.3524984279 1.631001972e-21)
(0.02669370819 -0.3775428208 2.172344366e-21)
(0.2143010026 0.1347560787 9.861129279e-22)
(0.2776671515 0.09871961565 0)
(0.4316994499 0.05811098865 -2.592574722e-22)
(0.5304917202 0.03846037496 -1.740763898e-22)
(0.6016662922 0.02622500805 0)
(0.6570312968 0.01830757702 -5.999129385e-23)
(0.7013777563 0.01312608536 6.360586003e-23)
(0.7374193044 0.009536564421 -1.793568489e-23)
(0.7667299486 0.006805110429 2.875529734e-23)
(0.7900038791 0.004471589611 2.306973212e-23)
(0.8072688983 0.002233122971 0)
(0.8181104042 -0.0001351754915 -2.866100814e-23)
(0.8215417509 -0.002707917821 0)
(0.8161765538 -0.005700708677 2.735296027e-23)
(0.7991063539 -0.009604320012 1.424437322e-23)
(0.7679956714 -0.01500058247 -5.794692792e-23)
(0.7106618989 -0.02502823985 -2.533479587e-22)
(0.623522435 -0.04204640955 -6.915032487e-22)
(0.4230086106 -0.09183341687 0)
(0.2705663391 -0.1524038766 -2.119179764e-21)
)


// ************************************************************************* //
