/*--------------------------------*- C++ -*----------------------------------*\
  =========                 |
  \\      /  F ield         | OpenFOAM: The Open Source CFD Toolbox
   \\    /   O peration     | Website:  https://openfoam.org
    \\  /    A nd           | Version:  13
     \\/     M anipulation  |
\*---------------------------------------------------------------------------*/
FoamFile
{
    format      ascii;
    class       vectorField;
    location    "22.34";
    object      U_all;
}
// * * * * * * * * * * * * * * * * * * * * * * * * * * * * * * * * * * * * * //


400
(
(1.082012496e-05 -3.791626106e-05 0)
(-0.0006662293999 0.0004129872676 -1.540156056e-23)
(-0.002185165372 0.000920271233 0)
(-0.00404731361 0.001312591081 0)
(-0.005971038293 0.001534838943 6.825948995e-25)
(-0.007761679589 0.001569615238 4.153635268e-24)
(-0.009283230975 0.001423355673 -7.31241331e-24)
(-0.01043449797 0.001119565942 7.593931141e-24)
(-0.01113533496 0.000695993361 -2.10040148e-25)
(-0.01132569251 0.0002030618524 -4.00230531e-24)
(-0.01097050761 -0.0003001816497 5.812023471e-24)
(-0.01007129799 -0.0007474160615 -5.936533641e-23)
(-0.008679141441 -0.001075441074 -6.560016666e-23)
(-0.006902428864 -0.001232932347 -7.792112054e-23)
(-0.004910611675 -0.001192564493 4.578609854e-24)
(-0.002927344374 -0.0009619039069 -4.143305634e-24)
(-0.001205559648 -0.0005912566421 -2.0024547e-22)
(-1.935168914e-05 -0.0001699727081 0)
(0.0005179509241 0.0001719765038 1.526223526e-25)
(0.0002226992566 0.0003059071127 -2.76977309e-24)
(-0.0002634067751 0.0008287349183 1.391331219e-25)
(-0.002702981305 0.003383281947 1.549762946e-23)
(-0.006906216317 0.005603573037 1.538016101e-25)
(-0.0119503915 0.007007051154 -8.458514578e-25)
(-0.0171322452 0.007552551194 1.156609928e-24)
(-0.02197178444 0.007293057494 1.300585875e-23)
(-0.02610659408 0.006320963706 1.451085434e-24)
(-0.02926110834 0.004753572481 -7.343992066e-24)
(-0.03122207446 0.002736899602 1.018445939e-23)
(-0.0318374984 0.0004525318922 4.51884022e-24)
(-0.03102349607 -0.001883660818 -6.328024036e-24)
(-0.02878965495 -0.004022274922 2.960144263e-24)
(-0.02526862836 -0.005707451067 3.899277818e-23)
(-0.02073001886 -0.006706500846 -1.957346237e-24)
(-0.01558849695 -0.006853370161 3.759833823e-24)
(-0.01038468413 -0.006096950836 -9.760136423e-23)
(-0.005730299341 -0.004545993517 9.657205489e-23)
(-0.002233612801 -0.002507526408 -3.994330049e-25)
(-0.0001820019346 -0.000502669002 4.095067475e-25)
(8.340164367e-05 0.0006096899822 0)
(-0.0004187624318 0.002934584857 -2.918233709e-25)
(-0.004647090344 0.008802497361 1.712599581e-23)
(-0.01136995908 0.01323811333 -8.176813572e-24)
(-0.01932387408 0.01578931016 -2.057547485e-25)
(-0.02746929878 0.0165272175 2.021325207e-25)
(-0.0351117335 0.01564190671 8.724439197e-27)
(-0.04170643152 0.01335800198 -1.281595306e-24)
(-0.04682808764 0.00991852379 -4.59095832e-25)
(-0.05014203993 0.005602022576 -1.066423507e-23)
(-0.05140462966 0.0007448696578 0)
(-0.05047077927 -0.004240562159 0)
(-0.04733078692 -0.008885359499 2.674804039e-23)
(-0.04215411412 -0.01267957169 2.816761344e-23)
(-0.03531044907 -0.01513377325 -1.648827369e-24)
(-0.02738728065 -0.01585983785 4.855164171e-23)
(-0.01916849218 -0.01467176973 9.437870266e-23)
(-0.01156021021 -0.01169269047 3.995939862e-23)
(-0.005465254044 -0.007450510583 4.208815213e-25)
(-0.001451165178 -0.002936314496 1.038874288e-25)
(-9.07278909e-05 0.000225532583 0)
(-0.0005023648129 0.006044290759 -4.258107865e-23)
(-0.006401548371 0.01636782378 -1.702800563e-23)
(-0.01553214876 0.02355512097 8.103691864e-24)
(-0.02627432083 0.02743680547 0)
(-0.03728078328 0.02831621863 0)
(-0.04768202807 0.02658346779 0)
(-0.05678697586 0.02262790672 -4.669914154e-26)
(-0.06404331899 0.01683405001 -2.100225153e-24)
(-0.06899991226 0.009621556912 0)
(-0.07129750997 0.00149186633 1.644927891e-24)
(-0.07069837574 -0.006934384249 2.80881484e-25)
(-0.06712124905 -0.01492701308 -2.816679462e-25)
(-0.0606912604 -0.02166341928 0)
(-0.05180127422 -0.02631196104 4.142282397e-23)
(-0.04114532383 -0.02815686388 -4.690611744e-23)
(-0.02971666613 -0.02677057912 -2.772324755e-23)
(-0.01873545461 -0.0222131919 -3.981416746e-23)
(-0.009487283022 -0.01521824964 7.794550905e-25)
(-0.002976714959 -0.007298169562 9.766401186e-23)
(-0.0002318591086 -0.0008665013613 0)
(-0.0005315021831 0.01009318934 4.278827067e-23)
(-0.007982097157 0.02594747483 4.768659167e-25)
(-0.01939331381 0.03642228424 -4.659743903e-25)
(-0.03281792617 0.04184788639 0)
(-0.04663871144 0.04288766573 7.763318969e-25)
(-0.05984209905 0.04019443263 -7.655677966e-25)
(-0.07162110366 0.03434255878 3.665279774e-23)
(-0.08131458937 0.0258536268 1.840794965e-23)
(-0.08835252359 0.01527202521 6.217320742e-24)
(-0.09224121348 0.003247269344 -1.646844254e-24)
(-0.09259086762 -0.009404775044 0)
(-0.08916367168 -0.02167012465 4.384301735e-25)
(-0.08194937931 -0.03236168734 1.013901815e-23)
(-0.07126022735 -0.04020624334 -4.358904712e-23)
(-0.05781352553 -0.04401439083 1.939020727e-24)
(-0.04278114311 -0.04294307124 4.238046055e-23)
(-0.02775161976 -0.03682963132 -3.87532104e-25)
(-0.01454919003 -0.02652502132 0)
(-0.004859016287 -0.01408386684 5.43536806e-23)
(-0.0003640996804 -0.002847120657 -2.562398116e-22)
(-0.000527120529 0.01499654783 9.829974491e-23)
(-0.00937626788 0.03738346613 -4.899227403e-25)
(-0.02287787145 0.05169307933 0)
(-0.0388238799 0.05893174606 0)
(-0.0553774715 0.06024594111 -8.725028432e-23)
(-0.07141740319 0.0566104483 -8.491631665e-23)
(-0.08605333366 0.04879508968 -4.059830973e-23)
(-0.09853632421 0.03743566176 -1.500628436e-23)
(-0.1081792346 0.02315841523 -5.349810036e-24)
(-0.1143290035 0.006711014768 -8.16237394e-24)
(-0.1163895572 -0.01092899846 6.58727999e-24)
(-0.1138796288 -0.02848332752 8.800621591e-24)
(-0.1065360345 -0.04436271858 -1.891620988e-23)
(-0.09445724111 -0.05674471837 4.496958725e-24)
(-0.07825993472 -0.0637743554 0)
(-0.05922262614 -0.06392720637 -1.583924836e-23)
(-0.03933573034 -0.05653209041 -2.071583159e-26)
(-0.02113973311 -0.04235419803 0)
(-0.00731796243 -0.02398059747 -1.518105072e-22)
(-0.0005215408195 -0.005925408522 6.050723017e-22)
(-0.0004990099679 0.02064206525 -9.763032884e-23)
(-0.01052786135 0.05044551306 2.830538306e-22)
(-0.02582559236 0.06911328104 1.526116594e-22)
(-0.04401474247 0.07847965913 3.616968993e-24)
(-0.06309813331 0.08028227653 -7.317863447e-23)
(-0.08189243282 0.07586954456 9.035579905e-23)
(-0.0994640646 0.06620848372 -3.587525915e-24)
(-0.1150077056 0.05201156314 -1.727583249e-24)
(-0.1277359674 0.03392154331 2.521741254e-24)
(-0.136830952 0.01270369647 7.370832949e-24)
(-0.1414549486 -0.01058322847 -6.487766349e-24)
(-0.1408094659 -0.03445283085 -9.759431895e-24)
(-0.1342605167 -0.05691811143 -3.261240793e-23)
(-0.1215326976 -0.07552219484 -3.64321387e-23)
(-0.1029571023 -0.08753128261 5.608677407e-25)
(-0.07975598325 -0.09038153058 0)
(-0.05426164152 -0.08243641209 0)
(-0.02986876119 -0.06397131559 -2.901878496e-24)
(-0.01066181687 -0.03798486469 2.96623491e-24)
(-0.0007349947215 -0.01050029609 1.027690362e-22)
(-0.0004478867433 0.0268679352 0)
(-0.01134778016 0.06479671935 2.001663473e-22)
(-0.02801240606 0.08828180496 8.960842418e-23)
(-0.04799250375 0.1001078987 0)
(-0.06919748023 0.1026926306 1.569049526e-22)
(-0.09043294303 0.0978026929 0)
(-0.1107704916 0.0866008445 -1.427743179e-22)
(-0.1293952542 0.06983286528 6.511988307e-24)
(-0.1454620747 0.04807957246 0)
(-0.1580196145 0.02201876596 0)
(-0.1659977918 -0.007329446796 -1.373305593e-24)
(-0.1682520915 -0.0383800209 -9.305639546e-25)
(-0.1636923599 -0.06882863257 1.490517239e-22)
(-0.1515081907 -0.0955697357 -4.703803602e-23)
(-0.1315026517 -0.1148160225 -2.556615974e-24)
(-0.1045510905 -0.1225569442 1.530525974e-24)
(-0.0730875335 -0.1155402088 -1.554668942e-24)
(-0.04134679106 -0.0928226048 0)
(-0.0152509937 -0.05740288256 3.201428423e-24)
(-0.001044187359 -0.01714592866 -1.012286182e-21)
(-0.0003744893211 0.03345773756 0)
(-0.01174899027 0.07997668061 -1.127603291e-22)
(-0.02920430239 0.108622596 -6.189203168e-22)
(-0.05031262764 0.1232055339 -3.75419406e-22)
(-0.07295627638 0.1268925215 0)
(-0.09598079843 0.121910592 4.118085206e-22)
(-0.1185169421 0.1096231742 1.260355049e-22)
(-0.1398030052 0.09077473291 -5.579436686e-24)
(-0.1590096817 0.06581051772 5.551821475e-24)
(-0.1751331743 0.03520976862 0)
(-0.1869429675 -0.000191606793 2.910930748e-23)
(-0.1930044596 -0.03888861859 4.69311376e-24)
(-0.1917687393 -0.07842678476 -1.075990656e-22)
(-0.1817760861 -0.115172069 7.99649068e-23)
(-0.162046977 -0.1442441473 -2.417992713e-22)
(-0.1326978717 -0.159839035 0)
(-0.09577272135 -0.1562969824 0)
(-0.05601258512 -0.1302869525 0)
(-0.02147706498 -0.08380462097 0)
(-0.001500240827 -0.02665318938 5.568909334e-22)
(-0.000287470162 0.04015500424 0)
(-0.01169306705 0.09542249424 -3.492010932e-22)
(-0.02924279505 0.1293893697 8.930494801e-22)
(-0.05060651052 0.1469104288 3.616103249e-22)
(-0.07369642081 0.1519561414 0)
(-0.0974457744 0.1472595006 -3.861270554e-22)
(-0.1211001511 0.1344064762 -3.17342404e-23)
(-0.144024844 0.1141308882 3.332127248e-22)
(-0.1655061818 0.08669621685 1.768945474e-22)
(-0.1846164566 0.05229198813 -4.058940311e-23)
(-0.2001241169 0.01142227866 1.656611245e-23)
(-0.2104538338 -0.03470519507 -8.261972468e-24)
(-0.2137125808 -0.08375323888 3.370707457e-22)
(-0.2078135204 -0.1318605975 0)
(-0.1908162712 -0.1732588268 2.419160889e-22)
(-0.1616267989 -0.2002419715 5.769448186e-24)
(-0.1211608113 -0.2039957765 -5.855487745e-24)
(-0.07384627116 -0.1771984969 1.546732401e-22)
(-0.02971624441 -0.118855529 -5.430323922e-24)
(-0.002179382461 -0.0400511557 0)
(-0.0002118555525 0.04671050454 0)
(-0.01125013148 0.1105357735 0)
(-0.02815611915 0.1497168419 -5.02155682e-22)
(-0.04874415332 0.170131496 -1.880573983e-23)
(-0.07099960602 0.1766062529 2.037876347e-23)
(-0.09399267989 0.1724357753 -2.013814774e-23)
(-0.1171411772 0.1594740103 -2.316270637e-23)
(-0.1400154855 0.1384718971 -3.028929484e-22)
(-0.1621304007 0.1095121924 6.697990633e-23)
(-0.1827935082 0.07245263006 4.51181053e-23)
(-0.2009812601 0.02735434143 -4.57630746e-23)
(-0.2152247319 -0.02507813563 0)
(-0.2235537401 -0.08297148792 -7.834668346e-23)
(-0.2234603485 -0.142711122 0)
(-0.2120645877 -0.1981655555 -3.738390412e-22)
(-0.1867397427 -0.240059785 5.242845892e-22)
(-0.1464401964 -0.2560600174 0)
(-0.0939428043 -0.233105856 -1.492330149e-22)
(-0.04021849546 -0.1639509449 1.935831628e-22)
(-0.003200927431 -0.05860691935 -3.409818285e-22)
(-0.0002017235616 0.05297021768 0)
(-0.01067342952 0.1248035725 9.181248912e-22)
(-0.02628593189 0.1687240864 -2.44022046e-23)
(-0.04501299821 0.1916254464 9.191678878e-22)
(-0.06494820437 0.1992728316 -2.511583831e-23)
(-0.08536878551 0.1955938175 2.838231609e-23)
(-0.1059333874 0.1827759683 -2.812323259e-23)
(-0.1264956557 0.1616501992 -1.66055252e-23)
(-0.1469034025 0.1321728074 -5.259091526e-22)
(-0.166849992 0.09389754499 -8.904691206e-24)
(-0.1857347843 0.04641083497 9.658159684e-24)
(-0.2024827006 -0.0102294359 3.312486417e-22)
(-0.2154196237 -0.07498706515 -5.819529211e-22)
(-0.2220242623 -0.1450178747 0)
(-0.2188052235 -0.2146610184 8.88508823e-22)
(-0.2016262908 -0.2739853411 -4.938905605e-22)
(-0.1668631724 -0.3075644802 -1.571589514e-23)
(-0.1140206224 -0.2953657368 0)
(-0.05288371151 -0.219568755 -1.888494241e-22)
(-0.004749023659 -0.08376829215 3.358905731e-22)
(-0.0003644155016 0.05901819042 1.55075062e-23)
(-0.01049720678 0.1379756632 -8.762651331e-22)
(-0.02441691253 0.1856633079 -1.156884926e-21)
(-0.0402716966 0.2101196068 -8.627429972e-22)
(-0.05631299211 0.2182167378 0)
(-0.07215535305 0.21460349 3.513165407e-23)
(-0.08779999556 0.2018675311 -7.293531502e-23)
(-0.1034649854 0.180993412 5.86681042e-23)
(-0.1194079353 0.1518971635 3.020769913e-22)
(-0.1358033864 0.1139167281 -1.127996944e-23)
(-0.152618892 0.06621948746 0)
(-0.1694628073 0.008185200465 -3.603277132e-22)
(-0.1852862216 -0.06014983987 7.514512355e-22)
(-0.1980539209 -0.137263199 8.830504893e-22)
(-0.204361963 -0.2189135043 -5.295499578e-22)
(-0.1991028618 -0.2959575343 5.161727607e-22)
(-0.1760632435 -0.3513926953 1.077673074e-23)
(-0.1300897523 -0.3584007845 -1.094979128e-23)
(-0.06688766542 -0.2843160776 -8.230598267e-23)
(-0.007083196584 -0.1169914532 0)
(-0.0009098142317 0.06539641534 -1.911214133e-23)
(-0.01167793592 0.1502710736 -1.326796407e-21)
(-0.02389318274 0.2000510404 1.094073635e-21)
(-0.03602009074 0.2244049606 6.73405073e-22)
(-0.0465818572 0.231642629 6.01382247e-22)
(-0.05578094211 0.2272255835 6.643023557e-22)
(-0.06412449432 0.2141673514 -4.457988112e-23)
(-0.07228886103 0.1936435907 -3.460852248e-22)
(-0.0809839049 0.1656012743 2.151869014e-22)
(-0.09088670807 0.1292730424 0)
(-0.1025697965 0.08353623866 0)
(-0.1163771182 0.02720772334 2.655113305e-22)
(-0.1321732334 -0.0406111223 8.195066789e-23)
(-0.1489383225 -0.1200032126 -2.821040549e-22)
(-0.1641396875 -0.2089200218 -5.410635743e-23)
(-0.1727965443 -0.3006886733 1.302070098e-22)
(-0.1670369991 -0.3793215686 -3.399717793e-22)
(-0.1365321465 -0.4136334608 -1.600721331e-23)
(-0.08018312273 -0.3538221934 8.219350063e-23)
(-0.01050758693 -0.1594080104 -6.033327464e-22)
(-0.002260735077 0.07348607956 0)
(-0.01580594093 0.1626441164 2.145618616e-21)
(-0.02665574555 0.2117784955 0)
(-0.03423173788 0.233380888 -1.351648504e-21)
(-0.0376050713 0.2377630977 6.184779783e-23)
(-0.0380102414 0.2312437626 -6.19222024e-22)
(-0.03669779214 0.2171814748 -4.755687641e-22)
(-0.03490674031 0.196888914 8.300164465e-22)
(-0.03380552041 0.1703334866 -1.885438645e-22)
(-0.03451615922 0.1367247497 0)
(-0.03813296395 0.09480202832 0)
(-0.04566661838 0.04304989309 2.410988601e-23)
(-0.05792386614 -0.02012994449 -6.006616108e-22)
(-0.07516056036 -0.09619856995 -4.309146064e-22)
(-0.09646461672 -0.1855479415 4.637540053e-22)
(-0.1183568551 -0.2853492539 -6.487903309e-22)
(-0.1332793686 -0.3838307863 9.117360625e-23)
(-0.1265397164 -0.4504275545 2.944564617e-23)
(-0.0889931363 -0.4198454452 5.660885124e-22)
(-0.0152692695 -0.2111674294 6.021958005e-22)
(-0.005181102854 0.08597907306 0)
(-0.02525794938 0.176623901 1.465637908e-22)
(-0.03483972152 0.220587597 -4.916673566e-23)
(-0.03640918607 0.2354755083 7.642114527e-22)
(-0.03019702314 0.2343301303 -7.00458666e-22)
(-0.01918061117 0.2241512471 4.745945971e-23)
(-0.005631716773 0.208345933 -1.018555786e-22)
(0.008551900761 0.1881205363 -3.389470281e-22)
(0.02178058608 0.1633907069 2.062609948e-22)
(0.03260975836 0.1333266894 0)
(0.03956721307 0.09664547994 0)
(0.04115381982 0.05174656087 -2.902420605e-22)
(0.03576971118 -0.003248906714 0)
(0.02196809102 -0.07057724157 -5.511896743e-22)
(-0.001276996493 -0.1525677935 -1.49138773e-23)
(-0.03311492568 -0.2505898755 2.559476835e-23)
(-0.06910052739 -0.3599292254 2.20262863e-22)
(-0.09228361849 -0.4575376489 4.790574226e-24)
(-0.08718307519 -0.4698075606 -5.789889967e-22)
(-0.02103149869 -0.2698937177 0)
(-0.01111642302 0.1085973718 0)
(-0.04249101555 0.1947127044 -8.847740645e-22)
(-0.04796023166 0.2258144462 -5.410694994e-22)
(-0.03920360005 0.228206651 4.543504608e-22)
(-0.01878970315 0.2182254219 -1.710200449e-24)
(0.007650244667 0.2028153608 -4.560649899e-23)
(0.03666399701 0.1847569882 5.696088986e-22)
(0.06581296154 0.1647089281 -2.766611789e-23)
(0.09325395782 0.1423123154 -2.069565357e-22)
(0.1173722419 0.1166291904 3.141933914e-23)
(0.1365302154 0.08641488879 -3.425650171e-23)
(0.148952289 0.05018127581 -3.69036362e-23)
(0.1525145376 0.006164215247 3.205455867e-22)
(0.144925347 -0.04795643108 6.119288594e-22)
(0.1235061847 -0.1153011536 -5.100920266e-22)
(0.08632726167 -0.2004163185 -1.615956965e-22)
(0.03198383653 -0.3067781504 1.531360026e-22)
(-0.02362627532 -0.4239811917 7.293806718e-23)
(-0.06492618259 -0.4871584099 1.913304755e-21)
(-0.02509999935 -0.3291522301 2.955006363e-21)
(-0.02004673054 0.1460734089 -4.390004668e-23)
(-0.0641649806 0.2112951649 4.417176213e-23)
(-0.05070525448 0.2177278141 1.000134695e-21)
(-0.01934649544 0.2014642447 -8.264141269e-24)
(0.02413638531 0.1809031518 0)
(0.07153043251 0.160689016 4.363348967e-23)
(0.119057637 0.1416461019 -2.273638456e-22)
(0.164462826 0.1233160257 -9.027069662e-23)
(0.206210763 0.1048111034 3.680371621e-23)
(0.2429502563 0.08507225103 -1.701506257e-23)
(0.2732076347 0.06296354608 3.429703163e-23)
(0.2952419126 0.03726582141 -6.592242896e-23)
(0.3066869254 0.006538296799 -9.303369284e-23)
(0.3049652488 -0.03087459167 1.51697235e-22)
(0.2863866441 -0.07786033111 0)
(0.247051248 -0.1399282562 1.50550281e-22)
(0.1810877226 -0.2266291659 2.560002467e-22)
(0.09604114027 -0.3443885014 0)
(-0.006699335366 -0.4552199626 -3.675653183e-21)
(-0.01922436347 -0.377752778 -2.892635154e-21)
(-0.02591930514 0.2276835821 -9.514077109e-22)
(-0.03998291552 0.2238221359 -1.388929496e-22)
(0.0365610037 0.1810581073 -2.335450226e-22)
(0.1090484565 0.1451045702 -1.193664659e-22)
(0.1817153213 0.1172426207 -4.29560058e-23)
(0.249003205 0.0962770339 9.78234631e-23)
(0.3100259991 0.08002336035 -1.408456707e-22)
(0.364611961 0.06656698682 1.297048388e-22)
(0.4126156039 0.05449135981 -8.619277089e-23)
(0.4536153842 0.04270926436 1.132165811e-25)
(0.486778825 0.03032392477 1.527628427e-23)
(0.5107371495 0.01653038044 7.99666793e-23)
(0.5236531585 0.0005379620186 -1.811023094e-22)
(0.5231747827 -0.01863232507 -1.617074168e-22)
(0.5052286558 -0.04286365422 -4.262619679e-23)
(0.4658689153 -0.07633159972 0)
(0.3952677724 -0.1286087157 -1.846495772e-22)
(0.291605691 -0.2208467464 8.148777368e-22)
(0.1197446537 -0.3525016317 1.631604554e-21)
(0.02670525582 -0.37754967 2.172657138e-21)
(0.2142896628 0.1347449315 9.864848476e-22)
(0.2776317908 0.09870530558 0)
(0.4316599783 0.05810427461 -2.594221877e-22)
(0.5304752457 0.03846260611 -1.741583851e-22)
(0.6016960084 0.0262340201 0)
(0.6571182457 0.0183190181 -6.008580711e-23)
(0.7015186877 0.01313582284 6.377353938e-23)
(0.7376008115 0.009542024968 -1.799953534e-23)
(0.766933005 0.006804477197 2.885659689e-23)
(0.790206842 0.004464872195 2.314803664e-23)
(0.8074520553 0.002221539007 0)
(0.8182593404 -0.0001497999068 -2.872824859e-23)
(0.8216479832 -0.00272355967 0)
(0.8162382674 -0.005712451206 2.737936473e-23)
(0.7991328259 -0.009611254992 1.421579897e-23)
(0.767998587 -0.01500251695 -5.799481199e-23)
(0.7106556973 -0.02502525651 -2.535670703e-22)
(0.623518476 -0.042042921 -6.918112606e-22)
(0.4230090938 -0.09182975009 0)
(0.2705674482 -0.1524022155 -2.119484972e-21)
)


// ************************************************************************* //
