/*--------------------------------*- C++ -*----------------------------------*\
  =========                 |
  \\      /  F ield         | OpenFOAM: The Open Source CFD Toolbox
   \\    /   O peration     | Website:  https://openfoam.org
    \\  /    A nd           | Version:  13
     \\/     M anipulation  |
\*---------------------------------------------------------------------------*/
FoamFile
{
    format      ascii;
    class       vectorField;
    location    "8.97";
    object      U_all;
}
// * * * * * * * * * * * * * * * * * * * * * * * * * * * * * * * * * * * * * //


400
(
(5.516328796e-06 -2.847086993e-05 0)
(-0.0006548203865 0.0004047819832 -1.459621173e-23)
(-0.002114525399 0.0008886199221 0)
(-0.003899945741 0.001262206083 0)
(-0.00574320475 0.001473654724 5.818779723e-25)
(-0.007461067992 0.001506524711 4.039571437e-24)
(-0.008925491057 0.001366900127 -3.650076667e-24)
(-0.0100409547 0.001076836208 1.156085251e-23)
(-0.01073112461 0.0006717180255 -2.453976978e-25)
(-0.01093769456 0.0001989030432 -4.565291839e-24)
(-0.01062501502 -0.0002860914571 6.473216751e-24)
(-0.00979107484 -0.0007200363609 -6.513047836e-23)
(-0.008480232737 -0.001042213432 -7.232877978e-23)
(-0.00679144349 -0.001202499572 -8.55123551e-23)
(-0.004882751111 -0.001172946908 5.118642718e-24)
(-0.002965819968 -0.0009585818415 -4.774278119e-24)
(-0.001284450839 -0.0006052122533 -2.474822951e-22)
(-0.0001025045874 -0.0001963588714 0)
(0.0004586417802 0.0001409016598 3.866049702e-25)
(0.0002074600692 0.0002844453763 -3.362324124e-23)
(-0.0002530071188 0.000811607274 1.293479391e-25)
(-0.002590805142 0.003254085978 1.469479205e-23)
(-0.006603419302 0.005366055391 1.433695601e-25)
(-0.01141658591 0.006700791667 -7.280175264e-25)
(-0.01636407779 0.007222534627 9.616313535e-25)
(-0.02099373771 0.006981986076 9.826130579e-24)
(-0.02496407961 0.006065564458 4.727748053e-24)
(-0.02801433779 0.004582085733 -1.121471097e-23)
(-0.02994048828 0.002666643986 1.23727422e-23)
(-0.0305941356 0.0004875653366 5.16651614e-24)
(-0.02988812551 -0.001750049445 -7.049796901e-24)
(-0.02782189347 -0.003813339059 2.572898435e-24)
(-0.02451140546 -0.005456952886 4.215303708e-23)
(-0.02020345804 -0.006454772747 -2.237583694e-24)
(-0.0152858525 -0.006641079144 4.36710904e-24)
(-0.010271585 -0.0059574352 -1.215152029e-22)
(-0.005748928971 -0.00449721615 1.217050567e-22)
(-0.002309456905 -0.002543445378 -8.618086564e-25)
(-0.0002516029885 -0.0005913503993 8.835319474e-25)
(7.069347941e-05 0.0005407357251 0)
(-0.0003962164577 0.002819347347 -2.683768461e-25)
(-0.004418676177 0.008410174524 1.481664266e-23)
(-0.01081069013 0.01262560266 -8.39789514e-24)
(-0.01837878472 0.01505477311 -1.665501744e-25)
(-0.02614042217 0.01577057171 1.636140307e-25)
(-0.03344113043 0.0149528872 9.68906734e-26)
(-0.03976676567 0.01281080522 -4.441975552e-24)
(-0.04471361358 0.009568351 -6.815782034e-25)
(-0.04796036895 0.005481819688 -1.295750111e-23)
(-0.04926410447 0.0008625627855 0)
(-0.04847762153 -0.003905370758 0)
(-0.0455797462 -0.008377665301 3.021864455e-23)
(-0.0407132235 -0.01206666091 3.187137569e-23)
(-0.03421758905 -0.01449771837 -1.954846471e-24)
(-0.02664422436 -0.01528649426 5.990517519e-23)
(-0.01873909537 -0.01423667855 1.175959202e-22)
(-0.0113743866 -0.0114449036 6.782467161e-23)
(-0.005428382119 -0.00739570931 1.363437504e-24)
(-0.001474445297 -0.003023219502 -3.963852869e-25)
(-9.26450394e-05 0.0001249873098 0)
(-0.0004720214913 0.005769217666 -3.748838729e-23)
(-0.006065533426 0.01558652197 -1.47011286e-23)
(-0.01473067247 0.02241893802 8.312284352e-24)
(-0.0249405511 0.02612523066 0)
(-0.03542331125 0.02699801607 0)
(-0.0453586632 0.02540430953 0)
(-0.05409262633 0.02170509005 -1.712658592e-25)
(-0.06109846495 0.01625297177 6.055031847e-25)
(-0.06594005715 0.009432138569 0)
(-0.06826518913 0.001705573645 2.547182438e-24)
(-0.06782955261 -0.006350517524 3.406257213e-25)
(-0.06453548745 -0.01404178841 -3.415793468e-25)
(-0.05848529185 -0.02058071068 0)
(-0.05003823554 -0.0251608033 5.250408575e-23)
(-0.03984756205 -0.02707652411 -5.795538559e-23)
(-0.02886149249 -0.0258902588 -4.193798651e-23)
(-0.01825614296 -0.02162683509 -6.815896516e-23)
(-0.009281042205 -0.01495670635 7.403840908e-25)
(-0.002933023133 -0.007303968937 6.052670262e-23)
(-0.0002263604373 -0.0009669151307 0)
(-0.0004990449331 0.009603015526 3.767339757e-23)
(-0.007562058171 0.02466846648 4.942196669e-25)
(-0.01839597226 0.03463676892 -4.82926011e-25)
(-0.03116558975 0.03983585704 0)
(-0.04434397133 0.04089653323 6.927043948e-25)
(-0.05697348932 0.03843050151 -6.830960901e-25)
(-0.06828830916 0.03296827393 3.109676763e-23)
(-0.0776552209 0.0249854017 1.215595624e-23)
(-0.08452083737 0.01497707677 3.967904946e-24)
(-0.08839884486 0.003540469542 -2.550148341e-24)
(-0.08889598429 -0.008560857671 0)
(-0.08576152463 -0.02036707841 6.016556879e-25)
(-0.07896428408 -0.0307375742 1.655590443e-23)
(-0.06878583325 -0.03843645147 -5.542606567e-23)
(-0.05590311706 -0.04229504713 2.760432757e-24)
(-0.04143904104 -0.04146625923 7.172047039e-23)
(-0.02692790358 -0.03574946669 -8.696670242e-25)
(-0.01414151048 -0.02591695984 0)
(-0.004733393536 -0.01390544235 5.068961578e-23)
(-0.0003503092903 -0.002902580609 -2.110956038e-22)
(-0.0004977314162 0.01425230907 9.800438297e-23)
(-0.008907615527 0.0355317525 -4.980819471e-25)
(-0.0217595233 0.04917193018 0)
(-0.03696824568 0.05613484905 0)
(-0.05279646126 0.05750482167 -8.223705051e-23)
(-0.06818301012 0.05419323428 -7.82902116e-23)
(-0.08228059489 0.04690876256 -3.444458585e-23)
(-0.09436893463 0.03622697901 -1.14904544e-23)
(-0.1037782925 0.02271267958 -3.344506772e-24)
(-0.1098640928 0.007050246872 -6.408229467e-24)
(-0.1120306511 -0.009846058507 4.593554219e-24)
(-0.1097887412 -0.0267629051 4.922963545e-24)
(-0.1028602982 -0.04216844944 -1.69415985e-23)
(-0.09132099939 -0.0542914131 -1.230403028e-23)
(-0.07575296097 -0.06131256692 0)
(-0.05738694557 -0.06171741703 -3.188926571e-23)
(-0.03815176087 -0.05480435184 5.224094482e-25)
(-0.02051739604 -0.0412536229 0)
(-0.007105310585 -0.02350946901 -1.106131373e-22)
(-0.0004998283493 -0.005894603249 5.094190647e-22)
(-0.0004771696547 0.01962746962 -9.732736383e-23)
(-0.01005582145 0.04799225792 2.743911449e-22)
(-0.02468567612 0.06582415669 1.472696514e-22)
(-0.04211093477 0.0748666521 3.440598295e-24)
(-0.06043691033 0.07676156913 -6.951460915e-23)
(-0.07854181427 0.07276907731 8.323575921e-23)
(-0.09553520142 0.06377672042 -3.289394964e-24)
(-0.1106396714 0.05042289344 -1.508625884e-24)
(-0.1230845459 0.03327827784 2.180153724e-24)
(-0.1320602974 0.01303673645 5.738090871e-24)
(-0.1367333505 -0.009313239141 -4.592470173e-24)
(-0.1363013845 -0.03236059058 -5.485168768e-24)
(-0.1301221257 -0.05418034602 -3.052008869e-23)
(-0.1179093587 -0.07237971668 -7.386666423e-24)
(-0.09997128752 -0.08427820335 -3.65867291e-26)
(-0.07749206636 -0.08734382606 0)
(-0.05274365309 -0.07993096188 0)
(-0.02903679677 -0.06223963215 -2.188331591e-24)
(-0.01036091049 -0.03711063565 2.236875444e-24)
(-0.000706300606 -0.01033610747 9.737290084e-23)
(-0.0004375440677 0.02559495301 0)
(-0.01092446152 0.061768856 1.916490481e-22)
(-0.02696746893 0.08425772503 8.576024966e-23)
(-0.04622473177 0.09571264119 0)
(-0.06670447988 0.09842280115 1.483993294e-22)
(-0.08727290107 0.09404151655 0)
(-0.1070434349 0.08363326017 -1.323671721e-22)
(-0.1252269745 0.0678558989 5.960426835e-24)
(-0.1409922178 0.04720831128 0)
(-0.1533933519 0.0222896893 0)
(-0.1613679909 -0.005955877886 -1.173025893e-24)
(-0.1637648859 -0.03600748927 -7.264626619e-25)
(-0.1594870731 -0.06563950211 1.221830231e-22)
(-0.1477296626 -0.09181381364 -4.415864467e-23)
(-0.1282891528 -0.1108103358 -1.777431358e-24)
(-0.1020230433 -0.1186760451 7.970157778e-25)
(-0.07132151707 -0.1121853989 -8.095966485e-25)
(-0.04033639351 -0.09035298444 0)
(-0.0148663904 -0.0560256585 2.763610554e-24)
(-0.001008593551 -0.01680160437 -8.950777996e-22)
(-0.0003787764751 0.03196914871 0)
(-0.0114279808 0.07646200251 -1.093308151e-22)
(-0.02837643763 0.1039681285 -5.952439757e-22)
(-0.04887678848 0.1181343846 -3.593608551e-22)
(-0.07089991159 0.1219734471 0)
(-0.09334902871 0.1175760936 3.883911706e-22)
(-0.1153947058 0.1061886714 1.168382125e-22)
(-0.1362980278 0.08845319782 -5.127655494e-24)
(-0.1552395428 0.0647227624 5.102276499e-24)
(-0.17121611 0.03539217887 0)
(-0.1829845031 0.00122028938 2.657694003e-23)
(-0.1891105887 -0.03635006855 4.140402175e-24)
(-0.1880475376 -0.07493767938 -9.176543722e-23)
(-0.1783342373 -0.1109706909 6.52472779e-23)
(-0.159006116 -0.1396398544 -2.062169789e-22)
(-0.1301918616 -0.1552200032 0)
(-0.09392700692 -0.1521233876 0)
(-0.05489549928 -0.1270385071 0)
(-0.02102430461 -0.08185248802 0)
(-0.00145785664 -0.02608569661 4.960610879e-22)
(-0.0003081187656 0.03852319955 0)
(-0.01152220926 0.09156773455 -3.362359215e-22)
(-0.02874426594 0.1242792021 8.591455409e-22)
(-0.04968616819 0.1413420214 3.461095301e-22)
(-0.07233195778 0.1465586964 0)
(-0.09566762064 0.142508012 -3.642635326e-22)
(-0.118975871 0.1306405681 -2.980012121e-23)
(-0.1416410741 0.1115715369 3.128499256e-22)
(-0.162952887 0.08545974995 1.654873732e-22)
(-0.1819744929 0.05240339331 -3.789826175e-23)
(-0.1974549987 0.01282983078 1.593886234e-23)
(-0.2078026025 -0.03212107619 -7.545241828e-24)
(-0.2111141866 -0.08015759544 3.112757902e-22)
(-0.2053068556 -0.1274648427 0)
(-0.1884679266 -0.1683318606 2.063165555e-22)
(-0.1595465493 -0.1951366321 4.703692732e-24)
(-0.1194988956 -0.1991779466 -4.773848675e-24)
(-0.07275047661 -0.1732382907 1.211429806e-22)
(-0.02922949298 -0.1163105765 -4.443328858e-24)
(-0.002130999792 -0.03922837914 0)
(-0.0002487405818 0.04503181157 0)
(-0.01126404465 0.1065366787 0)
(-0.02807285136 0.1443852789 -4.833328536e-22)
(-0.04848395507 0.1643066175 -1.808518826e-23)
(-0.0705312673 0.1709625141 1.942545138e-23)
(-0.09332994944 0.167483032 -1.919608284e-23)
(-0.1163312468 0.1555699324 -2.187294545e-23)
(-0.1391209139 0.1358373275 -2.842356235e-22)
(-0.1612109476 0.1082472715 6.508741831e-23)
(-0.181890065 0.07255466255 4.209659695e-23)
(-0.2001037127 0.02874058233 -4.259678482e-23)
(-0.2143518534 -0.02254577354 0)
(-0.2226387327 -0.07946571285 -6.762308399e-23)
(-0.2224514794 -0.1384125807 0)
(-0.2109400075 -0.1932790697 -3.475328235e-22)
(-0.1855413645 -0.23485329 4.783787633e-22)
(-0.1452978152 -0.2509322791 0)
(-0.09305658639 -0.2286455043 -1.16695817e-22)
(-0.03975817855 -0.1608814976 1.598226286e-22)
(-0.003148936913 -0.05751923472 -3.072904697e-22)
(-0.0002528343596 0.05135520822 0)
(-0.01088770273 0.1208874712 8.88529492e-22)
(-0.02666340758 0.1634456004 -2.357125479e-23)
(-0.04549484382 0.185826689 8.877530761e-22)
(-0.06549391545 0.1936539325 -2.415913545e-23)
(-0.08597031551 0.1906899761 2.709699693e-23)
(-0.1066099429 0.178957042 -2.684963838e-23)
(-0.1272779603 0.1591308654 -1.577998639e-23)
(-0.1478157038 0.1310290985 -4.999599105e-22)
(-0.1678924983 0.0940879057 -8.456573461e-24)
(-0.1868694441 0.04780597493 9.176461357e-24)
(-0.2036375523 -0.007809880409 3.171720968e-22)
(-0.2164770304 -0.0717243583 -5.535356921e-22)
(-0.2228436157 -0.1410786603 0)
(-0.2192702085 -0.2101840421 8.378570768e-22)
(-0.2016818479 -0.2691238673 -4.507473941e-22)
(-0.1665672316 -0.3025811997 -1.434272703e-23)
(-0.1135657442 -0.2907662978 0)
(-0.05253827144 -0.2161571141 -1.556580263e-22)
(-0.00469869366 -0.08244355853 3.027834086e-22)
(-0.0004263792165 0.05757952152 1.501676965e-23)
(-0.01090583047 0.1343787152 -8.480262645e-22)
(-0.0252520981 0.1807261761 -1.12381549e-21)
(-0.04150031012 0.2046430898 -8.332729622e-22)
(-0.05788326084 0.2129013038 0)
(-0.07402867285 0.2099961114 3.375975581e-23)
(-0.08995442615 0.1983435762 -7.001557924e-23)
(-0.1058854441 0.1787583792 5.625164112e-23)
(-0.1220733758 0.1510028323 2.882995078e-22)
(-0.1386734832 0.1142827568 -1.081416293e-23)
(-0.1556216172 0.06766930836 0)
(-0.1724808916 0.01049187256 -3.448001529e-22)
(-0.188167984 -0.0572001063 7.24165232e-22)
(-0.2006247271 -0.1338422418 8.553069842e-22)
(-0.2064351864 -0.215115056 -5.038053326e-22)
(-0.200530755 -0.291826067 4.952896062e-22)
(-0.1768006861 -0.3470201805 9.615494559e-24)
(-0.1302508123 -0.354115927 -9.769921375e-24)
(-0.06675949542 -0.2808602692 -1.109990365e-22)
(-0.00704414325 -0.1155083667 0)
(-0.0009784413957 0.06423619081 -1.858158103e-23)
(-0.01225296896 0.1472136416 -1.294146417e-21)
(-0.02513191613 0.1957283618 1.062955055e-21)
(-0.03791823043 0.2195299768 6.564047974e-22)
(-0.04907470554 0.2268844009 5.853021351e-22)
(-0.05878990723 0.2231230955 6.449604395e-22)
(-0.06757135645 0.2110924735 -4.304516559e-23)
(-0.07609513543 0.1917918667 -3.351829778e-22)
(-0.08506921716 0.1650094644 2.084416562e-22)
(-0.09516468122 0.1298361366 0)
(-0.1069397779 0.08504778418 0)
(-0.1207175969 0.02940878353 2.589202736e-22)
(-0.1363395905 -0.03797975462 8.407229071e-23)
(-0.1527616132 -0.1171325988 -2.681129534e-22)
(-0.1674282956 -0.2058958703 -5.267921989e-23)
(-0.1753572075 -0.2974916416 1.340775436e-22)
(-0.1687360934 -0.3758935834 -3.248825151e-22)
(-0.1373613648 -0.4100883632 -2.838608189e-23)
(-0.0803511428 -0.3506881364 1.10847353e-22)
(-0.01049361547 -0.1578974219 -6.214532527e-22)
(-0.002330165479 0.07268319163 0)
(-0.01649420072 0.1603042743 2.096341985e-21)
(-0.02818784609 0.208297384 0)
(-0.03663482328 0.229340013 -1.32136482e-21)
(-0.04080432529 0.2337639349 6.389517396e-23)
(-0.04188376061 0.2277911556 -6.01115514e-22)
(-0.04110378237 0.2146316921 -4.631255245e-22)
(-0.03969259607 0.1954229072 8.057822354e-22)
(-0.03882248777 0.1699930355 -1.82565386e-22)
(-0.03962980311 0.1374029115 0)
(-0.04321807181 0.09629136633 0)
(-0.05060928635 0.0450851969 2.520045886e-23)
(-0.06261505773 -0.01782007933 -5.874381696e-22)
(-0.07948454914 -0.09382927063 -4.215987603e-22)
(-0.1002854638 -0.1832301084 4.578639122e-22)
(-0.1215029348 -0.2830643664 -6.321432805e-22)
(-0.1355923106 -0.3814410301 8.401388323e-23)
(-0.1278964794 -0.4478885664 4.239239662e-23)
(-0.08945930361 -0.4173652323 5.714712174e-22)
(-0.01529213202 -0.2097974306 6.202821576e-22)
(-0.005241199787 0.0855734117 0)
(-0.02596829936 0.1751061952 1.4823873e-22)
(-0.0364775006 0.2180963442 -4.830751884e-23)
(-0.03903662491 0.232426759 7.490046747e-22)
(-0.03374238332 0.2312215033 -6.853595584e-22)
(-0.02349156555 0.2214222333 4.640529056e-23)
(-0.0105211887 0.2063201909 -1.012519763e-22)
(0.003306442338 0.1869790998 -3.296601268e-22)
(0.01639323835 0.1631784795 2.016718484e-22)
(0.0272506912 0.1339647262 0)
(0.03438508277 0.09796004239 0)
(0.03625638102 0.05350394722 -2.84728063e-22)
(0.03123464916 -0.001295750938 0)
(0.01785149928 -0.0686578989 -5.462111886e-22)
(-0.004924091674 -0.1508228256 -1.193840156e-23)
(-0.0361939485 -0.2490356811 2.529027139e-23)
(-0.07153472671 -0.358434617 2.127872872e-22)
(-0.09387123194 -0.4560380312 5.030798679e-24)
(-0.08783786536 -0.4681624178 -5.849510247e-22)
(-0.02109528671 -0.2688263843 0)
(-0.01114863334 0.1085598041 0)
(-0.04307419872 0.193996316 -8.711202039e-22)
(-0.04940099702 0.224328297 -5.356907525e-22)
(-0.04160789865 0.2261876029 4.49861072e-22)
(-0.02212246885 0.2160455378 -1.779188792e-24)
(0.003528138337 0.2008197882 -4.493098666e-23)
(0.03195911711 0.1832209117 5.582651638e-22)
(0.06076496252 0.1638121105 -2.708840587e-23)
(0.08810186471 0.1421075345 -2.022578387e-22)
(0.1123231556 0.1170799322 3.083055588e-23)
(0.1317523281 0.08740255985 -3.370009293e-23)
(0.144566254 0.05153229874 -3.645754151e-23)
(0.1485759795 0.007699008514 3.174577878e-22)
(0.1414583433 -0.0464890625 6.066063195e-22)
(0.1205215136 -0.1140422694 -5.06830086e-22)
(0.08385148877 -0.1994226418 -1.624936142e-22)
(0.02988094062 -0.3060001837 1.508168299e-22)
(-0.02511693077 -0.4232077526 7.28617349e-23)
(-0.06556682441 -0.486280688 1.909582317e-21)
(-0.02518433718 -0.3284697831 2.950722708e-21)
(-0.02002573739 0.1462685559 -4.356622448e-23)
(-0.06443343957 0.2111744342 4.383595996e-23)
(-0.05156466562 0.2170791873 9.926677331e-22)
(-0.02095867067 0.2003684883 -6.402534693e-24)
(0.0217177804 0.1795897729 0)
(0.0683645746 0.1594049877 4.30407513e-23)
(0.11530834 0.1405981422 -2.235792383e-22)
(0.1603374875 0.1226488824 -8.864276643e-23)
(0.2019378678 0.1045886551 3.609911879e-23)
(0.2387482219 0.08528836441 -1.669274289e-23)
(0.2692645207 0.06354691895 3.373996578e-23)
(0.2917245877 0.03809628429 -6.508648845e-23)
(0.3035963267 0.007457270554 -9.198405275e-23)
(0.3023373774 -0.02995458544 1.509789188e-22)
(0.2842505514 -0.07707987919 0)
(0.2453472832 -0.139377646 1.517318532e-22)
(0.1797234485 -0.2263468165 2.54971842e-22)
(0.09503170213 -0.3440964998 0)
(-0.007223107589 -0.4548988397 -3.668434148e-21)
(-0.01930857492 -0.3774567037 -2.888427063e-21)
(-0.02585914435 0.2278888672 -9.495617921e-22)
(-0.03988673862 0.2239650133 -1.382990699e-22)
(0.03645630051 0.1809357829 -2.317512987e-22)
(0.1085119162 0.1447150913 -1.1815255e-22)
(0.1806072088 0.116677637 -4.280179649e-23)
(0.2472841297 0.095673111 9.689001932e-23)
(0.3077657362 0.07949830533 -1.388675272e-22)
(0.3619525021 0.06620932556 1.274495569e-22)
(0.4097426404 0.05434791352 -8.455487867e-23)
(0.4507249039 0.04278636206 1.133292209e-25)
(0.484048975 0.03058875629 1.505675782e-23)
(0.5083041461 0.0169252426 7.895437291e-23)
(0.5216389469 0.0009500315696 -1.794976032e-22)
(0.5216507208 -0.01821632842 -1.609988472e-22)
(0.5040994439 -0.04251937718 -4.260585267e-23)
(0.4650684865 -0.07611123348 0)
(0.3946930647 -0.1285309727 -1.826620973e-22)
(0.2911803697 -0.2208280137 8.12676385e-22)
(0.1194845029 -0.3524828841 1.628252716e-21)
(0.02663974173 -0.3775109435 2.170912878e-21)
(0.2143523177 0.1348065267 9.844477317e-22)
(0.2778275445 0.09878464876 0)
(0.4318794714 0.0581419144 -2.585332072e-22)
(0.5305683387 0.03845049195 -1.737303761e-22)
(0.6015329739 0.02618418765 0)
(0.6566366512 0.01825518375 -5.957645103e-23)
(0.7007324291 0.01307974409 6.28534465e-23)
(0.7365815667 0.009510658796 -1.76429506e-23)
(0.7657885804 0.00680659988 2.829075484e-23)
(0.7890570396 0.004501356793 2.270679433e-23)
(0.8064080358 0.002286328415 0)
(0.8174043544 -6.589773397e-05 -2.834019145e-23)
(0.8210335562 -0.002626297885 0)
(0.8158776448 -0.005640820976 2.721563579e-23)
(0.7989728871 -0.009568397213 1.436054208e-23)
(0.7679748593 -0.01498927819 -5.773569817e-23)
(0.7106887889 -0.02503951895 -2.523585869e-22)
(0.6235429623 -0.04206318264 -6.900858602e-22)
(0.4230067459 -0.09185069111 0)
(0.2705613265 -0.1524119218 -2.117783594e-21)
)


// ************************************************************************* //
