/*--------------------------------*- C++ -*----------------------------------*\
  =========                 |
  \\      /  F ield         | OpenFOAM: The Open Source CFD Toolbox
   \\    /   O peration     | Website:  https://openfoam.org
    \\  /    A nd           | Version:  13
     \\/     M anipulation  |
\*---------------------------------------------------------------------------*/
FoamFile
{
    format      ascii;
    class       scalarField;
    location    "26.17";
    object      p_all;
}
// * * * * * * * * * * * * * * * * * * * * * * * * * * * * * * * * * * * * * //


400
(
8.682426114e-07
-0.0005464847207
-0.0008885195212
-0.00101599762
-0.0009371234896
-0.0006842407328
-0.0002949287753
0.0001948042003
0.0007484276708
0.001325470126
0.001880311055
0.002360098098
0.002709430692
0.002875202827
0.002815875674
0.002513459088
0.001988430406
0.001297931374
0.000639028749
4.314401049e-05
0.0005891228682
7.853041081e-06
-0.0003558616766
-0.0004981798823
-0.0004675280377
-0.0002904567288
3.665849734e-06
0.0003855443802
0.0008237490185
0.00128099867
0.00171745459
0.002081976088
0.002324206498
0.0023967849
0.002265833761
0.001922569833
0.001393736111
0.0007443890329
0.0001467609403
-0.0005159168169
0.0009533525406
0.0003089697268
-9.22558192e-05
-0.0002385595557
-0.0002324247556
-0.000103925216
0.0001229132469
0.0004268156432
0.0007840502577
0.001162599376
0.001530643266
0.001834057205
0.002022915711
0.002048507485
0.001875703375
0.001494683853
0.0009294211182
0.0002364687416
-0.0004619824491
-0.001298940618
0.0009770580074
0.0002589087034
-0.0001913243538
-0.000343593061
-0.0003528215858
-0.0002558141367
-7.321219111e-05
0.0001823983557
0.0004974859241
0.0008518157116
0.001204195146
0.00151169567
0.001713514833
0.001749123691
0.001569660664
0.001151743675
0.0005071926844
-0.0003172599434
-0.001232566741
-0.002383337024
0.0004814075561
-0.000284050977
-0.0007629449759
-0.0009146334796
-0.0009356295142
-0.0008671642349
-0.0007242198355
-0.0005072566826
-0.0002159894255
0.0001403402489
0.0005313031569
0.0009086276404
0.001201087579
0.001327795
0.001212336987
0.0008015207822
8.129965647e-05
-0.0009162659058
-0.002126217969
-0.003654678826
-0.0006854143878
-0.001466160557
-0.001955186015
-0.002106225427
-0.002148980475
-0.002125591767
-0.002041161044
-0.001878489078
-0.001616333088
-0.001244268757
-0.0007778320604
-0.0002615573874
0.0002219371889
0.0005628221617
0.0006391858385
0.0003428970047
-0.0003916386271
-0.001562644762
-0.003133392158
-0.005140581422
-0.002660824542
-0.003422506807
-0.003914339109
-0.004079687384
-0.004177019378
-0.004246026749
-0.004276988982
-0.004227872796
-0.004046212327
-0.003688214473
-0.003139332824
-0.002425321784
-0.001632076185
-0.0009020106652
-0.000423404641
-0.0003972675658
-0.0009868022848
-0.002259116984
-0.004231237788
-0.006826762531
-0.005553922706
-0.006268836258
-0.006767093824
-0.006980998564
-0.007194331562
-0.007442162787
-0.007695795576
-0.007880786322
-0.007900683181
-0.007659068989
-0.007085767316
-0.006157898263
-0.004942160382
-0.003603307537
-0.002412407869
-0.001713016044
-0.001841713302
-0.003013515997
-0.005366915906
-0.008660654474
-0.009434019629
-0.01008035367
-0.01059720083
-0.01090939505
-0.01132472529
-0.01187451885
-0.01250979675
-0.01311807386
-0.01354614628
-0.01362164808
-0.01318072642
-0.0121193603
-0.01042628674
-0.008254867689
-0.005954704794
-0.004060346059
-0.003188657948
-0.003841575038
-0.006424949705
-0.01049008563
-0.01431565393
-0.01487464765
-0.01542161655
-0.01588081062
-0.01658856422
-0.01757858588
-0.0187853233
-0.02005733241
-0.02117571137
-0.02187168247
-0.0218554115
-0.02087028405
-0.01876997324
-0.01561821491
-0.01179328309
-0.008035649641
-0.005358298771
-0.004758612672
-0.007179637895
-0.01197767965
-0.02015302565
-0.02060326475
-0.02117343327
-0.02179538136
-0.02285064212
-0.02438877426
-0.02633750244
-0.02851174765
-0.0306255639
-0.03230140362
-0.03309310636
-0.03253854834
-0.03028036641
-0.02617664905
-0.02052296135
-0.01420212547
-0.008689864326
-0.005725031312
-0.007217717233
-0.01246484926
-0.02685492392
-0.02716070842
-0.02770112801
-0.0284214854
-0.02978758455
-0.03188738909
-0.03465702493
-0.0378876399
-0.04123179548
-0.04420282591
-0.04618585189
-0.04647650979
-0.0444608572
-0.03965789857
-0.03211901053
-0.02269687996
-0.01326483588
-0.006484322195
-0.005807089591
-0.01076370511
-0.03433317839
-0.03441662873
-0.03478796283
-0.03540299477
-0.03689020848
-0.03940822706
-0.04291812016
-0.04719561101
-0.05183788484
-0.0562561207
-0.05967744955
-0.06118863392
-0.05977733632
-0.05465368992
-0.04543909422
-0.0326978724
-0.01845139207
-0.006244327128
-0.00167246831
-0.004872159901
-0.04260825435
-0.04227787976
-0.042194114
-0.04229440182
-0.0435120653
-0.0461146375
-0.05009771024
-0.05521834811
-0.06101292758
-0.06679398709
-0.07163793875
-0.0744109008
-0.07383056732
-0.0686730155
-0.05807021018
-0.04206020305
-0.02243852222
-0.003255787785
0.007348413765
0.00834272836
-0.05200874468
-0.05075946266
-0.04967632519
-0.04857741971
-0.04892522312
-0.05111854362
-0.05517110548
-0.06079433507
-0.06743355221
-0.0742878912
-0.08028080883
-0.08407436367
-0.08412894435
-0.07883599244
-0.06684140601
-0.04752212741
-0.02212623799
0.005502966548
0.0247165115
0.03352847233
-0.06365438331
-0.06018775117
-0.05709596621
-0.05376305114
-0.0524641528
-0.05367872283
-0.05736342352
-0.06313654034
-0.07026091091
-0.07779935632
-0.08449110596
-0.08878445112
-0.08889696872
-0.08283842675
-0.06884968977
-0.04561983352
-0.01375059796
0.02441782071
0.05554055288
0.07735674792
-0.08018503695
-0.07107366346
-0.06412001932
-0.0571644127
-0.05343054792
-0.05321453144
-0.05625815053
-0.06191304713
-0.06925810062
-0.07711607117
-0.0840113984
-0.08815099495
-0.08747960775
-0.07965557484
-0.0624786324
-0.03404970459
0.005565510815
0.05859489237
0.1058238398
0.1480685302
-0.1105065721
-0.08585394454
-0.07160601857
-0.05897119506
-0.05191359134
-0.04988322206
-0.0521028765
-0.05750888301
-0.06485960371
-0.07270845619
-0.07933993246
-0.08271337154
-0.08051932463
-0.06988643031
-0.04823170991
-0.01272191326
0.03823675837
0.1071327413
0.1779793019
0.2564771293
-0.1684368897
-0.09990826397
-0.07500847027
-0.05479820596
-0.04461934634
-0.0415857719
-0.04371824469
-0.0493820174
-0.05701755762
-0.06497108134
-0.0713619859
-0.07398037231
-0.07012933866
-0.05701305848
-0.03102787245
0.01192999844
0.0756000782
0.1664048147
0.2761625861
0.4377048683
-0.3984281471
-0.1380994716
-0.07497071829
-0.04708882094
-0.03354988552
-0.03003059241
-0.03280264725
-0.039265304
-0.04755897175
-0.05593946549
-0.06250049937
-0.06502966364
-0.06099505772
-0.04696905506
-0.01875604362
0.02993617298
0.1069563152
0.2334278566
0.4198807997
0.7800239925
)


// ************************************************************************* //
