/*--------------------------------*- C++ -*----------------------------------*\
  =========                 |
  \\      /  F ield         | OpenFOAM: The Open Source CFD Toolbox
   \\    /   O peration     | Website:  https://openfoam.org
    \\  /    A nd           | Version:  13
     \\/     M anipulation  |
\*---------------------------------------------------------------------------*/
FoamFile
{
    format      ascii;
    class       scalarField;
    location    "15.87";
    object      p_all;
}
// * * * * * * * * * * * * * * * * * * * * * * * * * * * * * * * * * * * * * //


400
(
-5.077718996e-07
-0.0005465978993
-0.0008872633382
-0.001013409693
-0.0009334289264
-0.0006796618385
-0.0002896413194
0.0002006839002
0.0007548648752
0.001332521859
0.001888106658
0.00236891235
0.002719637296
0.002887247864
0.002830217082
0.00253046365
0.002008220484
0.001320481624
0.0006633639271
6.869555195e-05
0.0005850660128
5.581711035e-06
-0.0003566037975
-0.0004975203601
-0.0004655517578
-0.0002872437413
8.032169299e-06
0.0003909792166
0.000830200151
0.001288512228
0.001726164549
0.002092099793
0.002336021518
0.00241062312
0.002282023758
0.001941350553
0.001415143065
0.0007682130029
0.0001723051606
-0.0004893159768
0.0009472295106
0.0003050017059
-9.446393121e-05
-0.0002392732014
-0.0002316233819
-0.0001015487003
0.0001268845684
0.0004323452686
0.0007910907374
0.001171348357
0.001540636471
0.001845648293
0.002036336143
0.002064030117
0.001893601197
0.001515143454
0.0009524490738
0.0002618507857
-0.0004349004871
-0.00127027611
0.0009697310421
0.0002540067066
-0.0001942435644
-0.0003448546164
-0.0003522919918
-0.0002533145939
-6.864178619e-05
0.000189033024
0.000506068321
0.0008620112659
0.001216310545
0.001525545984
0.001729191821
0.001766843001
0.001589688834
0.001174303104
0.0005323684723
-0.0002895603343
-0.001202751113
-0.002350977133
0.0004744931441
-0.0002884834192
-0.0007652724471
-0.0009151025616
-0.0009339196473
-0.00086294543
-0.0007173022839
-0.0004976404863
-0.0002038488924
0.0001546659072
0.0005475401924
0.000926523185
0.001220572493
0.001348977922
0.0012354729
0.0008269179089
0.0001092190791
-0.0008856811733
-0.002093049161
-0.00361838084
-0.0006897795167
-0.001468199746
-0.001955102762
-0.0021040287
-0.002144065479
-0.002117413693
-0.002029422859
-0.001863207147
-0.001597823833
-0.001223088888
-0.000754596114
-0.0002368434316
0.0002477342958
0.0005895788759
0.0006670726892
0.0003723179778
-0.0003601469088
-0.001528549856
-0.00309630177
-0.005099680545
-0.002660159823
-0.00341990814
-0.003909649584
-0.004072529261
-0.004166407455
-0.004231121176
-0.004257341182
-0.004203511567
-0.004017629632
-0.003656283267
-0.003105137448
-0.002389931122
-0.001596405487
-0.000866602943
-0.0003883209819
-0.0003620632241
-0.0009506017933
-0.002220829691
-0.004189801462
-0.006780996021
-0.005545758335
-0.006259327778
-0.006755532763
-0.006966466666
-0.007175377679
-0.007417589767
-0.007664956114
-0.007843701628
-0.007858036233
-0.007612122883
-0.007036236296
-0.006107369126
-0.00489233559
-0.003555403472
-0.002366950556
-0.001669679505
-0.001799314798
-0.002970280797
-0.005320875069
-0.008610075444
-0.009416262992
-0.01006199373
-0.01057682778
-0.0108854251
-0.01129517055
-0.01183777979
-0.01246499339
-0.01306519759
-0.01348607004
-0.01355602041
-0.01311168213
-0.01204964154
-0.01035829944
-0.008190675184
-0.005895545092
-0.004006274424
-0.003138377503
-0.003792648107
-0.006374323963
-0.01043523021
-0.01428696563
-0.01484620138
-0.01539123843
-0.01584620412
-0.01654718437
-0.01752841471
-0.01872524164
-0.01998730672
-0.02109680854
-0.0217859619
-0.02176567371
-0.0207797901
-0.01868202422
-0.01553574933
-0.01171836877
-0.007968992511
-0.005298856241
-0.004703570298
-0.007124929648
-0.01191979425
-0.02011311742
-0.02056451385
-0.02113297335
-0.02175026291
-0.02279781403
-0.02432583022
-0.02626311406
-0.02842590152
-0.03052955599
-0.03219769351
-0.0329849951
-0.03242988287
-0.030174976
-0.02607797395
-0.02043363855
-0.01412352586
-0.008621575423
-0.005664429511
-0.007160247101
-0.01240615335
-0.02680471646
-0.02711261785
-0.0276518282
-0.02836755579
-0.02972558087
-0.0318145822
-0.0345719376
-0.03779037406
-0.04112395767
-0.04408735312
-0.04606656208
-0.04635799486
-0.04434614293
-0.03955066686
-0.03202184674
-0.02261133635
-0.01319114777
-0.006420656595
-0.005749401417
-0.01070754235
-0.03427476726
-0.03436130328
-0.03473233272
-0.03534345073
-0.03682303825
-0.03933041154
-0.04282804988
-0.04709359196
-0.05172588872
-0.0561376833
-0.05955683281
-0.06106981476
-0.0596648422
-0.05454980865
-0.04534540311
-0.03261510049
-0.01837975761
-0.006182830165
-0.001618687874
-0.004822851544
-0.04254472744
-0.04221835208
-0.04213565314
-0.04223353639
-0.04344487665
-0.0460377342
-0.05000923162
-0.05511888834
-0.06090473864
-0.06668129835
-0.07152568373
-0.0743036667
-0.07373195991
-0.06858478349
-0.05799256095
-0.0419921482
-0.02237920841
-0.003204242229
0.0073926355
0.008380553054
-0.05194395384
-0.05069948508
-0.04961921017
-0.04852011505
-0.04886353843
-0.05104847542
-0.05509007393
-0.06070351454
-0.06733495363
-0.07418662879
-0.08018247239
-0.08398406195
-0.08405054312
-0.07877059142
-0.06678811223
-0.04747785945
-0.02208852049
0.005536009683
0.0247449991
0.03355071164
-0.06359277078
-0.06013164717
-0.05704477924
-0.05371422258
-0.05241298263
-0.05362016108
-0.05729263668
-0.06305948621
-0.07017478703
-0.07771146621
-0.08440783415
-0.08871167407
-0.08884023247
-0.0827962398
-0.06882180665
-0.0456016625
-0.01373934439
0.02442795608
0.0555490047
0.07736163256
-0.08013148183
-0.0710261975
-0.06407961415
-0.05712865984
-0.05339387113
-0.05317072577
-0.05620322496
-0.06184724433
-0.06918415031
-0.07704024276
-0.08394047679
-0.08809119633
-0.08743422006
-0.07963024241
-0.06247019605
-0.03405400151
0.005547224028
0.05859282866
0.105814364
0.148057698
-0.1104650675
-0.08581891346
-0.07157998089
-0.0589508494
-0.051892912
-0.04985412914
-0.05206148274
-0.05745506362
-0.0647966783
-0.07264266048
-0.07927855123
-0.08266341211
-0.0804877472
-0.06987125805
-0.0482337497
-0.01273747561
0.03821270172
0.1071098541
0.177956219
0.2564531686
-0.1684067597
-0.09988349294
-0.07499451188
-0.05479053191
-0.04461040341
-0.0415679577
-0.04368733158
-0.04933779825
-0.05696323085
-0.06491257016
-0.07130625688
-0.07393384632
-0.07009658085
-0.05699988723
-0.03103184832
0.01191235077
0.07557359692
0.1663758395
0.2761330409
0.4376768512
-0.3983987985
-0.1380772616
-0.07495999339
-0.04708562664
-0.03354612436
-0.03001852962
-0.03277779317
-0.03922710068
-0.047510205
-0.05588553023
-0.0624479944
-0.06498504068
-0.06096329591
-0.04695377015
-0.01875668514
0.02992230293
0.1069333749
0.2334011405
0.419853135
0.7799972244
)


// ************************************************************************* //
