/*--------------------------------*- C++ -*----------------------------------*\
  =========                 |
  \\      /  F ield         | OpenFOAM: The Open Source CFD Toolbox
   \\    /   O peration     | Website:  https://openfoam.org
    \\  /    A nd           | Version:  13
     \\/     M anipulation  |
\*---------------------------------------------------------------------------*/
FoamFile
{
    format      ascii;
    class       vectorField;
    location    "49.15";
    object      U_all;
}
// * * * * * * * * * * * * * * * * * * * * * * * * * * * * * * * * * * * * * //


400
(
(1.100864623e-05 -3.782994778e-05 0)
(-0.0006660921823 0.000413043021 -1.551449711e-23)
(-0.002185372861 0.0009203930625 0)
(-0.004047831786 0.001312780351 0)
(-0.00597186922 0.001535066628 6.845899139e-25)
(-0.007762785187 0.001569850314 4.150666621e-24)
(-0.009284545951 0.001423565919 -7.374020361e-24)
(-0.01043593984 0.001119723325 7.530003296e-24)
(-0.01113681174 0.0006960799261 -2.095296288e-25)
(-0.01132711021 0.0002030739976 -3.994549869e-24)
(-0.01097177394 -0.0003002358605 5.803487042e-24)
(-0.01007233107 -0.0007475162496 -5.929463714e-23)
(-0.008679883326 -0.001075560691 -6.552605258e-23)
(-0.00690285462 -0.001233042179 -7.784252647e-23)
(-0.004910737289 -0.001192637628 4.573549738e-24)
(-0.002927228886 -0.0009619211545 -4.137883735e-24)
(-0.001205294628 -0.000591213202 -1.99871478e-22)
(-1.906355611e-05 -0.0001698842962 0)
(0.0005181580162 0.0001720845905 1.509268224e-25)
(0.0002227533331 0.0003059775809 -2.548347828e-24)
(-0.0002633615153 0.0008289728115 1.382855164e-25)
(-0.002703303901 0.003383844064 1.561249671e-23)
(-0.006907275469 0.005604501932 1.555561201e-25)
(-0.01195231739 0.007008206306 -8.496225778e-25)
(-0.01713504286 0.007553775273 1.162263664e-24)
(-0.02197535569 0.007294201704 1.307007108e-23)
(-0.02611076479 0.006321898518 1.387108816e-24)
(-0.02926565137 0.004754196844 -7.281750121e-24)
(-0.03122673164 0.002737152405 1.015233775e-23)
(-0.03184200851 0.0004524036029 4.50988033e-24)
(-0.03102761206 -0.001884147564 -6.318749402e-24)
(-0.0287931652 -0.004023030721 2.961627906e-24)
(-0.02527138519 -0.005708353362 3.895492887e-23)
(-0.02073195232 -0.006707407447 -1.954742698e-24)
(-0.01558962926 -0.00685413949 3.754432987e-24)
(-0.01038513372 -0.006097466458 -9.740862337e-23)
(-0.005730268068 -0.00454619093 9.637471489e-23)
(-0.002233360984 -0.002507423966 -3.960712022e-25)
(-0.0001817705393 -0.0005023765623 4.060601902e-25)
(8.34378285e-05 0.0006099216934 0)
(-0.0004188226656 0.002935080666 -2.910270227e-25)
(-0.004647874078 0.008804017817 1.701863272e-23)
(-0.01137196131 0.01324042751 -8.285324346e-24)
(-0.01932729159 0.01579204285 -2.075624819e-25)
(-0.02747411629 0.01652999951 2.039084674e-25)
(-0.03511778705 0.01564441499 6.782261407e-27)
(-0.04171344831 0.01335997592 -1.219650437e-24)
(-0.04683571956 0.009919773571 -4.550685234e-25)
(-0.05014989268 0.005602436928 -1.06305249e-23)
(-0.05141232184 0.0007444231226 0)
(-0.05047793385 -0.004241779945 0)
(-0.04733706289 -0.008887188176 2.670966399e-23)
(-0.04215927969 -0.01268177095 2.812973553e-23)
(-0.03531437662 -0.01513605278 -1.646140597e-24)
(-0.02738996597 -0.01586189647 4.845804862e-23)
(-0.01917006065 -0.01467334352 9.419169752e-23)
(-0.01156090531 -0.01169360724 3.975630962e-23)
(-0.00546540665 -0.007450747709 4.141377127e-25)
(-0.001451094406 -0.002936048513 1.074081416e-25)
(-9.072442402e-05 0.000225872 0)
(-0.0005024620924 0.006045350324 -4.248752742e-23)
(-0.006402738472 0.01637075645 -1.692086776e-23)
(-0.01553502495 0.02355933911 8.212161667e-24)
(-0.02627912279 0.02744163082 0)
(-0.03728746985 0.0283210254 0)
(-0.04769037591 0.02658772638 0)
(-0.0567966305 0.02263120217 -4.464633888e-26)
(-0.06405384101 0.01683609124 -2.137110381e-24)
(-0.06901081702 0.009622183118 0)
(-0.07130828149 0.001491050524 1.635317494e-24)
(-0.07070853793 -0.006936502729 2.802695391e-25)
(-0.06713039669 -0.01493018762 -2.810542872e-25)
(-0.06069905883 -0.02166728167 0)
(-0.05180750901 -0.02631605828 4.133191985e-23)
(-0.04114992103 -0.02816070952 -4.681519873e-23)
(-0.02971970528 -0.02677372296 -2.761905889e-23)
(-0.01873716659 -0.02221530607 -3.960774824e-23)
(-0.009488025086 -0.01521922369 7.795987134e-25)
(-0.002976876233 -0.007298197743 9.790473212e-23)
(-0.0002318775689 -0.0008661716923 0)
(-0.0005316126278 0.01009501733 4.269412692e-23)
(-0.007983591712 0.02595219599 4.785558903e-25)
(-0.01939687384 0.03642882957 -4.676258303e-25)
(-0.03282382552 0.04185521037 0)
(-0.0466468929 0.04289485708 7.78311611e-25)
(-0.05985230032 0.04020074486 -7.675200374e-25)
(-0.07163291698 0.03434741918 3.672329115e-23)
(-0.08132751481 0.02585664088 1.848253954e-23)
(-0.08836601247 0.01527298198 6.238966483e-24)
(-0.09225469673 0.003246145397 -1.637222661e-24)
(-0.09260379921 -0.009407833391 0)
(-0.08917555708 -0.02167478023 4.370455609e-25)
(-0.08195979563 -0.03236745008 1.008953423e-23)
(-0.07126885877 -0.04021250084 -4.34921856e-23)
(-0.05782019307 -0.0440204627 1.932860374e-24)
(-0.04278583351 -0.04294829258 4.217186741e-23)
(-0.02775450466 -0.03683346813 -3.841670773e-25)
(-0.01455062209 -0.0265272093 0)
(-0.004859460653 -0.01408454575 5.436524291e-23)
(-0.0003641473164 -0.002846954916 -2.565087252e-22)
(-0.000527221636 0.01499927962 9.841666819e-23)
(-0.009377926071 0.0373902259 -4.907848317e-25)
(-0.02288182744 0.05170223212 0)
(-0.03883043532 0.05894183318 0)
(-0.05538656934 0.06025574897 -8.73218168e-23)
(-0.07142877016 0.05661901417 -8.499149569e-23)
(-0.08606654606 0.04880169106 -4.067588388e-23)
(-0.09855086446 0.03743980706 -1.504385295e-23)
(-0.1081945346 0.02315983962 -5.368994353e-24)
(-0.1143444749 0.006709677732 -8.175032816e-24)
(-0.1164046217 -0.01093292371 6.60119299e-24)
(-0.113893741 -0.02848945225 8.826890901e-24)
(-0.1065487002 -0.04437046346 -1.892322784e-23)
(-0.09446804442 -0.05675333756 4.60868427e-24)
(-0.07826857385 -0.06378298567 0)
(-0.05922895861 -0.06393495252 -1.572829099e-23)
(-0.03933982154 -0.05653816086 -2.430565858e-26)
(-0.02114188891 -0.04235808976 0)
(-0.007318702755 -0.02398229359 -1.520656256e-22)
(-0.0005216164417 -0.005925544764 6.056289735e-22)
(-0.0004990828787 0.02064574674 -9.774617704e-23)
(-0.01052951124 0.05045438568 2.8319974e-22)
(-0.02582957583 0.06912512128 1.5268667e-22)
(-0.04402138406 0.07849258259 3.619298934e-24)
(-0.063107393 0.08029476699 -7.319348266e-23)
(-0.08190405316 0.07588043187 9.043609362e-23)
(-0.09947764044 0.06621690961 -3.590235471e-24)
(-0.1150227421 0.05201695271 -1.729177725e-24)
(-0.127751922 0.03392358572 2.524171388e-24)
(-0.1368472626 0.01270233113 7.382664829e-24)
(-0.1414710529 -0.01058782555 -6.500934715e-24)
(-0.140824818 -0.03446024691 -9.788333176e-24)
(-0.1342745974 -0.05692772034 -3.261721811e-23)
(-0.1215450263 -0.07553316464 -3.661653356e-23)
(-0.1029672695 -0.08754260679 5.646287788e-25)
(-0.07976370298 -0.09039209653 0)
(-0.05426682793 -0.08244513655 0)
(-0.02987161135 -0.0639773676 -2.906083792e-24)
(-0.01066285245 -0.03798794642 2.970533446e-24)
(-0.0007350940928 -0.01050089395 1.027875206e-22)
(-0.0004479163995 0.02687251113 0)
(-0.01134923262 0.06480757789 2.001982896e-22)
(-0.02801599825 0.08829617686 8.962061884e-23)
(-0.04799857506 0.1001234993 0)
(-0.06920602159 0.1027076595 1.569890629e-22)
(-0.09044373414 0.09781578979 0)
(-0.1107831715 0.08661103339 -1.428393245e-22)
(-0.129409381 0.06983950598 6.51558481e-24)
(-0.1454771686 0.04808232332 0)
(-0.1580351855 0.02201755559 0)
(-0.1660133481 -0.007334441698 -1.374416061e-24)
(-0.1682671569 -0.03838840099 -9.316856673e-25)
(-0.1637064706 -0.0688397633 1.491989665e-22)
(-0.1515208779 -0.09558276232 -4.704618264e-23)
(-0.1315134582 -0.1148298697 -2.561007872e-24)
(-0.1045596108 -0.1225703437 1.534761179e-24)
(-0.0730935019 -0.115551798 -1.558970934e-24)
(-0.04135021712 -0.09283115633 0)
(-0.01525230399 -0.05740767634 3.203825213e-24)
(-0.001044309542 -0.01714714398 -1.012917439e-21)
(-0.0003744659175 0.03346304541 0)
(-0.01175006002 0.07998918891 -1.128300317e-22)
(-0.02920707959 0.1086390978 -6.191167592e-22)
(-0.05031745125 0.1232234036 -3.755315952e-22)
(-0.07296317588 0.1269097082 0)
(-0.09598960403 0.1219255684 4.119466951e-22)
(-0.1185273516 0.109634868 1.260929331e-22)
(-0.1398146466 0.09078246155 -5.581848011e-24)
(-0.1590221605 0.06581393336 5.554220863e-24)
(-0.1751461055 0.03520881134 0)
(-0.1869560025 -0.0001967484131 2.912134192e-23)
(-0.1930172675 -0.03889754641 4.695850262e-24)
(-0.1917809931 -0.07843888985 -1.076813387e-22)
(-0.1817874452 -0.1151865432 8.004263602e-23)
(-0.1620570455 -0.1442599518 -2.419755892e-22)
(-0.1327062024 -0.1598548675 0)
(-0.09577888388 -0.1563112922 0)
(-0.05601633236 -0.1302981106 0)
(-0.0214785923 -0.083811352 0)
(-0.001500384881 -0.02665516276 5.572134317e-22)
(-0.0002873897281 0.04016077893 0)
(-0.01169359587 0.09543611743 -3.493024753e-22)
(-0.02924438248 0.1294073658 8.932817646e-22)
(-0.05060947268 0.1469299205 3.617187984e-22)
(-0.07370082659 0.1519748714 0)
(-0.09745151205 0.1472758003 -3.862564145e-22)
(-0.1211069856 0.1344191987 -3.174436774e-23)
(-0.1440324819 0.1141393351 3.333110563e-22)
(-0.1655143278 0.08670006855 1.7694772e-22)
(-0.1846248564 0.0522912363 -4.060156321e-23)
(-0.2001325844 0.01141716194 1.656822124e-23)
(-0.2104622465 -0.03471424301 -8.265258263e-24)
(-0.2137208541 -0.08376563919 3.371861953e-22)
(-0.2078215506 -0.1318756392 0)
(-0.1908238542 -0.1732756187 2.420924923e-22)
(-0.1616335746 -0.2002593444 5.774806882e-24)
(-0.12116627 -0.2040121752 -5.860926335e-24)
(-0.07384989884 -0.1772119987 1.548457863e-22)
(-0.0297178687 -0.1188642343 -5.43549121e-24)
(-0.00217954521 -0.0400539878 0)
(-0.0002117201208 0.04671640196 0)
(-0.01125001115 0.1105498158 0)
(-0.02815624432 0.1497355036 -5.022765506e-22)
(-0.04874479224 0.1701517636 -1.881000591e-23)
(-0.07100086524 0.176625718 2.038381782e-23)
(-0.09399451406 0.1724526544 -2.014314243e-23)
(-0.11714343 0.1594871018 -2.316887131e-23)
(-0.1400179516 0.1384805111 -3.029828574e-22)
(-0.162132891 0.1095160741 6.698617459e-23)
(-0.1827959057 0.07245187176 4.513182775e-23)
(-0.2009835571 0.02734928978 -4.577724851e-23)
(-0.215227027 -0.02508697739 0)
(-0.2235562213 -0.08298351472 -7.8396983e-23)
(-0.2234632194 -0.1427257356 0)
(-0.212067943 -0.1981820917 -3.73956695e-22)
(-0.1867434549 -0.2400773738 5.244963638e-22)
(-0.1464438306 -0.2560773455 0)
(-0.09394567751 -0.2331209541 -1.494003645e-22)
(-0.04022001003 -0.1639613683 1.937560415e-22)
(-0.003201100223 -0.0586106323 -3.41153998e-22)
(-0.0002015411651 0.05297585243 0)
(-0.01067261937 0.1248172421 9.182880984e-22)
(-0.02628446708 0.1687424617 -2.440688479e-23)
(-0.04501107741 0.1916455173 9.193348081e-22)
(-0.06494597334 0.1992921083 -2.512089263e-23)
(-0.08536628339 0.1956104343 2.838847889e-23)
(-0.1059305634 0.1827886865 -2.812933915e-23)
(-0.1264924181 0.1616583528 -1.66091996e-23)
(-0.1468996847 0.1321762318 -5.26023494e-22)
(-0.166845816 0.09389646813 -8.906637791e-24)
(-0.1857303025 0.0464057645 9.660203862e-24)
(-0.2024781684 -0.01023784661 3.313080319e-22)
(-0.2154154608 -0.07499820349 -5.820744715e-22)
(-0.2220209709 -0.1450311852 0)
(-0.2188032098 -0.2146760642 8.887333148e-22)
(-0.201625752 -0.2740016455 -4.940895706e-22)
(-0.166863919 -0.3075811994 -1.572226096e-23)
(-0.1140220093 -0.2953811947 0)
(-0.05288482014 -0.2195802604 -1.890193944e-22)
(-0.004749188099 -0.0837727806 3.360597581e-22)
(-0.000364198642 0.05902317877 1.55101216e-23)
(-0.01049574009 0.1379881528 -8.764208136e-22)
(-0.02441389603 0.1856804135 -1.15706023e-21)
(-0.04026724375 0.2101384785 -8.628996411e-22)
(-0.05630729411 0.2182348941 0)
(-0.07214856264 0.2146190293 3.513809045e-23)
(-0.08779221321 0.2018791972 -7.29487437e-23)
(-0.1034562765 0.1810005622 5.867890858e-23)
(-0.1193983852 0.1518997251 3.021370046e-22)
(-0.1357931531 0.1139150577 -1.128196837e-23)
(-0.1526082309 0.06621425025 0)
(-0.1694521366 0.008177203909 -3.603932618e-22)
(-0.185276059 -0.06015987697 7.515673863e-22)
(-0.1980448511 -0.1372747018 8.83171042e-22)
(-0.2043546258 -0.2189261901 -5.296632383e-22)
(-0.1990977608 -0.2959712933 5.16269498e-22)
(-0.1760605326 -0.3514072615 1.07823594e-23)
(-0.1300890629 -0.3584150812 -1.095551029e-23)
(-0.06688803302 -0.2843276534 -8.215232865e-23)
(-0.00708331991 -0.1169964428 0)
(-0.0009095777147 0.06540041662 -1.911488754e-23)
(-0.01167591783 0.1502816432 -1.326966791e-21)
(-0.02388882126 0.200065959 1.094238552e-21)
(-0.03601340352 0.2244217 6.734935316e-22)
(-0.04657308516 0.2316588275 6.014636329e-22)
(-0.05577038159 0.227239372 6.643962095e-22)
(-0.06411245353 0.2141774891 -4.458681432e-23)
(-0.07227561242 0.1936494387 -3.461339818e-22)
(-0.08096972565 0.1656028315 2.152164046e-22)
(-0.09087191971 0.1292707348 0)
(-0.1025547423 0.08353082383 0)
(-0.1163622132 0.0272001063 2.655398543e-22)
(-0.1321589539 -0.04062006103 8.194326992e-23)
(-0.14892523 -0.1200128316 -2.821625917e-22)
(-0.1641284266 -0.2089300699 -5.411275303e-23)
(-0.1727877608 -0.3006992517 1.301952368e-22)
(-0.1670311297 -0.3793329116 -3.400509912e-22)
(-0.1365292435 -0.4136451986 -1.593801815e-23)
(-0.0801825013 -0.353832622 8.204005659e-23)
(-0.01050762293 -0.1594130577 -6.032152531e-22)
(-0.002260498652 0.07348883616 0)
(-0.01580355724 0.1626521788 2.145876437e-21)
(-0.02665042623 0.2117904764 0)
(-0.03422339549 0.2333947305 -1.351808929e-21)
(-0.0375939832 0.2377766858 6.184057268e-23)
(-0.03799684979 0.2312553545 -6.193099399e-22)
(-0.03668265571 0.2171899021 -4.756287418e-22)
(-0.03489035981 0.1968934491 8.301260557e-22)
(-0.0337883755 0.1703342373 -1.885699461e-22)
(-0.03449876098 0.136722106 0)
(-0.0381157241 0.09479673442 0)
(-0.04564992176 0.04304286415 2.410614659e-23)
(-0.05790804097 -0.02013781366 -6.007201954e-22)
(-0.07514598383 -0.0962065031 -4.309569522e-22)
(-0.09645174859 -0.1855556179 4.637865145e-22)
(-0.1183462606 -0.2853567777 -6.488740609e-22)
(-0.1332715375 -0.3838386541 9.119949543e-23)
(-0.1265350983 -0.4504358723 2.937284352e-23)
(-0.08899154069 -0.4198536385 5.660441082e-22)
(-0.01526917931 -0.2111719737 6.020785287e-22)
(-0.005180899879 0.08598045994 0)
(-0.02525550772 0.17662912 1.465579511e-22)
(-0.03483408001 0.2205961571 -4.917147806e-23)
(-0.03640013814 0.2354859373 7.642935649e-22)
(-0.03018482925 0.2343406777 -7.005382484e-22)
(-0.01916579248 0.2241603901 4.746483563e-23)
(-0.00561514774 0.2083525854 -1.018610229e-22)
(0.008569610892 0.1881241087 -3.389890576e-22)
(0.02179886521 0.1633911261 2.062823676e-22)
(0.03262781819 0.1333242718 0)
(0.03958458883 0.09664086017 0)
(0.04117013548 0.05174056282 -2.902669045e-22)
(0.03578484075 -0.003255399184 0)
(0.02198184898 -0.07058360945 -5.512189468e-22)
(-0.001264844205 -0.1525735514 -1.492377896e-23)
(-0.03310469725 -0.2505949852 2.559743317e-23)
(-0.06909235692 -0.359934152 2.203146459e-22)
(-0.0922782692 -0.4575424531 4.78806604e-24)
(-0.08718089888 -0.469812942 -5.789409334e-22)
(-0.02103127144 -0.2698972299 0)
(-0.01111631588 0.1085974968 0)
(-0.04248901911 0.1947151674 -8.848484407e-22)
(-0.04795528921 0.2258195516 -5.411042594e-22)
(-0.03919535891 0.2282135567 4.543819477e-22)
(-0.01877830218 0.218232815 -1.709984624e-24)
(0.007664314851 0.202822037 -4.561052496e-23)
(0.03667993534 0.1847619781 5.696685075e-22)
(0.06582998783 0.1647118224 -2.766891638e-23)
(0.09327131147 0.1423128182 -2.069782572e-22)
(0.1173891635 0.1166274939 3.142214792e-23)
(0.1365461715 0.08641143854 -3.425918497e-23)
(0.1489669292 0.05017668973 -3.690595524e-23)
(0.1525275801 0.00615916626 3.20563482e-22)
(0.1449367047 -0.04796127092 6.119608907e-22)
(0.1235159803 -0.1153052914 -5.101174198e-22)
(0.08633533531 -0.2004195653 -1.616060237e-22)
(0.03199089373 -0.3067806594 1.531306061e-22)
(-0.02362123095 -0.4239837147 7.293650818e-23)
(-0.06492413025 -0.4871612791 1.913291375e-21)
(-0.02509971699 -0.3291544746 2.954991191e-21)
(-0.02004680498 0.1460727389 -4.39020929e-23)
(-0.06416406263 0.2112955847 4.417382051e-23)
(-0.05070230546 0.2177300481 1.000189076e-21)
(-0.01934097308 0.2014679991 -8.270560492e-24)
(0.02414464991 0.180907619 0)
(0.07154122135 0.1606933363 4.363725062e-23)
(0.1190703416 0.1416495511 -2.273853284e-22)
(0.1644767346 0.123318184 -9.027962834e-23)
(0.2062251177 0.104811731 3.680736761e-23)
(0.2429643043 0.08507140212 -1.701655621e-23)
(0.27322076 0.06296147756 3.429971807e-23)
(0.2952536127 0.03726293856 -6.592684254e-23)
(0.3066971076 0.00653506813 -9.303908754e-23)
(0.3049738325 -0.03087770075 1.517045004e-22)
(0.2863936259 -0.07786291007 0)
(0.2470568093 -0.1399300373 1.505613492e-22)
(0.1810922243 -0.2266299754 2.560013763e-22)
(0.096044503 -0.3443894949 0)
(-0.006697615589 -0.455221022 -3.675634434e-21)
(-0.01922408196 -0.3777537589 -2.892620672e-21)
(-0.02591951338 0.2276828785 -9.51420539e-22)
(-0.03998324585 0.2238216518 -1.3889769e-22)
(0.03656136964 0.1810585357 -2.335583194e-22)
(0.109050305 0.1451059095 -1.193742784e-22)
(0.1817191199 0.1172445504 -4.295829491e-23)
(0.249009074 0.0962790776 9.783191993e-23)
(0.3100336713 0.08002510576 -1.408593598e-22)
(0.3646209345 0.06656815507 1.297176271e-22)
(0.4126252509 0.05449179049 -8.620126209e-23)
(0.4536250315 0.0427089505 1.132187495e-25)
(0.4867878739 0.03032298498 1.527742597e-23)
(0.5107451379 0.01652901891 7.997209091e-23)
(0.5236597468 0.0005365143534 -1.811124817e-22)
(0.5231798023 -0.01863373273 -1.617147137e-22)
(0.5052323428 -0.04286478985 -4.262959624e-23)
(0.4658715089 -0.07633231208 0)
(0.3952696504 -0.1286089385 -1.846476418e-22)
(0.2916071052 -0.2208468099 8.148762414e-22)
(0.1197455108 -0.3525016903 1.631601419e-21)
(0.02670547266 -0.377549798 2.172655831e-21)
(0.2142894472 0.1347447201 9.864990466e-22)
(0.2776311192 0.09870503523 0)
(0.4316592298 0.05810414803 -2.594322147e-22)
(0.5304749352 0.03846264955 -1.741667949e-22)
(0.6016965756 0.0262341914 0)
(0.6571198965 0.01831923517 -6.009099121e-23)
(0.7015213609 0.01313600898 6.3780086e-23)
(0.7376042506 0.009542126862 -1.800158305e-23)
(0.7669368422 0.006804464043 2.885976778e-23)
(0.7902106691 0.004464744192 2.315034889e-23)
(0.8074555015 0.002221319983 0)
(0.8182621358 -0.0001500749862 -2.873034573e-23)
(0.8216499717 -0.002723848382 0)
(0.8162394198 -0.005712668763 2.73815368e-23)
(0.799133315 -0.009611382907 1.421694428e-23)
(0.7679986347 -0.01500255109 -5.799401239e-23)
(0.7106555757 -0.02502519953 -2.535660356e-22)
(0.6235183982 -0.04204285406 -6.918100965e-22)
(0.4230091021 -0.0918296808 0)
(0.270567469 -0.1524021841 -2.119483698e-21)
)


// ************************************************************************* //
