/*--------------------------------*- C++ -*----------------------------------*\
  =========                 |
  \\      /  F ield         | OpenFOAM: The Open Source CFD Toolbox
   \\    /   O peration     | Website:  https://openfoam.org
    \\  /    A nd           | Version:  13
     \\/     M anipulation  |
\*---------------------------------------------------------------------------*/
FoamFile
{
    format      ascii;
    class       scalarField;
    location    "13.47";
    object      p_all;
}
// * * * * * * * * * * * * * * * * * * * * * * * * * * * * * * * * * * * * * //


400
(
-9.51308306e-07
-0.0005431606814
-0.0008804111462
-0.001003640305
-0.0009212902615
-0.0006656220172
-0.0002740538605
0.0002175919868
0.0007729954194
0.001351940213
0.001909051072
0.002391851779
0.002745235862
0.0029163122
0.002863560532
0.002568723805
0.002051593155
0.001368889681
0.0007150285064
0.0001225648124
0.0005814218513
5.816283761e-06
-0.0003530544541
-0.0004910561945
-0.0004563867564
-0.0002755815989
2.200322675e-05
0.000407108719
0.0008483980979
0.001308802818
0.001748761333
0.002117353219
0.002364431642
0.002442816759
0.002318613889
0.001982756446
0.001461392848
0.0008188844637
0.0002261046384
-0.0004336039391
0.0009408874971
0.0003027834935
-9.326859576e-05
-0.000235132187
-0.0002244906082
-9.136040914e-05
0.0001401400447
0.0004486010516
0.0008102713871
0.00119371981
0.001565480923
0.00187349609
0.002067591453
0.002099200607
0.001933192267
0.001559485701
0.001001530691
0.0003152487064
-0.0003784027724
-0.001210917736
0.0009617340824
0.0002504847093
-0.0001940647285
-0.0003415500256
-0.0003455826236
-0.0002428856094
-5.431000853e-05
0.0002072492107
0.0005279548979
0.0008870322753
0.001244860113
0.001557349387
0.001764421536
0.00180589377
0.00163303577
0.001222333509
0.0005852156729
-0.0002320886516
-0.001141429947
-0.002285081327
0.0004674744484
-0.000290980211
-0.0007638984656
-0.0009103076083
-0.0009250853427
-0.0008494533642
-0.0006987967339
-0.0004741290674
-0.0001756654054
0.0001869149731
0.0005833593209
0.0009654777953
0.001262548439
0.001394174607
0.001284329918
0.0008799704796
0.0001669147296
-0.000823103319
-0.002025778127
-0.003545474919
-0.0006921099929
-0.001466318806
-0.001949350104
-0.002094425991
-0.002129501306
-0.002096874279
-0.002002344943
-0.001829622652
-0.00155831009
-0.001178632947
-0.0007062972002
-0.0001857218495
0.0003009782138
0.0006447281235
0.0007244121606
0.0004325555551
-0.0002960764157
-0.001459710429
-0.00302202648
-0.005018537308
-0.002653440463
-0.003409694998
-0.003895631174
-0.004054020201
-0.004141634836
-0.004198564142
-0.004216158596
-0.004153738689
-0.003960137321
-0.0035926064
-0.0030372137
-0.002319670338
-0.001525457103
-0.0007959426685
-0.0003180755706
-0.0002914439449
-0.0008780710176
-0.002144462791
-0.00410772541
-0.006691095545
-0.005525585214
-0.00623671527
-0.006729184787
-0.006934728814
-0.007135650119
-0.007367721283
-0.007603747978
-0.007771157598
-0.007775348818
-0.007521517288
-0.006940788605
-0.006009898244
-0.0047959346
-0.003462271266
-0.002278046262
-0.001584421769
-0.0017156106
-0.002884984787
-0.005230486331
-0.008511461517
-0.009378859216
-0.01002346282
-0.01053462944
-0.01083672265
-0.01123641304
-0.01176608208
-0.01237872285
-0.01296428601
-0.01337203479
-0.01343178225
-0.01298103626
-0.01191756771
-0.01022914349
-0.008068170148
-0.005781929405
-0.003901654148
-0.003040445157
-0.003697059033
-0.00627561597
-0.01032882279
-0.01422987537
-0.01478948269
-0.01533100318
-0.01577833901
-0.01646714508
-0.0174325474
-0.01861146107
-0.01985548352
-0.02094878528
-0.02162541712
-0.02159763041
-0.02061013625
-0.01851674736
-0.01538017789
-0.01157624592
-0.007841606036
-0.005184348038
-0.004596907135
-0.007018792349
-0.01180783374
-0.0200357785
-0.02048918126
-0.02105452777
-0.02166341567
-0.02269710558
-0.02420688993
-0.02612346009
-0.02826544553
-0.03035051368
-0.03200447257
-0.0327835562
-0.03222717137
-0.02997796088
-0.02589290725
-0.02026531159
-0.01397443768
-0.008490989234
-0.005547648324
-0.007049038622
-0.01229265043
-0.02670874017
-0.02702037961
-0.02755736982
-0.02826473606
-0.02960822254
-0.03167771158
-0.03441277532
-0.0376091034
-0.04092328372
-0.0438725516
-0.04584454491
-0.04613701674
-0.04413185131
-0.03934973853
-0.03183901056
-0.02244944419
-0.01305062367
-0.006298210371
-0.005637693218
-0.0105985488
-0.03416389554
-0.03425592774
-0.03462635468
-0.03523038014
-0.03669621094
-0.03918431134
-0.042659572
-0.04690347277
-0.05151732762
-0.05591708773
-0.05933193906
-0.06084790061
-0.05945408308
-0.05435446736
-0.04516842394
-0.03245787134
-0.01824269653
-0.006064124089
-0.001513896728
-0.00472615134
-0.04242451003
-0.04210529187
-0.04202444383
-0.04211791752
-0.04331781802
-0.04589306757
-0.04984316842
-0.05493325104
-0.06070270491
-0.06647071628
-0.07131544388
-0.074102129
-0.07354578272
-0.06841723345
-0.05784413743
-0.04186111683
-0.02226409958
-0.003103291712
0.007480313294
0.008456607943
-0.05182133941
-0.0505855183
-0.04951033541
-0.04841080429
-0.04874633122
-0.05091623482
-0.0549366755
-0.06053371971
-0.06714965571
-0.07399631203
-0.07999702082
-0.08381266602
-0.0839004903
-0.07864388002
-0.06668337996
-0.04738951848
-0.02201219702
0.005603706926
0.02480438021
0.03359876162
-0.06347576713
-0.0600245489
-0.05694650206
-0.05362008018
-0.05231465059
-0.05350851788
-0.05715231164
-0.06292009561
-0.070011965
-0.07754521027
-0.08424959937
-0.08857202743
-0.0887306013
-0.08271164371
-0.06876297077
-0.04556035569
-0.01371080466
0.02445439814
0.05557217551
0.07737842793
-0.08002893501
-0.07093456001
-0.06400074627
-0.05705814743
-0.05332167993
-0.05308622597
-0.05609767568
-0.06172217337
-0.06904282431
-0.07689568401
-0.08380441134
-0.087974636
-0.08734235067
-0.07957588302
-0.06244645519
-0.03405336277
0.005521776239
0.05859803487
0.1058052918
0.148046194
-0.1103842188
-0.08574955645
-0.07152685002
-0.0589079727
-0.05184953281
-0.04979547776
-0.05198037965
-0.05735140709
-0.06467590983
-0.07251650517
-0.0791599932
-0.08256518302
-0.08042275248
-0.06983564467
-0.04822907831
-0.01275726117
0.03817732659
0.1070767529
0.1779224796
0.2564178294
-0.1683464587
-0.09983266506
-0.07496303277
-0.05477037677
-0.04458795158
-0.04152938698
-0.04362496331
-0.04925150482
-0.05685821361
-0.06479967278
-0.0711980063
-0.07384180143
-0.07002894076
-0.0569678836
-0.03103078432
0.01188864421
0.07553383453
0.1663315764
0.2760876239
0.4376341533
-0.3983399239
-0.138031219
-0.07493448372
-0.04707355039
-0.03353297291
-0.02999031085
-0.03272631857
-0.0391515618
-0.047415245
-0.05578091727
-0.06234567118
-0.0648966839
-0.06089792939
-0.04691809724
-0.01874965324
0.02990538687
0.1068999845
0.2333609064
0.4198111306
0.7799568085
)


// ************************************************************************* //
