/*--------------------------------*- C++ -*----------------------------------*\
  =========                 |
  \\      /  F ield         | OpenFOAM: The Open Source CFD Toolbox
   \\    /   O peration     | Website:  https://openfoam.org
    \\  /    A nd           | Version:  13
     \\/     M anipulation  |
\*---------------------------------------------------------------------------*/
FoamFile
{
    format      ascii;
    class       vectorField;
    location    "22.77";
    object      U_all;
}
// * * * * * * * * * * * * * * * * * * * * * * * * * * * * * * * * * * * * * //


400
(
(1.083327488e-05 -3.791472926e-05 0)
(-0.0006662265035 0.0004129943792 -1.5408934e-23)
(-0.002185206452 0.0009202913806 0)
(-0.004047403123 0.001312621852 0)
(-0.005971178473 0.001534875948 6.827821046e-25)
(-0.007761865946 0.001569654269 4.153453842e-24)
(-0.009283452841 0.001423391946 -7.317297479e-24)
(-0.01043474046 0.001119594232 7.588628978e-24)
(-0.01113558171 0.0006960094171 -2.10005389e-25)
(-0.011325928 0.000203064186 -4.001728814e-24)
(-0.01097071756 -0.0003001916107 5.81129913e-24)
(-0.01007146978 -0.0007474341325 -5.935802836e-23)
(-0.008679265658 -0.001075462006 -6.559246999e-23)
(-0.00690250091 -0.001232950889 -7.791304779e-23)
(-0.004910633599 -0.001192576296 4.57810858e-24)
(-0.00292732572 -0.0009619061787 -4.142766155e-24)
(-0.001205515819 -0.0005912489336 -2.002063118e-22)
(-1.93040231e-05 -0.0001699577421 0)
(0.0005179850409 0.0001719946549 1.524308093e-25)
(0.0002227080204 0.0003059190566 -2.744593993e-24)
(-0.0002634081667 0.0008287564072 1.390832092e-25)
(-0.002703046139 0.003383368215 1.550514356e-23)
(-0.006906401676 0.005603724317 1.539107784e-25)
(-0.01195071942 0.007007241659 -8.460750264e-25)
(-0.01713271567 0.007552753084 1.156985161e-24)
(-0.02197238222 0.007293246331 1.301194819e-23)
(-0.02610729204 0.006321119129 1.445123417e-24)
(-0.02926186964 0.004753677986 -7.338895912e-24)
(-0.03122285547 0.002736943912 1.018138281e-23)
(-0.03183825416 0.0004525118257 4.518180156e-24)
(-0.03102418453 -0.001883742195 -6.327242687e-24)
(-0.02879024098 -0.004022402348 2.959885077e-24)
(-0.0252690881 -0.005707603149 3.89884968e-23)
(-0.0207303414 -0.006706653014 -1.957063866e-24)
(-0.01558868637 -0.006853498483 3.759245724e-24)
(-0.01038476015 -0.006097036129 -9.758017445e-23)
(-0.00573029535 -0.004546025498 9.655113836e-23)
(-0.002233571869 -0.002507508489 -3.990598791e-25)
(-0.0001819639564 -0.000502619562 4.091242295e-25)
(8.340736665e-05 0.0006097292684 0)
(-0.0004187745196 0.002934660991 -2.917811984e-25)
(-0.004647227394 0.008802744608 1.712022348e-23)
(-0.01137030047 0.01323849538 -8.184912646e-24)
(-0.01932445238 0.01578976471 -2.058566823e-25)
(-0.02747010972 0.01652768108 2.022327268e-25)
(-0.03511274873 0.01564232381 8.596198595e-27)
(-0.04170760581 0.01335832907 -1.275838357e-24)
(-0.04682936408 0.00991873038 -4.587440753e-25)
(-0.05014335377 0.005602091089 -1.06610161e-23)
(-0.05140591722 0.0007447957249 0)
(-0.0504719769 -0.004240764522 0)
(-0.04733183707 -0.008885664361 2.674472807e-23)
(-0.04215497775 -0.01267993921 2.816400222e-23)
(-0.03531110509 -0.01513415461 -1.648550085e-24)
(-0.02738772895 -0.01586018218 4.854168609e-23)
(-0.01916875435 -0.01467203253 9.43581384e-23)
(-0.0115603272 -0.01169284295 3.993633557e-23)
(-0.00546528085 -0.007450549225 4.201161162e-25)
(-0.001451154371 -0.002936269093 1.042880737e-25)
(-9.072777773e-05 0.0002255901235 0)
(-0.0005023823112 0.006044464538 -4.257784062e-23)
(-0.006401750814 0.01636830786 -1.70222839e-23)
(-0.01553263348 0.02355581958 8.111809681e-24)
(-0.0262751285 0.0274376076 0)
(-0.03728190644 0.02831702 0)
(-0.04768342835 0.02658417871 0)
(-0.05678859312 0.02262845648 -4.655179085e-26)
(-0.06404507968 0.01683438951 -2.103219118e-24)
(-0.06900173604 0.009621659786 0)
(-0.07129931145 0.001491728811 1.643972568e-24)
(-0.0707000756 -0.00693473872 2.808186625e-25)
(-0.06712277931 -0.01492754351 -2.816049474e-25)
(-0.06069256474 -0.02166406452 0)
(-0.05180231653 -0.02631264568 4.141319279e-23)
(-0.04114609194 -0.02815750664 -4.689643768e-23)
(-0.02971717385 -0.02677110462 -2.771158659e-23)
(-0.01873574104 -0.02221354513 -3.979071832e-23)
(-0.009487407898 -0.01521841202 7.794771114e-25)
(-0.00297674275 -0.007298173619 9.769259573e-23)
(-0.0002318626084 -0.0008664455998 0)
(-0.0005315216615 0.01009349392 4.278501232e-23)
(-0.007982349883 0.02594826086 4.76934711e-25)
(-0.0193939118 0.03642337304 -4.660417223e-25)
(-0.03281891546 0.04184910501 0)
(-0.04664008267 0.04288886341 7.765088584e-25)
(-0.05984380823 0.04019548516 -7.657422508e-25)
(-0.0716230821 0.03434336994 3.665949475e-23)
(-0.08131675289 0.02585412976 1.841457295e-23)
(-0.0883547803 0.01527218413 6.219430471e-24)
(-0.09224346855 0.003247080349 -1.645887813e-24)
(-0.09259303017 -0.009405287209 0)
(-0.08916565917 -0.02167090345 4.38280862e-25)
(-0.08195112097 -0.03236265086 1.013352503e-23)
(-0.07126167027 -0.04020728934 -4.35787644e-23)
(-0.05781463985 -0.04401540577 1.938337325e-24)
(-0.04278192689 -0.04294394409 4.235676965e-23)
(-0.02775210201 -0.03683027279 -3.871472873e-25)
(-0.01454942975 -0.02652538706 0)
(-0.004859090955 -0.01408398012 5.435569928e-23)
(-0.0003641078348 -0.002847092675 -2.562730144e-22)
(-0.0005271380038 0.01499700343 9.830844716e-23)
(-0.009376547091 0.03738459464 -4.899807308e-25)
(-0.02287853553 0.05169460644 0)
(-0.03882497848 0.05893342806 0)
(-0.05537899493 0.06024757601 -8.725635936e-23)
(-0.07141930592 0.05661187617 -8.492358604e-23)
(-0.08605554489 0.04879619032 -4.060568748e-23)
(-0.09853875726 0.03743635294 -1.500985808e-23)
(-0.1081817942 0.02315865225 -5.351681793e-24)
(-0.1143315913 0.006710790478 -8.163807437e-24)
(-0.1163920766 -0.01092965524 6.588877518e-24)
(-0.1138819885 -0.02848435182 8.803686517e-24)
(-0.106538152 -0.04436401354 -1.89173307e-23)
(-0.09445904685 -0.05674615933 4.510101888e-24)
(-0.07826137843 -0.06377579811 0)
(-0.05922368428 -0.06392850126 -1.582647039e-23)
(-0.03933641404 -0.0565331052 -2.113875126e-26)
(-0.0211400935 -0.04235484861 0)
(-0.007318086255 -0.02398088098 -1.51841433e-22)
(-0.0005215534751 -0.005925431324 6.051417779e-22)
(-0.0004990220288 0.02064267915 -9.763895711e-23)
(-0.0105281377 0.0504469943 2.830673009e-22)
(-0.02582626022 0.06911525806 1.526186824e-22)
(-0.0440158552 0.07848181658 3.617167806e-24)
(-0.06309968361 0.08028436096 -7.318092587e-23)
(-0.08189437741 0.07587136073 9.036358514e-23)
(-0.09946633577 0.06620988871 -3.587805707e-24)
(-0.1150102207 0.05201246128 -1.727767607e-24)
(-0.1277386359 0.03392188275 2.522024251e-24)
(-0.1368336797 0.01270346697 7.372168775e-24)
(-0.1414576417 -0.01058399761 -6.489281627e-24)
(-0.140812033 -0.03445407075 -9.762806334e-24)
(-0.1342628708 -0.05691971757 -3.26134812e-23)
(-0.1215347584 -0.07552402831 -3.645429885e-23)
(-0.1029588013 -0.0875331753 5.613203824e-25)
(-0.07975727308 -0.09038329654 0)
(-0.05426250803 -0.08243787026 0)
(-0.02986923739 -0.06397232708 -2.902400855e-24)
(-0.0106619899 -0.03798537979 2.966768855e-24)
(-0.0007350112908 -0.01050039615 1.027721109e-22)
(-0.0004478913118 0.02686869952 0)
(-0.01134802272 0.06479853246 2.001704559e-22)
(-0.02801300731 0.08828420486 8.961058285e-23)
(-0.0479935203 0.1001105037 0)
(-0.06919891 0.1026951398 1.569131254e-22)
(-0.09043474875 0.09780487889 0)
(-0.1107726127 0.08660254434 -1.427822091e-22)
(-0.1293976167 0.06983397226 6.512417062e-24)
(-0.1454645986 0.04808002977 0)
(-0.158022218 0.02201856179 0)
(-0.1660003927 -0.007330282878 -1.373449236e-24)
(-0.1682546102 -0.03838142214 -9.307091759e-25)
(-0.1636947188 -0.06883049295 1.490707903e-22)
(-0.1515103114 -0.09557191252 -4.703960818e-23)
(-0.1315044577 -0.1148183363 -2.557174989e-24)
(-0.1045525142 -0.1225591831 1.531056217e-24)
(-0.07308853059 -0.1155421453 -1.555207545e-24)
(-0.04134736334 -0.09282403377 0)
(-0.01525121254 -0.05740368367 3.201736682e-24)
(-0.001044207728 -0.01714613189 -1.012367946e-21)
(-0.0003744852766 0.03345862527 0)
(-0.01174916902 0.07997877047 -1.12766273e-22)
(-0.02920476679 0.1086253523 -6.189417327e-22)
(-0.05031343476 0.1232085182 -3.754325458e-22)
(-0.07295743098 0.1268953913 0)
(-0.09598227175 0.1219130921 4.118258947e-22)
(-0.1185186833 0.1096251256 1.260424743e-22)
(-0.1398049519 0.09077602162 -5.579754486e-24)
(-0.159011768 0.06581108589 5.552137701e-24)
(-0.1751353361 0.03520960645 0)
(-0.1869451466 -0.0001924677137 2.911098432e-23)
(-0.1930066005 -0.03889011171 4.693486341e-24)
(-0.1917707874 -0.07842880825 -1.076100126e-22)
(-0.1817779845 -0.1151744878 7.997515535e-23)
(-0.1620486596 -0.144246788 -2.418232193e-22)
(-0.1326992638 -0.1598416802 0)
(-0.09577375095 -0.156299373 0)
(-0.0560132111 -0.1302888167 0)
(-0.02147732007 -0.08380574561 0)
(-0.001500264857 -0.0266535192 5.569330211e-22)
(-0.0002874568234 0.04015597001 0)
(-0.01169315565 0.09542477126 -3.492120042e-22)
(-0.02924306051 0.1293923764 8.930765031e-22)
(-0.05060700607 0.1469136846 3.616230263e-22)
(-0.07369715802 0.1519592692 0)
(-0.0974467344 0.1472622219 -3.861433021e-22)
(-0.1211012943 0.1344085995 -3.173558734e-23)
(-0.1440261211 0.1141322968 3.332263013e-22)
(-0.1655075435 0.08669685755 1.769020176e-22)
(-0.1846178605 0.05229185988 -4.059114212e-23)
(-0.2001255322 0.01142142156 1.656646889e-23)
(-0.2104552399 -0.0347067085 -8.262436479e-24)
(-0.2137139634 -0.08375531195 3.370872298e-22)
(-0.2078148622 -0.1318631114 0)
(-0.1908175382 -0.1732616326 2.419400486e-22)
(-0.1616279309 -0.200244874 5.770169305e-24)
(-0.1211617232 -0.2039985159 -5.856219619e-24)
(-0.07384687722 -0.1772007523 1.546961029e-22)
(-0.02971651577 -0.1188569832 -5.431002159e-24)
(-0.002179409655 -0.04005162886 0)
(-0.0002118329889 0.0467114904 0)
(-0.01125011149 0.1105381206 0)
(-0.02815614017 0.1497199604 -5.021701242e-22)
(-0.04874426037 0.170134882 -1.880627162e-23)
(-0.07099981697 0.176609504 2.037943276e-23)
(-0.09399298706 0.1724385936 -2.013880912e-23)
(-0.1171415544 0.1594761954 -2.316356375e-23)
(-0.1400158981 0.1384733338 -3.029053729e-22)
(-0.162130817 0.109512838 6.698094119e-23)
(-0.1827939086 0.0724525003 4.512006324e-23)
(-0.2009816437 0.02735349464 -4.576511222e-23)
(-0.2152251153 -0.02507961504 0)
(-0.2235541546 -0.08297349881 -7.835370598e-23)
(-0.2234608281 -0.1427135645 0)
(-0.212065148 -0.1981683186 -3.738557466e-22)
(-0.1867403626 -0.2400627235 5.243141709e-22)
(-0.1464408034 -0.256062912 0)
(-0.09394328423 -0.233108378 -1.492551955e-22)
(-0.0402187485 -0.163952686 1.93606057e-22)
(-0.00320095633 -0.05860753955 -3.4100461e-22)
(-0.0002016930135 0.05297115948 0)
(-0.01067329396 0.1248058572 9.18146158e-22)
(-0.02628568698 0.1687271572 -2.440280766e-23)
(-0.04501267731 0.1916287999 9.191899497e-22)
(-0.06494783183 0.1992760516 -2.511650552e-23)
(-0.08536836765 0.1955965921 2.838317326e-23)
(-0.1059329157 0.182778091 -2.812408193e-23)
(-0.1264951151 0.1616515592 -1.660605396e-23)
(-0.1469027815 0.132173377 -5.259256539e-22)
(-0.1668492941 0.09389736223 -8.904973013e-24)
(-0.185734035 0.0464099849 9.658458639e-24)
(-0.2024819428 -0.01023084367 3.312573192e-22)
(-0.2154189277 -0.07498892794 -5.819706136e-22)
(-0.2220237121 -0.1450200996 0)
(-0.2188048868 -0.2146635325 8.885407937e-22)
(-0.2016262005 -0.273988065 -4.939183608e-22)
(-0.1668632969 -0.3075672729 -1.571678037e-23)
(-0.1140208539 -0.2953683186 0)
(-0.05288389666 -0.2195706766 -1.888719328e-22)
(-0.004749051149 -0.08376904183 3.35912959e-22)
(-0.0003643791405 0.0590190243 1.550785147e-23)
(-0.01049696132 0.1379777507 -8.762854227e-22)
(-0.02441640799 0.1856661663 -1.156908078e-21)
(-0.04027095229 0.2101227599 -8.627636983e-22)
(-0.05631204018 0.2182197709 0)
(-0.07215421862 0.214606085 3.513255057e-23)
(-0.08779869506 0.201869478 -7.293720978e-23)
(-0.1034635301 0.180994604 5.866965616e-23)
(-0.1194063397 0.1518975889 3.020857123e-22)
(-0.1358016767 0.1139164466 -1.128026181e-23)
(-0.1526171106 0.06621861008 0)
(-0.1694610241 0.008183862216 -3.603372918e-22)
(-0.1852845232 -0.06015151863 7.514680693e-22)
(-0.1980524052 -0.137265122 8.830676961e-22)
(-0.2043607369 -0.2189156242 -5.295661253e-22)
(-0.1991020093 -0.2959598329 5.161861247e-22)
(-0.1760627904 -0.3513951282 1.077749325e-23)
(-0.130089637 -0.3584031722 -1.095056602e-23)
(-0.06688772672 -0.2843180108 -8.228620321e-23)
(-0.007083217185 -0.1169922865 0)
(-0.0009097746291 0.06539708438 -1.911250766e-23)
(-0.01167759838 0.1502728404 -1.32681909e-21)
(-0.0238924533 0.2000535332 1.094095413e-21)
(-0.03601897256 0.224407757 6.734167867e-22)
(-0.04658039123 0.2316453349 6.013933576e-22)
(-0.05577917792 0.2272278865 6.643153959e-22)
(-0.06412248265 0.2141690436 -4.458085816e-23)
(-0.07228664713 0.1936445654 -3.460921227e-22)
(-0.08098153546 0.1656015318 2.151911328e-22)
(-0.09088423716 0.1292726544 0)
(-0.1025672814 0.08353533193 0)
(-0.1163746281 0.02720644905 2.65515417e-22)
(-0.1321708477 -0.04061261707 8.194944105e-23)
(-0.1489361351 -0.1200048206 -2.821126327e-22)
(-0.1641378061 -0.2089217009 -5.410725098e-23)
(-0.1727950769 -0.3006904405 1.302048552e-22)
(-0.1670360185 -0.379323463 -3.399819932e-22)
(-0.1365316615 -0.4136354209 -1.599853951e-23)
(-0.08018301883 -0.3538239347 8.217374821e-23)
(-0.01050759294 -0.1594088532 -6.03318974e-22)
(-0.002260695453 0.07348654051 0)
(-0.01580554243 0.1626454644 2.145652997e-21)
(-0.02665485646 0.2117804979 0)
(-0.03423034302 0.2333832001 -1.351669331e-21)
(-0.03760321745 0.2377653666 6.184635891e-23)
(-0.03800800352 0.2312456982 -6.192342334e-22)
(-0.03669526351 0.2171828819 -4.755771564e-22)
(-0.0349040038 0.1968896702 8.300318952e-22)
(-0.03380265588 0.1703336101 -1.885476128e-22)
(-0.03451325235 0.1367243059 0)
(-0.03813008379 0.09480114193 0)
(-0.04566382925 0.04304871725 2.410926073e-23)
(-0.05792122273 -0.02013126029 -6.006698495e-22)
(-0.0751581256 -0.09619989598 -4.309204642e-22)
(-0.09646246736 -0.1855492242 4.637580426e-22)
(-0.1183550856 -0.2853505107 -6.488013325e-22)
(-0.1332780606 -0.3838321001 9.117775889e-23)
(-0.1265389451 -0.4504289432 2.943654776e-23)
(-0.08899286974 -0.4198468131 5.660838453e-22)
(-0.01526925442 -0.2111681881 6.021820541e-22)
(-0.005181068564 0.08597930478 0)
(-0.02525754072 0.1766247733 1.465627791e-22)
(-0.03483877897 0.2205890286 -4.916734305e-23)
(-0.03640767429 0.2354772513 7.642219086e-22)
(-0.03019498451 0.2343318914 -7.00469075e-22)
(-0.01917813375 0.2241527728 4.746019384e-23)
(-0.00562894802 0.2083470427 -1.018561114e-22)
(0.008554859347 0.1881211318 -3.389529367e-22)
(0.02178363964 0.1633907756 2.062639818e-22)
(0.03261277513 0.1333262841 0)
(0.03957011545 0.09664470666 0)
(0.04115654489 0.05174555753 -2.902455302e-22)
(0.03577223798 -0.003249992242 0)
(0.02197038861 -0.07057830592 -5.511931863e-22)
(-0.001274967205 -0.1525687556 -1.491552691e-23)
(-0.03311321774 -0.2505907289 2.559503773e-23)
(-0.06909916309 -0.359930048 2.202686678e-22)
(-0.09228272526 -0.4575384508 4.790335622e-24)
(-0.08718271176 -0.4698084588 -5.789838978e-22)
(-0.02103146072 -0.269894304 0)
(-0.01111640481 0.1085973929 0)
(-0.04249068046 0.1947131149 -8.847838028e-22)
(-0.04795940476 0.2258152993 -5.410738703e-22)
(-0.03920222357 0.2282078061 4.54354333e-22)
(-0.01878779831 0.2182266578 -1.710182215e-24)
(0.007652596486 0.2028164756 -4.560697877e-23)
(0.03666666102 0.1847578202 5.696167902e-22)
(0.06581580673 0.1647094101 -2.766650196e-23)
(0.09325685705 0.142312398 -2.069595815e-22)
(0.1173750684 0.1166289057 3.141972447e-23)
(0.1365328803 0.08641431123 -3.425686534e-23)
(0.148954734 0.05018050865 -3.690393789e-23)
(0.1525167154 0.00616337103 3.205478031e-22)
(0.1449272432 -0.04795724007 6.119326586e-22)
(0.12350782 -0.115301845 -5.100947043e-22)
(0.08632860934 -0.2004168608 -1.615960185e-22)
(0.03198501456 -0.3067785692 1.531365205e-22)
(-0.02362543328 -0.4239816126 7.293798668e-23)
(-0.06492584002 -0.4871588886 1.913305169e-21)
(-0.0250999522 -0.3291526046 2.955006827e-21)
(-0.02004674382 0.1460732986 -4.390028416e-23)
(-0.06416482666 0.2112952344 4.417200042e-23)
(-0.05070475909 0.2177281853 1.000140849e-21)
(-0.01934557151 0.2014648711 -8.265360475e-24)
(0.0241377662 0.1809038984 0)
(0.07153223516 0.160689738 4.363394437e-23)
(0.11905976 0.1416466777 -2.273665455e-22)
(0.1644651502 0.1233163853 -9.027184177e-23)
(0.2062131614 0.104811207 3.680419694e-23)
(0.242952603 0.08507210802 -1.701527066e-23)
(0.2732098268 0.06296319951 3.429739569e-23)
(0.2952438663 0.03726533901 -6.592299581e-23)
(0.3066886253 0.006537756837 -9.303442113e-23)
(0.3049666816 -0.03087511139 1.516979308e-22)
(0.2863878093 -0.07786076204 0)
(0.2470521759 -0.1399285537 1.505505512e-22)
(0.1810884736 -0.2266293009 2.560006117e-22)
(0.09604170128 -0.3443886671 0)
(-0.006699048448 -0.4552201392 -3.67565443e-21)
(-0.01922431649 -0.3777529416 -2.892635637e-21)
(-0.02591934188 0.2276834671 -9.514095057e-22)
(-0.03998297306 0.2238220578 -1.388934124e-22)
(0.03656106583 0.1810581792 -2.335464216e-22)
(0.1090487674 0.1451047929 -1.193675955e-22)
(0.1817159573 0.1172429422 -4.2956203e-23)
(0.2490041863 0.09627737493 9.782436687e-23)
(0.3100272813 0.08002365169 -1.408472828e-22)
(0.3646134604 0.06656718162 1.297064591e-22)
(0.4126172157 0.05449143121 -8.619388868e-23)
(0.4536169958 0.0427092113 1.132167934e-25)
(0.4867803363 0.0303237672 1.52764323e-23)
(0.5107384833 0.01653015256 7.996736992e-23)
(0.5236542582 0.0005377199346 -1.811034937e-22)
(0.5231756202 -0.01863256032 -1.617081171e-22)
(0.5052292707 -0.04286384392 -4.262641707e-23)
(0.4658693476 -0.07633171864 0)
(0.3952680853 -0.1286087528 -1.846501401e-22)
(0.2916059266 -0.2208467569 8.14878384e-22)
(0.1197447965 -0.3525016414 1.631605487e-21)
(0.02670529198 -0.3775496913 2.172657643e-21)
(0.2142896258 0.1347448973 9.864867792e-22)
(0.2776316764 0.09870526266 0)
(0.4316598518 0.05810425494 -2.594230625e-22)
(0.5304751936 0.0384626136 -1.741590357e-22)
(0.6016961036 0.02623404843 0)
(0.657118522 0.01831905406 -6.008633766e-23)
(0.7015191347 0.01313585376 6.377430005e-23)
(0.7376013862 0.009542041904 -1.799979379e-23)
(0.7669336461 0.006804474924 2.88570011e-23)
(0.7902074813 0.004464850722 2.31483391e-23)
(0.8074526308 0.002221502328 0)
(0.8182598071 -0.0001498459263 -2.872851497e-23)
(0.8216483149 -0.002723607941 0)
(0.8162384594 -0.005712487549 2.737955841e-23)
(0.7991329071 -0.009611276338 1.421581986e-23)
(0.7679985946 -0.01500252263 -5.799485008e-23)
(0.7106556767 -0.02502524697 -2.535674177e-22)
(0.6235184628 -0.04204290981 -6.918117677e-22)
(0.4230090951 -0.09182973851 0)
(0.2705674516 -0.1524022102 -2.119485465e-21)
)


// ************************************************************************* //
