/*--------------------------------*- C++ -*----------------------------------*\
  =========                 |
  \\      /  F ield         | OpenFOAM: The Open Source CFD Toolbox
   \\    /   O peration     | Website:  https://openfoam.org
    \\  /    A nd           | Version:  13
     \\/     M anipulation  |
\*---------------------------------------------------------------------------*/
FoamFile
{
    format      ascii;
    class       vectorField;
    location    "7.07";
    object      U_all;
}
// * * * * * * * * * * * * * * * * * * * * * * * * * * * * * * * * * * * * * //


400
(
(-8.507986734e-07 -1.77883129e-05 0)
(-0.0006454061461 0.000397243927 -1.35228519e-23)
(-0.002043299132 0.000856163775 0)
(-0.003747328568 0.001209478981 0)
(-0.005503915917 0.001408886198 4.65422581e-25)
(-0.007142139088 0.001439129666 3.920861748e-24)
(-0.00854284044 0.001306118752 6.0832346e-25)
(-0.009617207868 0.001030514048 1.618779326e-23)
(-0.01029383784 0.000645235624 -2.869274687e-25)
(-0.01051683081 0.0001942063505 -5.228251573e-24)
(-0.01025057035 -0.000270493709 7.252427168e-24)
(-0.009489631028 -0.0006897585204 -7.195678411e-23)
(-0.008270641722 -0.001005729732 -8.03068404e-23)
(-0.006681696496 -0.001169727499 -9.455641182e-23)
(-0.004867402075 -0.001153097951 5.762703342e-24)
(-0.003025203087 -0.0009578429921 -5.527302347e-24)
(-0.001388036871 -0.0006242746635 -3.038383069e-22)
(-0.000206222122 -0.0002291503429 0)
(0.0003854543594 0.0001038073887 6.652202787e-25)
(0.0001884123578 0.0002570617588 -7.036226238e-23)
(-0.0002425056095 0.0007962138261 1.203876005e-25)
(-0.002474695428 0.003120796074 1.36163033e-23)
(-0.006285055543 0.005115816682 1.280917274e-25)
(-0.01085002264 0.006374124996 -5.884423592e-25)
(-0.01554222696 0.006866729875 7.316520288e-25)
(-0.01993952366 0.006642981252 6.126240205e-24)
(-0.02372390909 0.005784028299 8.534674278e-24)
(-0.02665233199 0.004390532624 -1.573299268e-23)
(-0.02853299462 0.002586447883 1.491226567e-23)
(-0.02922229155 0.0005261454323 5.929405305e-24)
(-0.02863209789 -0.001601586626 -7.900815313e-24)
(-0.02675252237 -0.003579428967 2.144736891e-24)
(-0.02367965812 -0.005175659178 4.59295125e-23)
(-0.01963392946 -0.006172667442 -2.570339587e-24)
(-0.01497135611 -0.006405620481 5.08880328e-24)
(-0.01017187918 -0.005807581422 -1.49940214e-22)
(-0.005795561233 -0.004453522667 1.516762656e-22)
(-0.002412739017 -0.002597724438 -1.410352872e-24)
(-0.0003445882436 -0.0007055357881 1.445911648e-24)
(4.950659493e-05 0.000455522141 0)
(-0.0003721035236 0.002700942369 -2.4448136e-25)
(-0.004175003635 0.007996105082 1.250947979e-23)
(-0.01020970105 0.01197054613 -8.395591857e-24)
(-0.0173565452 0.0142604322 -1.187476818e-25)
(-0.02469337629 0.0149428232 1.166566085e-25)
(-0.03160916343 0.01418927479 1.992982651e-25)
(-0.03762443778 0.01219478229 -8.115280714e-24)
(-0.04236157695 0.009164975902 -9.385397823e-25)
(-0.04551683865 0.005332964688 -1.561984666e-23)
(-0.04685538134 0.0009822202119 0)
(-0.04622734636 -0.003536006109 0)
(-0.04359740702 -0.007807487516 3.429249231e-23)
(-0.03908234988 -0.01137246863 3.623831983e-23)
(-0.03298563508 -0.01377532697 -2.316705209e-24)
(-0.02581523915 -0.01463732916 7.332362351e-23)
(-0.01827120695 -0.01375032958 1.451920384e-22)
(-0.01118459187 -0.01117911909 1.009438224e-22)
(-0.005403793427 -0.007355814507 2.485125636e-24)
(-0.001512209657 -0.003146762761 -9.917611229e-25)
(-9.834194491e-05 5.390871474e-07 0)
(-0.0004386048921 0.005478616978 -3.193448387e-23)
(-0.005698874793 0.01474876477 -1.237297753e-23)
(-0.0138516425 0.0211873492 8.295718144e-24)
(-0.02346935699 0.02468769297 0)
(-0.03336114727 0.02553478902 0)
(-0.04276080531 0.0240754522 0)
(-0.05105728437 0.02064476826 -3.12537808e-25)
(-0.05775608335 0.01556442977 3.640293256e-24)
(-0.06244291028 0.009181319211 0)
(-0.06477687578 0.001914522317 3.571289498e-24)
(-0.06451150857 -0.005708668371 4.095443528e-25)
(-0.06153415808 -0.01304245614 -4.106911815e-25)
(-0.05591997318 -0.01934351166 0)
(-0.04798835103 -0.02383796365 6.545494027e-23)
(-0.03834295204 -0.02583446633 -7.101405941e-23)
(-0.0278766438 -0.02488405567 -5.875473635e-23)
(-0.0177114433 -0.02096873388 -1.018499408e-22)
(-0.009052801037 -0.01468171459 6.93278913e-25)
(-0.002889561323 -0.007339408293 1.626295174e-23)
(-0.0002207230318 -0.001097952945 0)
(-0.0004621540937 0.009075388252 3.209622596e-23)
(-0.00709331571 0.02327698748 5.11589073e-25)
(-0.01727852847 0.0326750385 -4.999044223e-25)
(-0.02930426439 0.03760000249 0)
(-0.04174201244 0.03865315631 5.990678921e-25)
(-0.05369656322 0.0364089806 -5.907607326e-25)
(-0.06445086357 0.03135787842 2.4965701e-23)
(-0.0734082526 0.02393094823 5.197684216e-24)
(-0.08004072052 0.0145717337 1.463381563e-24)
(-0.0838762559 0.003817765485 -3.575448973e-24)
(-0.08452279349 -0.007632450706 0)
(-0.08171825908 -0.01888574022 7.893000039e-25)
(-0.07540758351 -0.02886321011 2.394777764e-23)
(-0.06583472794 -0.03637815356 -6.925751528e-23)
(-0.05362637569 -0.04028995262 3.72483196e-24)
(-0.03984398646 -0.03974765077 1.063913647e-22)
(-0.02595416749 -0.0345038942 -1.440768811e-24)
(-0.01366398516 -0.02523356931 0)
(-0.004589418146 -0.01372791789 4.619601332e-23)
(-0.0003342918376 -0.002985757313 -1.570483807e-22)
(-0.0004629521847 0.01343808597 9.802582365e-23)
(-0.008371926025 0.03348866388 -5.082919743e-25)
(-0.02047737152 0.04636420286 0)
(-0.03483007848 0.05298323795 0)
(-0.04980288562 0.05436988772 -7.672887271e-23)
(-0.06440286489 0.0513767801 -7.101182206e-23)
(-0.07783514243 0.04465651925 -2.765394565e-23)
(-0.08941851435 0.03472660594 -7.595942092e-24)
(-0.0985110599 0.02208687312 -1.111085037e-24)
(-0.1044854162 0.007348128212 -4.441018032e-24)
(-0.1067514562 -0.008655379575 2.339117058e-24)
(-0.1048148179 -0.02479201036 5.024720967e-25)
(-0.09838100301 -0.03960909592 -1.467957167e-23)
(-0.08749584089 -0.05140294007 -3.179351345e-23)
(-0.07269705404 -0.05840180698 0)
(-0.05515381588 -0.05910453795 -5.083609051e-23)
(-0.03671661632 -0.0527710868 1.165106888e-24)
(-0.01976729054 -0.03997484236 0)
(-0.006851827699 -0.02298185768 -6.138645565e-23)
(-0.0004739781739 -0.005876987691 3.94640109e-22)
(-0.0004495545024 0.01850034726 -9.733857846e-23)
(-0.00950149742 0.04524795087 2.649992972e-22)
(-0.02334516458 0.06211180254 1.413900731e-22)
(-0.03986237789 0.07073915862 3.246925459e-24)
(-0.05727379028 0.07267581548 -6.545108279e-23)
(-0.07452879159 0.06909874739 7.541389868e-23)
(-0.09079087694 0.06082234631 -2.961078316e-24)
(-0.1053222986 0.04841352565 -1.264945505e-24)
(-0.1173807261 0.03236600166 1.799144515e-24)
(-0.1261751445 0.01328840817 3.906820517e-24)
(-0.130879921 -0.007922463153 -2.449588632e-24)
(-0.1306936722 -0.02994539383 -6.11464014e-25)
(-0.1249670176 -0.05095207923 -2.803108118e-23)
(-0.1133954019 -0.0686338542 2.636618272e-23)
(-0.09625625364 -0.08038011922 -7.327033097e-25)
(-0.07468226067 -0.0836993255 0)
(-0.050866566 -0.07693256074 0)
(-0.0280132908 -0.06018242841 -1.333320159e-24)
(-0.009993876718 -0.03609022155 1.362903091e-24)
(-0.0006714753046 -0.01015800398 9.054165793e-23)
(-0.0004218809703 0.02415981349 0)
(-0.01041081382 0.05833613342 1.821275099e-22)
(-0.02570150379 0.07965649452 8.143820795e-23)
(-0.04407688843 0.09062475821 0)
(-0.06365837192 0.09339844931 1.390160648e-22)
(-0.08338350259 0.08952261077 0)
(-0.1024193289 0.07997082321 -1.206659286e-22)
(-0.1200149269 0.06531591819 5.342946806e-24)
(-0.1353650997 0.0459686862 0)
(-0.1475400271 0.02243433027 0)
(-0.1554794006 -0.004440995718 -9.413354811e-25)
(-0.1580381281 -0.03324145209 -4.893427568e-25)
(-0.1541216377 -0.06183505373 9.08639417e-23)
(-0.1429151625 -0.08728044098 -4.063061629e-23)
(-0.1242055266 -0.1059472715 -8.638222714e-25)
(-0.09882281193 -0.1139558492 -7.394619446e-26)
(-0.06909669661 -0.1081110246 7.510290335e-26)
(-0.03907111047 -0.08736838118 0)
(-0.01438888917 -0.05437908342 2.234258038e-24)
(-0.0009647674915 -0.01640227135 -7.530077818e-22)
(-0.0003792720554 0.03026696626 0)
(-0.01101970883 0.07242584837 -1.057553077e-22)
(-0.02733238078 0.09857993398 -5.688043003e-22)
(-0.04706704244 0.112190607 -3.413147583e-22)
(-0.06829793596 0.1161096674 0)
(-0.08999730439 0.1122964302 3.618675795e-22)
(-0.1113874134 0.1018880322 1.06496839e-22)
(-0.1317638632 0.08542646166 -4.610682265e-24)
(-0.1503267841 0.06316443358 4.58786336e-24)
(-0.1660799925 0.03539370098 0)
(-0.1777833787 0.002770123931 2.360289958e-23)
(-0.1839934608 -0.03336893572 3.490933895e-24)
(-0.1831580574 -0.07073072919 -7.321137948e-23)
(-0.1738255143 -0.1058381179 4.791768691e-23)
(-0.1550424235 -0.1339785639 -1.635941452e-22)
(-0.1269461513 -0.1495280864 0)
(-0.09155368378 -0.1469855895 0)
(-0.05347084803 -0.1230548812 0)
(-0.02045282192 -0.07947763052 0)
(-0.001404939286 -0.02540762147 4.221276253e-22)
(-0.0003276722662 0.03663183921 0)
(-0.0112810039 0.08708710729 -3.217741074e-22)
(-0.02806599495 0.1182950423 8.208918268e-22)
(-0.04845012079 0.1347402791 3.28692408e-22)
(-0.07050329096 0.1400481244 0)
(-0.09327567895 0.1366473105 -3.395067415e-22)
(-0.1160985411 0.1258604818 -2.757797151e-23)
(-0.1383856535 0.1081849557 2.890931402e-22)
(-0.1594376212 0.08366351978 1.520526962e-22)
(-0.1783122026 0.05227940089 -3.469281204e-23)
(-0.1937432835 0.01435174724 1.51266128e-23)
(-0.2041174522 -0.02907063039 -6.687350232e-24)
(-0.2075174053 -0.07577961088 2.800261744e-22)
(-0.2018663913 -0.1220319792 0)
(-0.1852813151 -0.1621977763 1.636730887e-22)
(-0.15676021 -0.1887643135 3.416536651e-24)
(-0.117301606 -0.1931696132 -3.467500186e-24)
(-0.07132087317 -0.1683160311 8.030654805e-23)
(-0.02860363444 -0.1131694922 -3.243195246e-24)
(-0.002069593458 -0.03822600877 0)
(-0.0002882385662 0.0430613214 0)
(-0.01123883613 0.1018362423 0)
(-0.02787924372 0.1380765347 -4.620054901e-22)
(-0.04802060034 0.157329929 -1.726352285e-23)
(-0.06975715263 0.1640832648 1.832837538e-23)
(-0.0922598598 0.1613054893 -1.811195787e-23)
(-0.1150235311 0.1505521992 -2.036407113e-23)
(-0.1376572382 0.132298789 -2.62460613e-22)
(-0.1596745147 0.1063714035 6.262874627e-23)
(-0.1803451292 0.07239481709 3.850336896e-23)
(-0.1985807119 0.03023627478 -3.880256817e-23)
(-0.2128409962 -0.01954041426 0)
(-0.2210985174 -0.07515878356 -5.494670187e-23)
(-0.220834471 -0.1330411511 0)
(-0.2092326656 -0.1871209007 -3.149787898e-22)
(-0.18380772 -0.2282717202 4.216593978e-22)
(-0.1437051222 -0.2444549786 0)
(-0.09185758437 -0.2230279992 -7.706696595e-23)
(-0.03915141866 -0.1570427027 1.181702107e-22)
(-0.003081473351 -0.05617341988 -2.655088443e-22)
(-0.0003108796346 0.04943757773 0)
(-0.0111060811 0.116238947 8.543858997e-22)
(-0.02702809684 0.1571428179 -2.261633908e-23)
(-0.04593274991 0.1788203602 8.513333728e-22)
(-0.06595808698 0.1867440335 -2.305235296e-23)
(-0.08645542517 0.1845145925 2.558865869e-23)
(-0.1071457997 0.1739925371 -2.535506574e-23)
(-0.1279107652 0.1556927285 -1.479114447e-23)
(-0.1485857799 0.1292740839 -4.687169675e-22)
(-0.1688119384 0.09402355139 -7.91406161e-24)
(-0.1879043011 0.0493160908 8.58209681e-24)
(-0.2047059161 -0.004923562785 2.995967178e-22)
(-0.2174426007 -0.06768805634 -5.181527551e-22)
(-0.2235423856 -0.1361101686 0)
(-0.2195650026 -0.2044782511 7.745692054e-22)
(-0.2015141246 -0.2629022628 -3.974388659e-22)
(-0.1660148007 -0.2962057983 -1.2634652e-23)
(-0.1128849445 -0.2848942746 0)
(-0.05206242552 -0.2118349014 -1.147070247e-22)
(-0.004631056974 -0.08078106982 2.617220871e-22)
(-0.0004995983679 0.05585431196 1.444857042e-23)
(-0.01136862139 0.1300737942 -8.15447747e-22)
(-0.02618900995 0.1747872036 -1.085297443e-21)
(-0.0428727787 0.1979798278 -7.991087264e-22)
(-0.05963589459 0.2063190556 0)
(-0.07612509304 0.2041499492 3.213408728e-23)
(-0.09237921354 0.1937175767 -6.65362827e-23)
(-0.1086312984 0.175657056 5.33459544e-23)
(-0.1251242771 0.1495516705 2.716038493e-22)
(-0.1419867285 0.1144393639 -1.024320358e-23)
(-0.1591124386 0.06925649711 0)
(-0.1760096849 0.01325006765 -3.254262184e-22)
(-0.1915453206 -0.05353886035 6.896548271e-22)
(-0.2036259231 -0.1295018923 8.197750982e-22)
(-0.2088290789 -0.2102305008 -4.713562925e-22)
(-0.2021383354 -0.2864793802 4.686018063e-22)
(-0.1775621285 -0.3413574712 8.155599036e-24)
(-0.1303400038 -0.3485647018 -8.286588205e-24)
(-0.06654984099 -0.2764246259 -1.470932783e-22)
(-0.006987686713 -0.1136209237 0)
(-0.001061867085 0.06283422038 -1.796231484e-23)
(-0.01293137508 0.1435321866 -1.255930022e-21)
(-0.02658711948 0.1905006596 1.026702633e-21)
(-0.04014991336 0.21356966 6.364525935e-22)
(-0.05201595223 0.220964473 5.663423791e-22)
(-0.06236036495 0.2178911637 6.219966912e-22)
(-0.071690105 0.2070264963 -4.119450502e-23)
(-0.08067855382 0.1891814158 -3.219350815e-22)
(-0.09002696629 0.1639554846 2.001419955e-22)
(-0.1003919728 0.13026009 0)
(-0.1123093699 0.08672983986 0)
(-0.1260737148 0.03204326005 2.50494749e-22)
(-0.1414926625 -0.03471391494 8.658216585e-23)
(-0.1574857527 -0.1134864786 -2.504184474e-22)
(-0.171476951 -0.2019869116 -5.083150108e-23)
(-0.178489891 -0.2933191061 1.3870753e-22)
(-0.1707570724 -0.3714092424 -3.053316599e-22)
(-0.1383096452 -0.405414293 -4.429660183e-23)
(-0.08052009953 -0.3466109562 1.468922342e-22)
(-0.01046483296 -0.1559464135 -6.442829814e-22)
(-0.002416129582 0.07170885552 0)
(-0.01732384425 0.1574780112 2.038618179e-21)
(-0.03002935368 0.2040757777 0)
(-0.0395288835 0.2243877754 -1.285837061e-21)
(-0.04467410561 0.2287773476 6.63293219e-23)
(-0.04659885023 0.2233782432 -5.79628448e-22)
(-0.04650604393 0.2112460855 -4.481765842e-22)
(-0.04560730234 0.1933355256 7.763876486e-22)
(-0.04507376087 0.169298107 -1.752046236e-22)
(-0.04604707105 0.138010921 0)
(-0.04963716415 0.09797621225 0)
(-0.05687780138 0.04752979034 2.655791449e-23)
(-0.06858256331 -0.01495841753 -5.703434775e-22)
(-0.08497999594 -0.09083203729 -4.09472325e-22)
(-0.105131505 -0.1802321872 4.500819542e-22)
(-0.1254953416 -0.2800794436 -6.105404057e-22)
(-0.1384453692 -0.3783152864 7.518935351e-23)
(-0.1295396478 -0.4444274294 5.904553456e-23)
(-0.09002962558 -0.4140794609 5.787283514e-22)
(-0.01530349538 -0.2079940696 6.430688277e-22)
(-0.005316315666 0.08508213518 0)
(-0.02683331085 0.1732750946 1.502449401e-22)
(-0.03846763322 0.2150769027 -4.730158094e-23)
(-0.04223810062 0.2286933642 7.311727696e-22)
(-0.0380823157 0.2273474029 -6.675809881e-22)
(-0.02880348633 0.2179403577 4.514838791e-23)
(-0.01658526247 0.2036390149 -1.006033989e-22)
(-0.00325127122 0.1853528489 -3.183908052e-22)
(0.009592082951 0.1627004802 1.960366254e-22)
(0.02043041408 0.1345731573 0)
(0.02774529272 0.09946405441 0)
(0.02994297654 0.05562314878 -2.776426663e-22)
(0.02535953254 0.001119206927 0)
(0.01253057971 -0.06623424707 -5.395595565e-22)
(-0.009639045277 -0.1485975673 -8.084322879e-24)
(-0.04023489748 -0.2470530103 2.487239085e-23)
(-0.07454087939 -0.3565589926 2.02624586e-22)
(-0.09580026513 -0.4538028827 5.371811492e-24)
(-0.08871647846 -0.4659096873 -5.929652294e-22)
(-0.02115486625 -0.2673874756 0)
(-0.01118915294 0.1085186668 0)
(-0.04378469934 0.1931410433 -8.551310102e-22)
(-0.0511536533 0.2225379702 -5.295210411e-22)
(-0.04454608963 0.2237309688 4.448553758e-22)
(-0.02621388246 0.2133327216 -1.863659752e-24)
(-0.001561459864 0.1982866191 -4.414930881e-23)
(0.02610363064 0.1812088799 5.44811626e-22)
(0.05442775184 0.1625534983 -2.638732749e-23)
(0.08157291247 0.1416996348 -1.964849269e-22)
(0.1058677707 0.1175055945 3.010067855e-23)
(0.1255947777 0.08853095375 -3.299862875e-23)
(0.1388631313 0.0531504883 -3.588493668e-23)
(0.1434311295 0.009540457994 3.132268324e-22)
(0.136909524 -0.04464264666 5.994901414e-22)
(0.1165600577 -0.1124363145 -5.024332539e-22)
(0.08041345965 -0.1981342739 -1.634947865e-22)
(0.02739711387 -0.3049309061 1.491126141e-22)
(-0.02679839026 -0.4221853316 7.257393566e-23)
(-0.06656418967 -0.4850992571 1.904532492e-21)
(-0.02529444709 -0.3275624674 2.944423696e-21)
(-0.02000012489 0.1465100119 -4.318140937e-23)
(-0.06475486145 0.2110408483 4.344876053e-23)
(-0.0525956051 0.2163082339 9.842610135e-22)
(-0.02292814951 0.1990423511 -4.11909049e-24)
(0.01875136686 0.1779713574 0)
(0.06447804262 0.1577905408 4.236476554e-23)
(0.11065962 0.1392432409 -2.191673336e-22)
(0.1551729679 0.1217404571 -8.672293707e-23)
(0.1965344926 0.1042249267 3.525386743e-23)
(0.2333776318 0.08548274584 -1.62892103e-23)
(0.2641667766 0.06423268303 3.303767278e-23)
(0.2870644616 0.03914374988 -6.404224858e-23)
(0.2995484178 0.008713440788 -9.04420939e-23)
(0.2989317441 -0.02872658763 1.500465358e-22)
(0.2814417685 -0.07603447646 0)
(0.2430599332 -0.1385963029 1.530926329e-22)
(0.1779862729 -0.2257399114 2.523436179e-22)
(0.09380301574 -0.3438194943 0)
(-0.007924680879 -0.454500637 -3.658363278e-21)
(-0.01941271891 -0.3770853506 -2.882246265e-21)
(-0.02578628559 0.2281396337 -9.474602112e-22)
(-0.03976401123 0.2241458631 -1.376388367e-22)
(0.03634443319 0.1807976425 -2.297500266e-22)
(0.107873237 0.1442422704 -1.16827108e-22)
(0.1792692008 0.1159955088 -4.266264008e-23)
(0.245194369 0.09492449903 9.591348581e-23)
(0.3049869773 0.07883001092 -1.366511991e-22)
(0.358648253 0.06573488071 1.248079021e-22)
(0.406136144 0.05413422477 -8.258294997e-23)
(0.4470627566 0.04285202163 1.152580855e-25)
(0.4805679195 0.03090647558 1.478960851e-23)
(0.5052133652 0.0174268744 7.769117561e-23)
(0.5190289557 0.001562497909 -1.775029622e-22)
(0.5195401029 -0.01762700039 -1.599398878e-22)
(0.5025409838 -0.04203909205 -4.255323594e-23)
(0.4639614392 -0.07579718149 0)
(0.3939382257 -0.1283727435 -1.801098206e-22)
(0.2906681476 -0.2208246015 8.095765397e-22)
(0.1191485906 -0.3524612753 1.623629792e-21)
(0.0265559963 -0.3774649595 2.168507286e-21)
(0.2144279287 0.1348808255 9.821308515e-22)
(0.2780668654 0.09888221366 0)
(0.4321533806 0.05818965284 -2.576159857e-22)
(0.5306926135 0.03843618524 -1.733939454e-22)
(0.6013470583 0.02612530953 0)
(0.6560614692 0.01817633212 -5.906264082e-23)
(0.6997747631 0.01300822763 6.183016326e-23)
(0.7353217966 0.009467820301 -1.722364342e-23)
(0.7643550972 0.006804453384 2.762313821e-23)
(0.7875978627 0.004542127256 2.217276664e-23)
(0.8050649965 0.002361411261 0)
(0.816287102 2.853805118e-05 -2.786381285e-23)
(0.8202089905 -0.002554464242 0)
(0.8153636338 -0.005572748972 2.698939568e-23)
(0.7987356286 -0.009521661109 1.453689377e-23)
(0.7679279282 -0.01497556463 -5.738849745e-23)
(0.710735829 -0.02505071062 -2.507416804e-22)
(0.6235954984 -0.04209697615 -6.87644213e-22)
(0.4230096109 -0.0918805511 0)
(0.2705551609 -0.1524269237 -2.115436383e-21)
)


// ************************************************************************* //
