/*--------------------------------*- C++ -*----------------------------------*\
  =========                 |
  \\      /  F ield         | OpenFOAM: The Open Source CFD Toolbox
   \\    /   O peration     | Website:  https://openfoam.org
    \\  /    A nd           | Version:  13
     \\/     M anipulation  |
\*---------------------------------------------------------------------------*/
FoamFile
{
    format      ascii;
    class       vectorField;
    location    "45.04";
    object      U_all;
}
// * * * * * * * * * * * * * * * * * * * * * * * * * * * * * * * * * * * * * //


400
(
(1.100742423e-05 -3.783079136e-05 0)
(-0.0006660935034 0.0004130428976 -1.551372613e-23)
(-0.002185373794 0.0009203938356 0)
(-0.004047832565 0.001312781602 0)
(-0.005971868257 0.001535066538 6.845738088e-25)
(-0.007762782946 0.001569847789 4.150942016e-24)
(-0.009284544853 0.001423562396 -7.374064841e-24)
(-0.01043594164 0.001119721751 7.530060492e-24)
(-0.01113681554 0.0006960820278 -2.095325868e-25)
(-0.01132711313 0.0002030786341 -3.994569294e-24)
(-0.01097177386 -0.0003002315982 5.803550066e-24)
(-0.01007232818 -0.0007475147184 -5.929546401e-23)
(-0.008679879575 -0.001075562219 -6.552672429e-23)
(-0.006902852342 -0.001233045066 -7.784267098e-23)
(-0.004910737573 -0.00119263974 4.573554125e-24)
(-0.002927231084 -0.0009619215789 -4.137893838e-24)
(-0.001205297293 -0.0005912125387 -1.998728329e-22)
(-1.906562154e-05 -0.0001698835937 0)
(0.0005181567537 0.0001720849767 1.509332132e-25)
(0.0002227526792 0.0003059781414 -2.549127347e-24)
(-0.0002633621105 0.0008289714651 1.382919231e-25)
(-0.002703303965 0.003383842583 1.561170913e-23)
(-0.006907275476 0.005604501476 1.555468942e-25)
(-0.01195231944 0.007008208179 -8.495980548e-25)
(-0.01713504562 0.007553777592 1.162216226e-24)
(-0.02197535614 0.007294201384 1.306941367e-23)
(-0.02611076176 0.006321894815 1.387876015e-24)
(-0.02926564702 0.004754192376 -7.281789497e-24)
(-0.03122672951 0.00273715069 1.015246231e-23)
(-0.03184201015 0.0004524057007 4.509901252e-24)
(-0.03102761596 -0.001884143377 -6.318815706e-24)
(-0.02879316842 -0.004023027436 2.961856449e-24)
(-0.02527138553 -0.005708352901 3.895536164e-23)
(-0.02073194998 -0.006707409291 -1.954762911e-24)
(-0.01558962665 -0.006854141467 3.754466254e-24)
(-0.01038513327 -0.006097466821 -9.740944888e-23)
(-0.00573027022 -0.004546189649 9.637536455e-23)
(-0.002233364089 -0.002507422134 -3.960818561e-25)
(-0.0001817725002 -0.0005023749374 4.060711128e-25)
(8.343703335e-05 0.0006099232649 0)
(-0.0004188233763 0.002935080744 -2.910351823e-25)
(-0.004647874556 0.00880401664 1.701978946e-23)
(-0.01137195993 0.01324042465 -8.284114898e-24)
(-0.0193272906 0.01579204124 -2.075607667e-25)
(-0.0274741175 0.01653000118 2.039067824e-25)
(-0.03511778979 0.01564441873 6.797145876e-27)
(-0.04171345016 0.0133599784 -1.220374832e-24)
(-0.04683571873 0.009919772491 -4.551172731e-25)
(-0.05014988988 0.005602433035 -1.063064869e-23)
(-0.05141231904 0.0007444191866 0)
(-0.05047793271 -0.004241781775 0)
(-0.04733706379 -0.008887187342 2.670979285e-23)
(-0.04215928113 -0.01268176874 2.81299974e-23)
(-0.03531437685 -0.01513605097 -1.646157229e-24)
(-0.02738996484 -0.01586189574 4.845855554e-23)
(-0.01917005973 -0.01467334319 9.419250134e-23)
(-0.01156090615 -0.01169360632 3.975717595e-23)
(-0.005465409015 -0.007450745903 4.141603787e-25)
(-0.00145109646 -0.002936046232 1.073970323e-25)
(-9.072533951e-05 0.0002258739832 0)
(-0.0005024632086 0.006045350959 -4.248797964e-23)
(-0.006402740384 0.01637075796 -1.692202309e-23)
(-0.01553502535 0.02355933818 8.210955748e-24)
(-0.02627912115 0.02744162754 0)
(-0.03728746796 0.02832102231 0)
(-0.0476903756 0.02658772589 0)
(-0.05679663197 0.02263120447 -4.465294111e-26)
(-0.06405384271 0.01683609431 -2.13698708e-24)
(-0.06901081738 0.009622184722 0)
(-0.07130828039 0.001491050026 1.635383198e-24)
(-0.07070853612 -0.006936504781 2.802724253e-25)
(-0.06713039511 -0.01493018965 -2.810571815e-25)
(-0.06069905801 -0.02166728249 0)
(-0.05180750851 -0.02631605794 4.13321849e-23)
(-0.04114992029 -0.02816070887 -4.681568906e-23)
(-0.02971970461 -0.02677372258 -2.761951723e-23)
(-0.01873716685 -0.02221530576 -3.960862472e-23)
(-0.009488026408 -0.0152192229 7.796004587e-25)
(-0.002976877544 -0.007298196304 9.790392064e-23)
(-0.000231878169 -0.0008661702755 0)
(-0.0005316128811 0.01009501621 4.2694584e-23)
(-0.007983592819 0.02595219717 4.785470219e-25)
(-0.01939687596 0.03642883142 -4.676171644e-25)
(-0.03282382618 0.04185521046 0)
(-0.04664689161 0.04289485488 7.782932995e-25)
(-0.05985229816 0.04020074185 -7.675019799e-25)
(-0.07163291557 0.03434741744 3.672294928e-23)
(-0.08132751485 0.0258566413 1.848231249e-23)
(-0.08836601341 0.01527298374 6.238904942e-24)
(-0.09225469763 0.003246147015 -1.637288442e-24)
(-0.09260379927 -0.009407832934 0)
(-0.089175556 -0.02167478113 4.370522387e-25)
(-0.08195979385 -0.03236745157 1.008974457e-23)
(-0.07126885691 -0.04021250204 -4.349246995e-23)
(-0.05782019157 -0.04402046341 1.93288043e-24)
(-0.04278583262 -0.04294829311 4.217268923e-23)
(-0.02775450456 -0.03683346861 -3.841805704e-25)
(-0.01455062258 -0.02652720944 0)
(-0.004859461129 -0.01408454538 5.43651835e-23)
(-0.0003641474636 -0.00284695445 -2.565078774e-22)
(-0.0005272206813 0.01499927767 9.841546872e-23)
(-0.00937792502 0.0373902238 -4.907788798e-25)
(-0.02288182823 0.05170223228 0)
(-0.03883043674 0.05894183453 0)
(-0.0553865699 0.0602557497 -8.732138234e-23)
(-0.07142876915 0.05661901335 -8.499097827e-23)
(-0.08606654403 0.04880168924 -4.067550638e-23)
(-0.09855086268 0.03743980556 -1.504375312e-23)
(-0.108194534 0.02315983932 -5.368939792e-24)
(-0.1143444755 0.006709678553 -8.174995557e-24)
(-0.1164046228 -0.01093292248 6.60114488e-24)
(-0.1138937413 -0.02848945153 8.826786497e-24)
(-0.1065486993 -0.04437046369 -1.892320986e-23)
(-0.09446804249 -0.05675333849 4.608271658e-24)
(-0.07826857178 -0.06378298684 0)
(-0.05922895714 -0.06393495364 -1.572867912e-23)
(-0.03933982087 -0.05653816177 -2.42936347e-26)
(-0.02114188875 -0.04235809031 0)
(-0.007318702683 -0.02398229383 -1.520647444e-22)
(-0.0005216163149 -0.005925545 6.056272443e-22)
(-0.0004990821665 0.02064574676 -9.774498571e-23)
(-0.01052951004 0.05045438315 2.831985952e-22)
(-0.02582957479 0.06912511894 1.526862301e-22)
(-0.04402138407 0.07849258172 3.619290512e-24)
(-0.06310739356 0.08029476732 -7.31936016e-23)
(-0.08190405329 0.0758804323 9.043554303e-23)
(-0.09947763953 0.06621690935 -3.590220613e-24)
(-0.1150227404 0.05201695181 -1.729170733e-24)
(-0.1277519204 0.03392358486 2.524161551e-24)
(-0.136847262 0.01270233095 7.3826304e-24)
(-0.1414710534 -0.01058782481 -6.500889904e-24)
(-0.1408248189 -0.03446024561 -9.788218887e-24)
(-0.1342745976 -0.05692771916 -3.261725936e-23)
(-0.1215450253 -0.07553316408 -3.661588593e-23)
(-0.1029672678 -0.08754260692 5.64615717e-25)
(-0.07976370132 -0.09039209708 0)
(-0.05426682679 -0.08244513714 0)
(-0.02987161071 -0.06397736803 -2.906070511e-24)
(-0.01066285213 -0.03798794678 2.970519871e-24)
(-0.0007350939173 -0.01050089442 1.027875178e-22)
(-0.0004479168126 0.02687251244 0)
(-0.01134923295 0.06480757767 2.00198476e-22)
(-0.02801599741 0.08829617494 8.962054785e-23)
(-0.04799857414 0.1001234971 0)
(-0.0692060211 0.102707658 1.569887555e-22)
(-0.09044373393 0.09781578917 0)
(-0.110783171 0.0866110332 -1.428391411e-22)
(-0.1294093799 0.0698395058 6.515572401e-24)
(-0.1454771672 0.04808232308 0)
(-0.1580351845 0.02201755555 0)
(-0.1660133478 -0.007334441149 -1.374413112e-24)
(-0.1682671573 -0.03838839968 -9.316827667e-25)
(-0.1637064711 -0.06883976148 1.491985702e-22)
(-0.1515208777 -0.09558276051 -4.704621392e-23)
(-0.1315134574 -0.1148298684 -2.560995276e-24)
(-0.1045596096 -0.1225703429 1.534749117e-24)
(-0.07309350078 -0.1155517977 -1.558958682e-24)
(-0.04135021635 -0.09283115628 0)
(-0.01525230365 -0.0574076765 3.203818455e-24)
(-0.001044309433 -0.01714714434 -1.012915684e-21)
(-0.0003744666152 0.03346304557 0)
(-0.01175006103 0.07998918955 -1.128293956e-22)
(-0.02920707997 0.1086390973 -6.191158027e-22)
(-0.05031745089 0.1232234021 -3.755311048e-22)
(-0.07296317518 0.1269097063 0)
(-0.09598960327 0.1219255667 4.11946284e-22)
(-0.1185273507 0.1096348669 1.260927726e-22)
(-0.1398146455 0.09078246096 -5.581842429e-24)
(-0.1590221593 0.06581393323 5.554215308e-24)
(-0.1751461045 0.03520881157 0)
(-0.1869560019 -0.0001967477939 2.912131778e-23)
(-0.1930172675 -0.03889754525 4.695844455e-24)
(-0.1917809934 -0.07843888813 -1.076811467e-22)
(-0.1817874455 -0.1151865411 8.004244637e-23)
(-0.1620570454 -0.1442599498 -2.419752388e-22)
(-0.1327062019 -0.1598548659 0)
(-0.09577888322 -0.156311291 0)
(-0.05601633182 -0.13029811 0)
(-0.02147859207 -0.08381135182 0)
(-0.001500384854 -0.02665516285 5.572125679e-22)
(-0.0002873897944 0.04016077779 0)
(-0.01169359617 0.09543611688 -3.493021837e-22)
(-0.02924438318 0.1294073655 8.932809966e-22)
(-0.05060947312 0.1469299199 3.617183206e-22)
(-0.07370082659 0.1519748703 0)
(-0.09745151157 0.1472757987 -3.862560267e-22)
(-0.1211069846 0.1344191972 -3.174434396e-23)
(-0.1440324806 0.1141393338 3.333108737e-22)
(-0.1655143264 0.08670006784 1.769476366e-22)
(-0.1846248553 0.05229123611 -4.060154538e-23)
(-0.2001325838 0.0114171622 1.656822376e-23)
(-0.2104622463 -0.03471424233 -8.265252569e-24)
(-0.2137208542 -0.08376563808 3.371860109e-22)
(-0.2078215509 -0.1318756377 0)
(-0.1908238544 -0.173275617 2.420921417e-22)
(-0.1616335746 -0.2002593427 5.774795875e-24)
(-0.1211662699 -0.2040121737 -5.860915163e-24)
(-0.07384989867 -0.1772119977 1.548453887e-22)
(-0.02971786864 -0.1188642338 -5.435478641e-24)
(-0.002179545237 -0.04005398764 0)
(-0.000211719769 0.04671640097 0)
(-0.01125001071 0.1105498142 0)
(-0.0281562444 0.1497355027 -5.022762255e-22)
(-0.04874479275 0.1701517631 -1.880999531e-23)
(-0.07100086586 0.1766257174 2.038380423e-23)
(-0.09399451437 0.1724526536 -2.0143129e-23)
(-0.1171434297 0.1594871007 -2.316885863e-23)
(-0.1400179506 0.1384805098 -3.029826931e-22)
(-0.1621328898 0.1095160729 6.698616511e-23)
(-0.1827959047 0.07245187085 4.513180734e-23)
(-0.2009835566 0.02734928926 -4.577722684e-23)
(-0.2152270269 -0.02508697748 0)
(-0.2235562214 -0.0829835144 -7.839689434e-23)
(-0.2234632197 -0.1427257349 0)
(-0.2120679432 -0.1981820906 -3.739565108e-22)
(-0.1867434551 -0.2400773725 5.244960073e-22)
(-0.1464438307 -0.2560773441 0)
(-0.09394567761 -0.233120953 -1.493999794e-22)
(-0.04022001008 -0.1639613676 1.93755624e-22)
(-0.003201100267 -0.058610632 -3.411535751e-22)
(-0.0002015410005 0.05297585214 0)
(-0.01067261891 0.1248172407 9.182876463e-22)
(-0.02628446662 0.1687424604 -2.440687214e-23)
(-0.04501107758 0.1916455165 9.193344225e-22)
(-0.06494597411 0.1992921078 -2.512088128e-23)
(-0.08536628434 0.1956104338 2.838846569e-23)
(-0.105930564 0.1827886859 -2.812932607e-23)
(-0.1264924181 0.1616583519 -1.660919318e-23)
(-0.1468996843 0.1321762308 -5.260233083e-22)
(-0.1668458155 0.09389646697 -8.906634859e-24)
(-0.1857303023 0.04640576351 9.660201127e-24)
(-0.2024781684 -0.01023784726 3.313079464e-22)
(-0.215415461 -0.07499820375 -5.820742922e-22)
(-0.2220209712 -0.145031185 0)
(-0.21880321 -0.2146760637 8.887329556e-22)
(-0.2016257523 -0.2740016448 -4.940892357e-22)
(-0.1668639193 -0.3075811984 -1.572224962e-23)
(-0.1140220095 -0.2953811937 0)
(-0.05288482023 -0.2195802596 -1.89018984e-22)
(-0.004749188131 -0.08377278027 3.360593424e-22)
(-0.0003641987534 0.05902317858 1.551011524e-23)
(-0.01049573989 0.137988152 -8.764203822e-22)
(-0.0244138955 0.1856804124 -1.157059784e-21)
(-0.04026724376 0.2101384775 -8.628992797e-22)
(-0.05630729489 0.2182348933 0)
(-0.0721485639 0.2146190289 3.513807765e-23)
(-0.08779221448 0.201879197 -7.294871747e-23)
(-0.1034562774 0.1810005619 5.86788882e-23)
(-0.1193983858 0.1518997247 3.021369037e-22)
(-0.1357931534 0.1139150571 -1.128196498e-23)
(-0.1526082311 0.0662142496 0)
(-0.1694521368 0.00817720339 -3.603931679e-22)
(-0.1852760593 -0.06015987724 7.515672018e-22)
(-0.1980448513 -0.1372747018 8.831708304e-22)
(-0.2043546261 -0.2189261899 -5.296630527e-22)
(-0.1990977611 -0.2959712929 5.162693045e-22)
(-0.176060533 -0.3514072608 1.07823472e-23)
(-0.1300890632 -0.3584150804 -1.095549789e-23)
(-0.06688803311 -0.2843276528 -8.215275252e-23)
(-0.007083319923 -0.1169964425 0)
(-0.0009095778035 0.06540041605 -1.911488145e-23)
(-0.01167591764 0.1502816425 -1.326966382e-21)
(-0.02388882085 0.200065958 1.094238134e-21)
(-0.03601340363 0.224421699 6.734933262e-22)
(-0.046573086 0.2316588266 6.014634495e-22)
(-0.05577038291 0.2272393715 6.64396008e-22)
(-0.06411245501 0.214177489 -4.458680093e-23)
(-0.07227561383 0.1936494389 -3.461338886e-22)
(-0.08096972689 0.1656028319 2.152163501e-22)
(-0.09087192072 0.1292707352 0)
(-0.102554743 0.08353082409 0)
(-0.1163622137 0.02720010651 2.655397994e-22)
(-0.1321589543 -0.04062006082 8.194326526e-23)
(-0.1489252304 -0.1200128314 -2.821625077e-22)
(-0.164128427 -0.2089300696 -5.411274037e-23)
(-0.1727877612 -0.3006992513 1.301952201e-22)
(-0.16703113 -0.3793329111 -3.400507783e-22)
(-0.1365292437 -0.413645198 -1.593822477e-23)
(-0.0801825014 -0.3538326214 8.204047987e-23)
(-0.01050762294 -0.1594130574 -6.032156816e-22)
(-0.002260498546 0.07348883544 0)
(-0.01580355686 0.162652178 2.145875808e-21)
(-0.02665042587 0.2117904753 0)
(-0.03422339566 0.2333947293 -1.351808553e-21)
(-0.03759398399 0.2377766847 6.184058275e-23)
(-0.03799685096 0.2312553539 -6.193097511e-22)
(-0.03668265705 0.217189902 -4.756286177e-22)
(-0.03489036121 0.1968934496 8.301258428e-22)
(-0.0337883769 0.1703342381 -1.885698981e-22)
(-0.03449876231 0.136722107 0)
(-0.03811572527 0.09479673542 0)
(-0.0456499227 0.04304286502 2.410614816e-23)
(-0.0579080417 -0.02013781296 -6.007200754e-22)
(-0.07514598444 -0.09620650257 -4.309568625e-22)
(-0.09645174915 -0.1855556175 4.637864149e-22)
(-0.1183462612 -0.2853567774 -6.488738506e-22)
(-0.1332715379 -0.3838386537 9.119948213e-23)
(-0.1265350987 -0.4504358718 2.937306302e-23)
(-0.08899154083 -0.4198536381 5.660443076e-22)
(-0.01526917932 -0.2111719734 6.020789563e-22)
(-0.005180899632 0.08598045961 0)
(-0.02525550727 0.1766291195 1.465579482e-22)
(-0.03483407974 0.2205961562 -4.917146612e-23)
(-0.03640013828 0.2354859361 7.642933698e-22)
(-0.03018482978 0.2343406766 -7.005380626e-22)
(-0.01916579328 0.2241603895 4.746482399e-23)
(-0.005615148739 0.2083525853 -1.018610092e-22)
(0.008569609727 0.1881241091 -3.389889754e-22)
(0.02179886391 0.1633911269 2.062823275e-22)
(0.03262781683 0.1333242727 0)
(0.03958458752 0.09664086117 0)
(0.04117013432 0.05174056373 -2.902668511e-22)
(0.03578483979 -0.003255398443 0)
(0.02198184821 -0.07058360888 -5.512188479e-22)
(-0.001264844854 -0.152573551 -1.492377638e-23)
(-0.03310469782 -0.2505949849 2.559742093e-23)
(-0.06909235742 -0.3599341517 2.203144463e-22)
(-0.09227826957 -0.4575424528 4.788078707e-24)
(-0.08718089906 -0.4698129417 -5.789411458e-22)
(-0.02103127148 -0.2698972297 0)
(-0.01111631558 0.1085974972 0)
(-0.04248901879 0.1947151677 -8.848482365e-22)
(-0.04795528922 0.2258195511 -5.411041441e-22)
(-0.03919535908 0.2282135558 4.543818334e-22)
(-0.01877830244 0.218232814 -1.709984079e-24)
(0.007664314478 0.2028220362 -4.561051403e-23)
(0.03667993473 0.1847619777 5.696683767e-22)
(0.06582998694 0.1647118223 -2.766891098e-23)
(0.09327131035 0.1423128183 -2.069782164e-22)
(0.1173891623 0.1166274941 3.142214232e-23)
(0.1365461703 0.0864114389 -3.425917915e-23)
(0.1489669281 0.05017669013 -3.690594917e-23)
(0.1525275792 0.006159166669 3.205634279e-22)
(0.144936704 -0.04796127054 6.119607798e-22)
(0.1235159798 -0.1153052911 -5.101173106e-22)
(0.08633533481 -0.200419565 -1.616059299e-22)
(0.03199089327 -0.3067806591 1.531307013e-22)
(-0.02362123132 -0.4239837145 7.293652078e-23)
(-0.06492413044 -0.4871612789 1.913291559e-21)
(-0.02509971703 -0.3291544744 2.9549914e-21)
(-0.0200468047 0.1460727398 -4.390208683e-23)
(-0.0641640626 0.2112955855 4.41738144e-23)
(-0.05070230594 0.2177300478 1.000188869e-21)
(-0.01934097341 0.2014679985 -8.270568638e-24)
(0.02414464978 0.1809076182 0)
(0.0715412212 0.1606933354 4.363723958e-23)
(0.1190703413 0.1416495502 -2.273852755e-22)
(0.164476734 0.1233181832 -9.027960725e-23)
(0.2062251168 0.1048117304 3.680735967e-23)
(0.2429643034 0.08507140165 -1.701655329e-23)
(0.2732207591 0.06296147728 3.429971224e-23)
(0.295253612 0.03726293846 -6.592683084e-23)
(0.306697107 0.006535068183 -9.303907466e-23)
(0.3049738321 -0.0308777006 1.517044657e-22)
(0.2863936256 -0.07786290988 0)
(0.2470568089 -0.1399300371 1.505612437e-22)
(0.181092224 -0.2266299753 2.56001386e-22)
(0.09604450271 -0.3443894948 0)
(-0.006697615768 -0.4552210219 -3.675634736e-21)
(-0.019224082 -0.3777537588 -2.892620875e-21)
(-0.02591951319 0.2276828792 -9.514204963e-22)
(-0.03998324633 0.2238216521 -1.388976725e-22)
(0.03656136884 0.1810585357 -2.33558269e-22)
(0.1090503048 0.1451059092 -1.193742523e-22)
(0.1817191198 0.1172445498 -4.295828124e-23)
(0.2490090739 0.09627907688 9.783188315e-23)
(0.310033671 0.08002510493 -1.408593138e-22)
(0.3646209341 0.06656815424 1.297175949e-22)
(0.4126252503 0.05449178977 -8.620124328e-23)
(0.4536250309 0.04270894996 1.132187956e-25)
(0.4867878733 0.03032298466 1.527742309e-23)
(0.5107451374 0.01652901879 7.997207631e-23)
(0.5236597465 0.0005365143597 -1.811124467e-22)
(0.5231798021 -0.01863373265 -1.617146788e-22)
(0.5052323426 -0.04286478976 -4.262957356e-23)
(0.4658715087 -0.07633231201 0)
(0.3952696502 -0.1286089385 -1.846477005e-22)
(0.291607105 -0.2208468098 8.148763005e-22)
(0.1197455107 -0.3525016903 1.631601518e-21)
(0.02670547261 -0.3775497979 2.17265588e-21)
(0.2142894469 0.1347447203 9.864989996e-22)
(0.2776311185 0.09870503507 0)
(0.4316592292 0.05810414805 -2.594321592e-22)
(0.530474935 0.03846264945 -1.74166739e-22)
(0.6016965756 0.02623419122 0)
(0.6571198965 0.01831923492 -6.009096685e-23)
(0.7015213609 0.01313600869 6.378006345e-23)
(0.7376042505 0.009542126574 -1.800157762e-23)
(0.766936842 0.0068044638 2.885975975e-23)
(0.7902106688 0.004464744024 2.315034346e-23)
(0.8074555013 0.0022213199 0)
(0.8182621357 -0.0001500749984 -2.873034007e-23)
(0.8216499717 -0.002723848348 0)
(0.8162394199 -0.005712668719 2.738152573e-23)
(0.799133315 -0.009611382876 1.421693319e-23)
(0.7679986347 -0.01500255108 -5.799402349e-23)
(0.7106555756 -0.02502519953 -2.535660694e-22)
(0.6235183981 -0.04204285407 -6.918101427e-22)
(0.4230091021 -0.0918296808 0)
(0.2705674689 -0.1524021841 -2.119483745e-21)
)


// ************************************************************************* //
