/*--------------------------------*- C++ -*----------------------------------*\
  =========                 |
  \\      /  F ield         | OpenFOAM: The Open Source CFD Toolbox
   \\    /   O peration     | Website:  https://openfoam.org
    \\  /    A nd           | Version:  13
     \\/     M anipulation  |
\*---------------------------------------------------------------------------*/
FoamFile
{
    format      ascii;
    class       scalarField;
    location    "13.34";
    object      p_all;
}
// * * * * * * * * * * * * * * * * * * * * * * * * * * * * * * * * * * * * * //


400
(
1.693595656e-07
-0.000542424917
-0.0008800601509
-0.001003490994
-0.0009212875369
-0.0006657324251
-0.0002742469769
0.0002173397894
0.0007727074826
0.001351644934
0.001908782819
0.002391668463
0.002745216333
0.002916547867
0.002864141289
0.002569719655
0.002053029855
0.001370763892
0.0007171834913
0.0001249078219
0.0005815725738
5.819071655e-06
-0.0003532418944
-0.0004913488344
-0.0004567402983
-0.0002759621212
2.163073584e-05
0.0004067693712
0.000848110244
0.001308586546
0.001748646155
0.002117383802
0.002364673275
0.002443345251
0.002319500326
0.001984048486
0.001463097442
0.0008209667847
0.0002284534549
-0.0004310911328
0.0009401451443
0.0003021543076
-9.390094291e-05
-0.000235766669
-0.0002251045062
-9.191998859e-05
0.0001396745257
0.0004482534595
0.0008100565009
0.001193672332
0.001565554794
0.00187375068
0.002068083851
0.002099995935
0.001934350283
0.001561043801
0.001003490109
0.0003175782787
-0.0003758028296
-0.001208062645
0.0009603914684
0.0002494117085
-0.0001950086619
-0.0003424074466
-0.0003463272115
-0.0002434755359
-5.470428982e-05
0.0002070659306
0.0005279798338
0.0008872339533
0.001245275858
0.001557972559
0.001765286146
0.001807050698
0.00163454011
0.001224228092
0.0005875173001
-0.0002293852135
-0.001138380098
-0.002281619407
0.000465926482
-0.0002922004485
-0.000764915726
-0.0009111664345
-0.0009257334424
-0.0008498319808
-0.0006988593851
-0.0004738672543
-0.0001750979538
0.0001877467348
0.0005844203706
0.0009667429944
0.001264022996
0.001395887112
0.00128633108
0.0008823174026
0.0001696570158
-0.0008199270207
-0.002022169723
-0.003541356812
-0.0006934513691
-0.00146733698
-0.001950125535
-0.002094975642
-0.002129726727
-0.002096688141
-0.002001690682
-0.001828498717
-0.00155675746
-0.001176728931
-0.0007041313864
-0.0001833739385
0.0003034581915
0.0006473267325
0.0007271672029
0.0004355411005
-0.0002927610568
-0.001455960508
-0.00301777323
-0.00501366771
-0.002654146024
-0.003410129192
-0.003895799182
-0.004053886663
-0.004141037663
-0.004197373559
-0.004214299539
-0.004151214112
-0.003957015032
-0.003589012899
-0.003033314587
-0.002315627403
-0.001521407295
-0.0007919726944
-0.000314181952
-0.0002875456108
-0.0008740090002
-0.002140042019
-0.004102777247
-0.006685454894
-0.005525234201
-0.0062361793
-0.006728367306
-0.006933518486
-0.007133806174
-0.007365057718
-0.007600162086
-0.00776665193
-0.007770021097
-0.007515556429
-0.006934463916
-0.006003452992
-0.004789637166
-0.003456321551
-0.00227251145
-0.001579241481
-0.001710575183
-0.002879791194
-0.005224827255
-0.008505085641
-0.009377091351
-0.01002162233
-0.01053249907
-0.01083409567
-0.01123295878
-0.0117615466
-0.01237296694
-0.01295730706
-0.01336396095
-0.01342286486
-0.01297160822
-0.01190806972
-0.01021995475
-0.008059629041
-0.005774218301
-0.00389477448
-0.003034172704
-0.003690987258
-0.006269267359
-0.01032181469
-0.01422645297
-0.01478612044
-0.01532735526
-0.01577409452
-0.01646187969
-0.01742593367
-0.01860331944
-0.01984580715
-0.0209377326
-0.02161330764
-0.02158490652
-0.02059731862
-0.01850436768
-0.01536870865
-0.01156601723
-0.007832724487
-0.005176632278
-0.004589890079
-0.007011833918
-0.01180038584
-0.02003063427
-0.02048424678
-0.02104933852
-0.02165756325
-0.02269008049
-0.02419829329
-0.02611307317
-0.02825326923
-0.03033673785
-0.03198948929
-0.03276788614
-0.03221142714
-0.02996277936
-0.02587882113
-0.02025275339
-0.01396363149
-0.008481859973
-0.005539756905
-0.007041661723
-0.01228508695
-0.02670200429
-0.0270140148
-0.02755082812
-0.02825753495
-0.02959978838
-0.03166758299
-0.0344006949
-0.03759511351
-0.04090760305
-0.0438556744
-0.04582706187
-0.04611965055
-0.04411513017
-0.03933424079
-0.03182515974
-0.02243749711
-0.01304061333
-0.006289823757
-0.005630287484
-0.01059138423
-0.03415588961
-0.03424845662
-0.03461885125
-0.03522232524
-0.03668699279
-0.03917341391
-0.04264667693
-0.04688872117
-0.05150093375
-0.05589970842
-0.05931419349
-0.06083046607
-0.05943767529
-0.05433946213
-0.04515509169
-0.03244633856
-0.01823299824
-0.006056077927
-0.001507111324
-0.004720060718
-0.04241571315
-0.04209718144
-0.04201652117
-0.04210966758
-0.04330860544
-0.04588232358
-0.0498304417
-0.05491892835
-0.0606868342
-0.06645420915
-0.07129901011
-0.07408651486
-0.07353157346
-0.06840471248
-0.05783336239
-0.04185193608
-0.0222563699
-0.003096844632
0.007485557589
0.008460870481
-0.05181235252
-0.05057734994
-0.04950265519
-0.04840314602
-0.04873805409
-0.05090672205
-0.05492493843
-0.06052084187
-0.06713514835
-0.07398149747
-0.07998274483
-0.08379970865
-0.0838894994
-0.07863500561
-0.06667649877
-0.04738414433
-0.02200792911
0.005607175076
0.02480707689
0.03360050718
-0.06346728095
-0.06001698168
-0.05693976113
-0.05361376433
-0.05230809696
-0.05350092174
-0.05714037564
-0.06291136978
-0.06999933733
-0.0775324939
-0.08423775061
-0.08856192099
-0.08872336337
-0.08270657261
-0.06876023558
-0.04555921711
-0.01371083145
0.0244541629
0.05557165492
0.07737734057
-0.08002173466
-0.07092836003
-0.06399572657
-0.05705393944
-0.05331745026
-0.05308117852
-0.05609053663
-0.06171316701
-0.06903202896
-0.0768848833
-0.0837944924
-0.08796652173
-0.08733640222
-0.07957347485
-0.06244682766
-0.03405585023
0.005516912648
0.05859594025
0.1058019105
0.1480425872
-0.1103789368
-0.08574533255
-0.07152408029
-0.05890615035
-0.05184773336
-0.04979250932
-0.05197538014
-0.05734437176
-0.0646672372
-0.07250745547
-0.07915169137
-0.08255874944
-0.08041936348
-0.06983491879
-0.04823113881
-0.01276154356
0.03817163817
0.1070712474
0.1779169057
0.2564121186
-0.1683429842
-0.09983009218
-0.07496219509
-0.05477060081
-0.04458799848
-0.04152808895
-0.04362157244
-0.04924606769
-0.05685102977
-0.06479179718
-0.07119057613
-0.07383586322
-0.07002522426
-0.05696743059
-0.03103315415
0.01188405451
0.07552775792
0.1663250704
0.276081003
0.4376277828
-0.3983365663
-0.1380290438
-0.07493418521
-0.04707448189
-0.03353385636
-0.02998991965
-0.03272389331
-0.039147082
-0.04740900249
-0.05577381102
-0.06233878251
-0.06489106503
-0.06089442091
-0.04691731153
-0.01875150942
0.02990138776
0.1068944878
0.2333547645
0.4198048176
0.779950634
)


// ************************************************************************* //
