/*--------------------------------*- C++ -*----------------------------------*\
  =========                 |
  \\      /  F ield         | OpenFOAM: The Open Source CFD Toolbox
   \\    /   O peration     | Website:  https://openfoam.org
    \\  /    A nd           | Version:  13
     \\/     M anipulation  |
\*---------------------------------------------------------------------------*/
FoamFile
{
    format      ascii;
    class       vectorField;
    location    "40.49";
    object      U_all;
}
// * * * * * * * * * * * * * * * * * * * * * * * * * * * * * * * * * * * * * //


400
(
(1.10039549e-05 -3.783320601e-05 0)
(-0.0006660972305 0.0004130425805 -1.551161811e-23)
(-0.002185374657 0.0009203937404 0)
(-0.004047832383 0.001312780832 0)
(-0.005971867979 0.001535065458 6.845516795e-25)
(-0.007762783448 0.001569847555 4.151157112e-24)
(-0.009284545684 0.001423563732 -7.373215507e-24)
(-0.01043594155 0.001119724 7.531051171e-24)
(-0.01113681389 0.0006960836229 -2.09547601e-25)
(-0.01132711065 0.0002030784651 -3.994769642e-24)
(-0.010971772 -0.0003002333215 5.803753795e-24)
(-0.0100723278 -0.0007475167718 -5.929657115e-23)
(-0.008679880419 -0.001075563384 -6.55276165e-23)
(-0.006902853445 -0.001233044927 -7.784329923e-23)
(-0.004910738313 -0.0011926387 4.573599454e-24)
(-0.002927231874 -0.0009619202872 -4.13795069e-24)
(-0.001205299062 -0.0005912113685 -1.998774011e-22)
(-1.906864003e-05 -0.0001698825764 0)
(0.0005181534392 0.0001720860624 1.509782632e-25)
(0.0002227512084 0.0003059788044 -2.55545869e-24)
(-0.0002633636876 0.0008289679928 1.383089755e-25)
(-0.002703305979 0.003383841207 1.560957233e-23)
(-0.006907277184 0.005604501017 1.555143656e-25)
(-0.01195231983 0.00700820722 -8.495120893e-25)
(-0.01713504377 0.007553775415 1.162094705e-24)
(-0.02197535322 0.007294199071 1.306862759e-23)
(-0.02611075977 0.006321894001 1.388885888e-24)
(-0.02926564684 0.00475419346 -7.282758587e-24)
(-0.03122673016 0.002737152396 1.015289045e-23)
(-0.03184200998 0.0004524063424 4.510132863e-24)
(-0.03102761427 -0.00188414455 -6.319040197e-24)
(-0.02879316581 -0.004023029659 2.96170859e-24)
(-0.0252713832 -0.005708354741 3.895562924e-23)
(-0.0207319487 -0.00670740968 -1.954779852e-24)
(-0.01558962649 -0.006854140274 3.754497953e-24)
(-0.01038513409 -0.006097464639 -9.741022128e-23)
(-0.005730272068 -0.004546187178 9.637766711e-23)
(-0.002233366819 -0.002507419821 -3.961532709e-25)
(-0.0001817761615 -0.0005023728357 4.061443444e-25)
(8.343450592e-05 0.0006099254083 0)
(-0.0004188234021 0.002935079104 -2.910535885e-25)
(-0.004647874877 0.008804014301 1.702243092e-23)
(-0.01137196051 0.01324042343 -8.282239477e-24)
(-0.01932729147 0.01579204108 -2.075260452e-25)
(-0.02747411724 0.01653000043 2.03872652e-25)
(-0.0351177876 0.01564441628 6.844795525e-27)
(-0.04171344655 0.01335997485 -1.221344767e-24)
(-0.04683571512 0.009919769551 -4.551968602e-25)
(-0.05014988736 0.005602431933 -1.063109846e-23)
(-0.05141231771 0.0007444196401 0)
(-0.05047793175 -0.004241780914 0)
(-0.04733706216 -0.008887187211 2.67106176e-23)
(-0.04215927848 -0.01268176949 2.813064271e-23)
(-0.03531437357 -0.01513605177 -1.646182609e-24)
(-0.02738996188 -0.01586189561 4.845920605e-23)
(-0.01917005823 -0.01467334183 9.419323462e-23)
(-0.01156090687 -0.01169360424 3.975756847e-23)
(-0.005465411811 -0.007450743843 4.142290771e-25)
(-0.001451100169 -0.002936044522 1.073501156e-25)
(-9.072794821e-05 0.0002258766088 0)
(-0.0005024633038 0.006045349973 -4.24903933e-23)
(-0.00640274 0.01637075486 -1.692467592e-23)
(-0.01553502407 0.02355933441 8.209092899e-24)
(-0.02627912021 0.02744162496 0)
(-0.03728746726 0.0283210211 0)
(-0.04769037423 0.02658772504 0)
(-0.05679662908 0.02263120295 -4.469620078e-26)
(-0.06405383845 0.01683609211 -2.136333138e-24)
(-0.06901081292 0.009622182703 0)
(-0.07130827678 0.001491048983 1.635517257e-24)
(-0.0707085336 -0.006936504648 2.802816518e-25)
(-0.06713039306 -0.01493018897 -2.81066433e-25)
(-0.06069905525 -0.02166728197 0)
(-0.05180750446 -0.02631605786 4.133350968e-23)
(-0.04114991567 -0.02816070895 -4.681631419e-23)
(-0.02971970107 -0.02677372252 -2.761984842e-23)
(-0.01873716586 -0.02221530547 -3.960904409e-23)
(-0.009488028069 -0.0152192224 7.795841642e-25)
(-0.0029768804 -0.007298195381 9.790209149e-23)
(-0.0002318802216 -0.0008661682565 0)
(-0.0005316135115 0.0100950159 4.269701532e-23)
(-0.007983593136 0.02595219525 4.78498553e-25)
(-0.01939687459 0.03642882715 -4.675698327e-25)
(-0.03282382381 0.04185520547 0)
(-0.04664688905 0.04289485074 7.782662546e-25)
(-0.0598522956 0.04020073923 -7.674752952e-25)
(-0.07163291254 0.03434741601 3.672214988e-23)
(-0.08132751081 0.02585664039 1.848124884e-23)
(-0.08836600855 0.01527298308 6.238647348e-24)
(-0.09225469281 0.003246146831 -1.637422659e-24)
(-0.09260379526 -0.009407832465 0)
(-0.0891755528 -0.02167478004 4.370749342e-25)
(-0.08195979057 -0.03236745029 1.00905754e-23)
(-0.07126885266 -0.04021250111 -4.349387903e-23)
(-0.05782018647 -0.04402046318 1.9329413e-24)
(-0.04278582801 -0.04294829356 4.21737677e-23)
(-0.02775450198 -0.03683346943 -3.841921308e-25)
(-0.01455062243 -0.02652721009 0)
(-0.00485946227 -0.01408454535 5.436552069e-23)
(-0.0003641484589 -0.002846953561 -2.565062082e-22)
(-0.000527221238 0.01499927645 9.841312527e-23)
(-0.009377925501 0.03739022196 -4.907624545e-25)
(-0.02288182776 0.0517022288 0)
(-0.03883043466 0.05894182956 0)
(-0.05538656655 0.06025574423 -8.732001265e-23)
(-0.07142876511 0.05661900863 -8.498983924e-23)
(-0.08606653963 0.04880168612 -4.067462451e-23)
(-0.0985508579 0.03743980417 -1.504332505e-23)
(-0.1081945288 0.02315983933 -5.368710628e-24)
(-0.1143444703 0.006709679621 -8.174889032e-24)
(-0.1164046182 -0.01093292061 6.600993021e-24)
(-0.1138937374 -0.02848944909 8.826430394e-24)
(-0.1065486956 -0.04437046102 -1.89231557e-23)
(-0.09446803827 -0.0567533361 4.606501073e-24)
(-0.07826856691 -0.06378298523 0)
(-0.0592289524 -0.06393495303 -1.57294694e-23)
(-0.03933981738 -0.05653816197 -2.426537665e-26)
(-0.02114188703 -0.04235809079 0)
(-0.007318702253 -0.0239822941 -1.520632324e-22)
(-0.0005216163646 -0.005925545132 6.056237844e-22)
(-0.0004990819551 0.02064574426 -9.774266315e-23)
(-0.01052950956 0.0504543792 2.831961847e-22)
(-0.02582957433 0.0691251146 1.526850973e-22)
(-0.04402138268 0.0784925768 3.619247986e-24)
(-0.06310739083 0.08029476185 -7.319359195e-23)
(-0.08190404917 0.07588042688 9.0434338e-23)
(-0.09947763435 0.06621690491 -3.590184145e-24)
(-0.1150227346 0.05201694914 -1.729159584e-24)
(-0.1277519146 0.03392358426 2.524145037e-24)
(-0.1368472565 0.01270233233 7.382529161e-24)
(-0.1414710486 -0.01058782181 -6.500748592e-24)
(-0.1408248147 -0.0344602415 -9.787827018e-24)
(-0.1342745937 -0.0569277145 -3.261739755e-23)
(-0.1215450213 -0.07553315951 -3.66131099e-23)
(-0.1029672634 -0.08754260302 5.645593523e-25)
(-0.07976369698 -0.09039209423 0)
(-0.05426682315 -0.08244513539 0)
(-0.02987160823 -0.06397736716 -2.906038859e-24)
(-0.01066285084 -0.03798794657 2.970487521e-24)
(-0.0007350934731 -0.01050089491 1.027871902e-22)
(-0.0004479163199 0.02687250998 0)
(-0.01134923186 0.0648075721 2.001980173e-22)
(-0.02801599622 0.08829616873 8.962047064e-23)
(-0.04799857278 0.100123491 0)
(-0.06920601911 0.1027076521 1.569874176e-22)
(-0.09044373078 0.09781578359 0)
(-0.1107831664 0.08661102835 -1.428384416e-22)
(-0.1294093743 0.06983950233 6.515536556e-24)
(-0.1454771611 0.0480823216 0)
(-0.1580351786 0.02201755639 0)
(-0.1660133428 -0.007334438024 -1.374405541e-24)
(-0.168267153 -0.03838839465 -9.316699632e-25)
(-0.1637064672 -0.06883975524 1.491970925e-22)
(-0.151520874 -0.0955827539 -4.704638951e-23)
(-0.1315134535 -0.1148298622 -2.560940803e-24)
(-0.1045596059 -0.1225703376 1.534700752e-24)
(-0.07309349749 -0.1155517936 -1.558909565e-24)
(-0.04135021386 -0.09283115354 0)
(-0.01525230221 -0.05740767524 3.203800301e-24)
(-0.001044308924 -0.01714714454 -1.012911139e-21)
(-0.0003744665992 0.03346304364 0)
(-0.01175006037 0.07998918403 -1.128279663e-22)
(-0.02920707856 0.1086390901 -6.191132073e-22)
(-0.0503174494 0.1232233947 -3.755298199e-22)
(-0.07296317362 0.1269096994 0)
(-0.09598960117 0.1219255607 4.119448626e-22)
(-0.1185273475 0.1096348619 1.260921514e-22)
(-0.1398146411 0.09078245725 -5.581824896e-24)
(-0.159022154 0.06581393117 5.554197862e-24)
(-0.1751460992 0.03520881159 0)
(-0.1869559972 -0.000196745401 2.912127184e-23)
(-0.1930172635 -0.03889754055 4.69582914e-24)
(-0.19178099 -0.07843888161 -1.076804805e-22)
(-0.1817874423 -0.1151865336 8.004167482e-23)
(-0.1620570423 -0.1442599422 -2.419738626e-22)
(-0.1327061989 -0.1598548588 0)
(-0.09577888051 -0.156311285 0)
(-0.05601632971 -0.1302981055 0)
(-0.02147859088 -0.08381134931 0)
(-0.00150038451 -0.02665516237 5.572101599e-22)
(-0.0002873901457 0.04016077569 0)
(-0.0116935961 0.09543611183 -3.493008346e-22)
(-0.02924438233 0.1294073583 8.932783778e-22)
(-0.05060947202 0.146929912 3.617170776e-22)
(-0.07370082556 0.1519748628 0)
(-0.09745151044 0.1472757924 -3.862546923e-22)
(-0.121106983 0.1344191922 -3.174425564e-23)
(-0.144032478 0.1141393302 3.333101469e-22)
(-0.1655143231 0.08670006559 1.769473123e-22)
(-0.1846248517 0.0522912355 -4.060148881e-23)
(-0.2001325805 0.01141716357 1.656821576e-23)
(-0.2104622436 -0.03471423878 -8.26523991e-24)
(-0.2137208519 -0.08376563249 3.371855617e-22)
(-0.2078215488 -0.1318756306 0)
(-0.1908238524 -0.1732756092 2.420907649e-22)
(-0.1616335725 -0.2002593348 5.77475409e-24)
(-0.1211662679 -0.2040121665 -5.860872755e-24)
(-0.07384989707 -0.1772119919 1.54844041e-22)
(-0.02971786779 -0.1188642302 -5.4354367e-24)
(-0.002179545085 -0.04005398642 0)
(-0.0002117199325 0.04671639833 0)
(-0.01125001067 0.1105498091 0)
(-0.02815624412 0.1497354958 -5.022749947e-22)
(-0.04874479242 0.1701517555 -1.880995768e-23)
(-0.07100086572 0.17662571 2.038376173e-23)
(-0.09399451439 0.1724526472 -2.014308701e-23)
(-0.1171434296 0.1594870959 -2.316881331e-23)
(-0.1400179502 0.1384805065 -3.029820345e-22)
(-0.162132889 0.1095160709 6.698613572e-23)
(-0.1827959037 0.0724518701 4.513174244e-23)
(-0.2009835556 0.02734928995 -4.577717278e-23)
(-0.2152270262 -0.02508697508 0)
(-0.223556221 -0.08298351019 -7.839669465e-23)
(-0.2234632192 -0.1427257291 0)
(-0.2120679426 -0.1981820836 -3.739559476e-22)
(-0.1867434541 -0.240077365 5.24494836e-22)
(-0.1464438296 -0.2560773367 0)
(-0.09394567655 -0.2331209465 -1.493986739e-22)
(-0.04022000949 -0.1639613631 1.937543119e-22)
(-0.003201100228 -0.05861063017 -3.41152262e-22)
(-0.0002015408105 0.05297584944 0)
(-0.01067261858 0.1248172353 9.182865015e-22)
(-0.02628446654 0.1687424536 -2.440683961e-23)
(-0.04501107795 0.1916455092 9.193333988e-22)
(-0.06494597504 0.1992921007 -2.512084692e-23)
(-0.08536628571 0.1956104278 2.838842359e-23)
(-0.1059305656 0.1827886813 -2.812928436e-23)
(-0.1264924198 0.161658349 -1.66091708e-23)
(-0.1468996861 0.1321762292 -5.260226425e-22)
(-0.1668458173 0.09389646662 -8.906624147e-24)
(-0.1857303041 0.04640576422 9.660192138e-24)
(-0.2024781702 -0.01023784541 3.31307676e-22)
(-0.2154154628 -0.07499820059 -5.820737951e-22)
(-0.2220209727 -0.1450311806 0)
(-0.218803211 -0.2146760581 8.887318952e-22)
(-0.2016257527 -0.2740016383 -4.940881346e-22)
(-0.1668639191 -0.3075811915 -1.572221404e-23)
(-0.114022009 -0.2953811872 0)
(-0.05288481984 -0.2195802547 -1.890176941e-22)
(-0.004749188123 -0.08377277807 3.36058052e-22)
(-0.0003641984626 0.05902317641 1.551009662e-23)
(-0.01049573948 0.1379881469 -8.764192868e-22)
(-0.02441389551 0.1856804059 -1.157058716e-21)
(-0.04026724469 0.2101384704 -8.628983206e-22)
(-0.05630729683 0.2182348865 0)
(-0.07214856667 0.214619023 3.51380393e-23)
(-0.08779221786 0.2018791927 -7.294863729e-23)
(-0.1034562813 0.1810005593 5.867882418e-23)
(-0.11939839 0.1518997237 3.021365582e-22)
(-0.1357931577 0.1139150574 -1.128195387e-23)
(-0.1526082354 0.06621425087 0)
(-0.169452141 0.008177205408 -3.603928716e-22)
(-0.1852760631 -0.06015987448 7.5156666e-22)
(-0.1980448547 -0.1372746982 8.831702245e-22)
(-0.2043546288 -0.2189261855 -5.296625206e-22)
(-0.1990977629 -0.2959712877 5.162687504e-22)
(-0.1760605339 -0.351407255 1.078231096e-23)
(-0.1300890633 -0.3584150745 -1.095546107e-23)
(-0.06688803292 -0.2843276479 -8.215400525e-23)
(-0.007083319905 -0.1169964401 0)
(-0.0009095776322 0.06540041458 -1.911486238e-23)
(-0.0116759175 0.1502816384 -1.326965178e-21)
(-0.02388882125 0.200065952 1.094237128e-21)
(-0.03601340512 0.2244216922 6.734928018e-22)
(-0.04657308876 0.23165882 6.014629927e-22)
(-0.05577038686 0.2272393659 6.643954869e-22)
(-0.06411245989 0.2141774849 -4.458676171e-23)
(-0.07227561938 0.1936494365 -3.461336174e-22)
(-0.08096973288 0.1656028312 2.15216189e-22)
(-0.09087192691 0.129270736 0)
(-0.1025547492 0.08353082593 0)
(-0.1163622197 0.02720010896 2.655396438e-22)
(-0.1321589598 -0.04062005803 8.194326702e-23)
(-0.1489252354 -0.1200128284 -2.821622617e-22)
(-0.1641284311 -0.2089300662 -5.411270443e-23)
(-0.1727877643 -0.3006992475 1.301951741e-22)
(-0.167031132 -0.3793329067 -3.400501629e-22)
(-0.1365292446 -0.4136451933 -1.593882795e-23)
(-0.08018250148 -0.353832617 8.204173088e-23)
(-0.01050762291 -0.1594130552 -6.032169356e-22)
(-0.002260498475 0.07348883458 0)
(-0.01580355715 0.1626521752 2.145873954e-21)
(-0.02665042698 0.2117904705 0)
(-0.03422339786 0.2333947233 -1.351807511e-21)
(-0.03759398735 0.2377766787 6.184054051e-23)
(-0.03799685557 0.2312553488 -6.193092633e-22)
(-0.03668266278 0.2171898983 -4.75628276e-22)
(-0.03489036781 0.1968934474 8.301252362e-22)
(-0.03378838404 0.1703342376 -1.885697555e-22)
(-0.03449876961 0.1367221079 0)
(-0.03811573244 0.09479673739 0)
(-0.04564992953 0.04304286758 2.410616024e-23)
(-0.05790804804 -0.02013781022 -6.007197394e-22)
(-0.07514599012 -0.0962064999 -4.309566098e-22)
(-0.09645175398 -0.185555615 4.637861331e-22)
(-0.1183462649 -0.2853567747 -6.488732497e-22)
(-0.1332715406 -0.3838386508 9.119945302e-23)
(-0.1265351001 -0.4504358685 2.937370395e-23)
(-0.08899154121 -0.4198536346 5.660449e-22)
(-0.0152691793 -0.2111719714 6.020802079e-22)
(-0.005180899542 0.0859804593 0)
(-0.0252555078 0.1766291178 1.465579137e-22)
(-0.03483408146 0.2205961529 -4.917142937e-23)
(-0.03640014112 0.2354859316 7.642927873e-22)
(-0.03018483355 0.2343406718 -7.005375343e-22)
(-0.01916579801 0.2241603851 4.746479007e-23)
(-0.005615154457 0.2083525819 -1.018609411e-22)
(0.008569603045 0.188124107 -3.389887456e-22)
(0.02179885651 0.1633911261 2.062822136e-22)
(0.0326278092 0.1333242733 0)
(0.03958458008 0.09664086268 0)
(0.04117012739 0.05174056581 -2.902667072e-22)
(0.03578483351 -0.003255396202 0)
(0.02198184271 -0.07058360673 -5.51218571e-22)
(-0.001264849473 -0.1525735491 -1.492377357e-23)
(-0.03310470148 -0.2505949831 2.55973849e-23)
(-0.06909236016 -0.35993415 2.20313859e-22)
(-0.09227827124 -0.4575424509 4.788116474e-24)
(-0.08718089965 -0.4698129394 -5.789417762e-22)
(-0.02103127149 -0.2698972282 0)
(-0.01111631544 0.1085974974 0)
(-0.04248901922 0.194715167 -8.848476126e-22)
(-0.04795529082 0.2258195494 -5.411037968e-22)
(-0.0391953619 0.2282135532 4.543815341e-22)
(-0.01877830618 0.2182328109 -1.709985019e-24)
(0.007664309982 0.2028220331 -4.56104788e-23)
(0.03667992947 0.1847619749 5.696679596e-22)
(0.06582998087 0.1647118201 -2.766889458e-23)
(0.09327130361 0.1423128171 -2.069781021e-22)
(0.1173891553 0.1166274939 3.142212567e-23)
(0.1365461634 0.0864114395 -3.425916241e-23)
(0.1489669218 0.05017669132 -3.690593237e-23)
(0.1525275737 0.006159168166 3.205632741e-22)
(0.1449366995 -0.04796126901 6.119604682e-22)
(0.1235159761 -0.1153052897 -5.101169966e-22)
(0.08633533202 -0.2004195639 -1.616056478e-22)
(0.03199089102 -0.3067806582 1.531309946e-22)
(-0.02362123284 -0.4239837135 7.293655977e-23)
(-0.06492413102 -0.4871612777 1.913292149e-21)
(-0.02509971706 -0.3291544735 2.954992082e-21)
(-0.02004680457 0.1460727404 -4.390206389e-23)
(-0.0641640627 0.2112955856 4.41737913e-23)
(-0.0507023067 0.2177300471 1.000188271e-21)
(-0.01934097523 0.2014679972 -8.27056024e-24)
(0.02414464687 0.1809076165 0)
(0.07154121746 0.1606933335 4.363720353e-23)
(0.1190703368 0.1416495483 -2.273850966e-22)
(0.164476729 0.1233181813 -9.027953051e-23)
(0.2062251113 0.1048117289 3.68073307e-23)
(0.2429642977 0.08507140076 -1.701654541e-23)
(0.2732207536 0.06296147705 3.429969548e-23)
(0.2952536071 0.0372629388 -6.592679534e-23)
(0.3066971029 0.006535068897 -9.303904144e-23)
(0.3049738289 -0.03087769971 1.517043635e-22)
(0.2863936232 -0.07786290903 0)
(0.2470568072 -0.1399300364 1.50560926e-22)
(0.1810922227 -0.226629975 2.560014216e-22)
(0.09604450181 -0.3443894944 0)
(-0.006697616223 -0.4552210215 -3.675635715e-21)
(-0.01922408204 -0.3777537585 -2.892621535e-21)
(-0.02591951314 0.2276828802 -9.514203438e-22)
(-0.03998324624 0.2238216529 -1.38897608e-22)
(0.03656136846 0.1810585355 -2.33558117e-22)
(0.1090503039 0.1451059087 -1.193741932e-22)
(0.1817191183 0.117244549 -4.295824834e-23)
(0.2490090717 0.09627907586 9.783176884e-23)
(0.3100336682 0.08002510373 -1.408591551e-22)
(0.3646209308 0.06656815297 1.297174784e-22)
(0.4126252466 0.05449178863 -8.620117517e-23)
(0.4536250272 0.04270894913 1.132188022e-25)
(0.4867878698 0.03032298423 1.527741383e-23)
(0.5107451343 0.01652901876 7.997203184e-23)
(0.5236597441 0.0005365146019 -1.811123425e-22)
(0.5231798005 -0.01863373221 -1.617145767e-22)
(0.5052323417 -0.0428647893 -4.262950572e-23)
(0.4658715082 -0.07633231166 0)
(0.39526965 -0.1286089383 -1.846478832e-22)
(0.2916071049 -0.2208468098 8.148764962e-22)
(0.1197455106 -0.3525016903 1.631601848e-21)
(0.0267054726 -0.377549798 2.172656049e-21)
(0.2142894471 0.1347447209 9.864988276e-22)
(0.2776311188 0.09870503548 0)
(0.4316592291 0.05810414822 -2.59432031e-22)
(0.5304749346 0.03846264958 -1.741666116e-22)
(0.601696575 0.02623419118 0)
(0.6571198957 0.01831923475 -6.009089215e-23)
(0.7015213598 0.01313600841 6.377998406e-23)
(0.7376042493 0.009542126242 -1.800155704e-23)
(0.7669368406 0.00680446348 2.885972923e-23)
(0.7902106674 0.004464743773 2.315032373e-23)
(0.8074555 0.00222131975 0)
(0.8182621347 -0.0001500750454 -2.873032216e-23)
(0.8216499711 -0.002723848303 0)
(0.8162394197 -0.005712668638 2.738149254e-23)
(0.7991333152 -0.009611382797 1.421689998e-23)
(0.7679986352 -0.01500255103 -5.79940587e-23)
(0.7106555762 -0.02502519953 -2.535661783e-22)
(0.6235183986 -0.0420428541 -6.918102966e-22)
(0.4230091023 -0.09182968086 0)
(0.270567469 -0.1524021842 -2.11948391e-21)
)


// ************************************************************************* //
