/*--------------------------------*- C++ -*----------------------------------*\
  =========                 |
  \\      /  F ield         | OpenFOAM: The Open Source CFD Toolbox
   \\    /   O peration     | Website:  https://openfoam.org
    \\  /    A nd           | Version:  13
     \\/     M anipulation  |
\*---------------------------------------------------------------------------*/
FoamFile
{
    format      ascii;
    class       vectorField;
    location    "45.45";
    object      U_all;
}
// * * * * * * * * * * * * * * * * * * * * * * * * * * * * * * * * * * * * * //


400
(
(1.100753467e-05 -3.783066941e-05 0)
(-0.0006660934017 0.0004130430199 -1.551382898e-23)
(-0.002185373589 0.0009203938401 0)
(-0.004047832063 0.001312781282 0)
(-0.005971867976 0.001535066126 6.845743598e-25)
(-0.007762783467 0.00156984781 4.150995446e-24)
(-0.009284545916 0.001423563069 -7.374181989e-24)
(-0.01043594229 0.001119722681 7.529988616e-24)
(-0.01113681509 0.0006960825414 -2.095322095e-25)
(-0.01132711189 0.0002030784078 -3.994556785e-24)
(-0.01097177281 -0.0003002323558 5.803544669e-24)
(-0.01007232803 -0.0007475154584 -5.929552675e-23)
(-0.008679880256 -0.001075562537 -6.552682394e-23)
(-0.006902853059 -0.001233044965 -7.784268259e-23)
(-0.004910737659 -0.001192639493 4.573553401e-24)
(-0.002927230764 -0.0009619214169 -4.137891244e-24)
(-0.001205297566 -0.0005912124576 -1.998722541e-22)
(-1.906702631e-05 -0.000169883386 0)
(0.0005181549977 0.0001720855179 1.509317701e-25)
(0.0002227517504 0.0003059787428 -2.548969492e-24)
(-0.0002633620182 0.0008289715285 1.382912342e-25)
(-0.002703303926 0.003383842855 1.561180946e-23)
(-0.006907275677 0.00560450189 1.555496818e-25)
(-0.01195231945 0.00700820813 -8.496048426e-25)
(-0.01713504503 0.007553776872 1.162222011e-24)
(-0.02197535535 0.007294200609 1.306937221e-23)
(-0.02611076155 0.006321894815 1.387976155e-24)
(-0.02926564771 0.004754193301 -7.281705743e-24)
(-0.03122673055 0.0027371518 1.015244546e-23)
(-0.03184201077 0.0004524060278 4.509884532e-24)
(-0.03102761577 -0.00188414404 -6.318809301e-24)
(-0.02879316761 -0.004023028722 2.961932375e-24)
(-0.02527138468 -0.005708354048 3.895543672e-23)
(-0.0207319495 -0.00670740974 -1.954767596e-24)
(-0.01558962664 -0.006854141145 3.754469726e-24)
(-0.01038513391 -0.006097465999 -9.740925997e-23)
(-0.005730271792 -0.004546188598 9.637492446e-23)
(-0.002233366268 -0.00250742089 -3.960719804e-25)
(-0.0001817742423 -0.0005023734335 4.060609919e-25)
(8.343612742e-05 0.0006099246371 0)
(-0.000418823212 0.002935080507 -2.910349227e-25)
(-0.004647874176 0.008804016527 1.701977052e-23)
(-0.01137195994 0.01324042508 -8.28413432e-24)
(-0.01932729111 0.01579204202 -2.075670631e-25)
(-0.02747411788 0.0165300015 2.039129329e-25)
(-0.03511778955 0.0156444181 6.795963087e-27)
(-0.04171344946 0.01335997723 -1.220466662e-24)
(-0.04683571825 0.009919771746 -4.551234304e-25)
(-0.05014989017 0.005602433279 -1.063062937e-23)
(-0.0514123199 0.0007444200417 0)
(-0.05047793357 -0.004241781093 0)
(-0.04733706407 -0.00888718753 2.670973894e-23)
(-0.04215928049 -0.01268176976 2.81300421e-23)
(-0.03531437552 -0.01513605211 -1.646163102e-24)
(-0.02738996355 -0.0158618962 4.845874386e-23)
(-0.0191700594 -0.01467334264 9.419232181e-23)
(-0.01156090735 -0.01169360491 3.975678369e-23)
(-0.005465411281 -0.007450744006 4.141396318e-25)
(-0.00145109832 -0.002936044181 1.074080117e-25)
(-9.07261367e-05 0.0002258755279 0)
(-0.0005024631404 0.006045350984 -4.24878376e-23)
(-0.006402739964 0.01637075759 -1.6922003e-23)
(-0.01553502481 0.02355933786 8.210975052e-24)
(-0.02627912116 0.02744162785 0)
(-0.03728746859 0.02832102311 0)
(-0.04769037628 0.0265877265 0)
(-0.05679663209 0.02263120436 -4.465115797e-26)
(-0.06405384222 0.01683609367 -2.137013664e-24)
(-0.06901081684 0.009622184242 0)
(-0.07130828042 0.001491050204 1.635359111e-24)
(-0.07070853685 -0.006936504211 2.802710048e-25)
(-0.06713039599 -0.01493018926 -2.810557578e-25)
(-0.06069905812 -0.02166728278 0)
(-0.05180750738 -0.02631605888 4.133235679e-23)
(-0.04114991843 -0.02816070993 -4.681587152e-23)
(-0.02971970329 -0.02677372322 -2.761961616e-23)
(-0.01873716709 -0.02221530572 -3.960821835e-23)
(-0.009488027865 -0.01521922216 7.79602291e-25)
(-0.00297687882 -0.007298194997 9.790433936e-23)
(-0.0002318785567 -0.0008661692985 0)
(-0.0005316130724 0.01009501669 4.26944414e-23)
(-0.007983592934 0.02595219739 4.785511748e-25)
(-0.01939687551 0.03642883105 -4.676211828e-25)
(-0.03282382571 0.04185520997 0)
(-0.04664689161 0.04289485482 7.782930897e-25)
(-0.05985229864 0.04020074235 -7.675017973e-25)
(-0.0716329161 0.03434741813 3.672289679e-23)
(-0.08132751498 0.02585664172 1.848235152e-23)
(-0.08836601316 0.01527298382 6.238951612e-24)
(-0.0922546975 0.003246147012 -1.637264332e-24)
(-0.09260379968 -0.0094078328 0)
(-0.08917555682 -0.02167478094 4.370512371e-25)
(-0.08195979436 -0.0323674517 1.008975877e-23)
(-0.07126885637 -0.04021250283 -4.349265282e-23)
(-0.05782019002 -0.04402046487 1.932893968e-24)
(-0.04278583103 -0.04294829487 4.217299723e-23)
(-0.02775450395 -0.0368334701 -3.841834101e-25)
(-0.01455062287 -0.02652721016 0)
(-0.004859461471 -0.01408454529 5.436496525e-23)
(-0.0003641473714 -0.002846954362 -2.565080447e-22)
(-0.0005272208608 0.01499927783 9.841534458e-23)
(-0.009377925323 0.03739022444 -4.907788778e-25)
(-0.0228818283 0.05170223267 0)
(-0.03883043653 0.05894183435 0)
(-0.05538656964 0.06025574923 -8.732149619e-23)
(-0.07142876908 0.05661901308 -8.499094462e-23)
(-0.08606654413 0.04880168947 -4.067545051e-23)
(-0.0985508628 0.03743980615 -1.504377123e-23)
(-0.108194534 0.02315983994 -5.368983276e-24)
(-0.1143444757 0.006709679028 -8.175037301e-24)
(-0.1164046234 -0.0109329221 6.601199813e-24)
(-0.1138937422 -0.02848945121 8.826861892e-24)
(-0.1065487 -0.04437046354 -1.89232551e-23)
(-0.09446804248 -0.05675333885 4.608109338e-24)
(-0.07826857089 -0.06378298796 0)
(-0.05922895589 -0.06393495539 -1.572889689e-23)
(-0.03933981991 -0.05653816361 -2.428696753e-26)
(-0.0211418882 -0.04235809163 0)
(-0.007318702326 -0.02398229452 -1.520649531e-22)
(-0.0005216159957 -0.005925545474 6.056275304e-22)
(-0.0004990821295 0.02064574631 -9.774486191e-23)
(-0.01052950996 0.05045438336 2.831984731e-22)
(-0.025829575 0.06912511954 1.526863169e-22)
(-0.04402138435 0.07849258213 3.619296257e-24)
(-0.06310739371 0.08029476724 -7.319363997e-23)
(-0.08190405324 0.07588043188 9.043550419e-23)
(-0.09947763928 0.06621690895 -3.590218189e-24)
(-0.1150227401 0.05201695174 -1.72917034e-24)
(-0.1277519203 0.03392358516 2.524162642e-24)
(-0.1368472623 0.01270233151 7.382670721e-24)
(-0.1414710542 -0.01058782407 -6.500942345e-24)
(-0.14082482 -0.03446024478 -9.78830095e-24)
(-0.1342745985 -0.05692771835 -3.261733867e-23)
(-0.1215450257 -0.07553316358 -3.661573617e-23)
(-0.1029672675 -0.08754260705 5.646107198e-25)
(-0.0797637006 -0.0903920979 0)
(-0.05426682597 -0.08244513831 0)
(-0.02987160992 -0.06397736908 -2.906069261e-24)
(-0.01066285154 -0.0379879476 2.9705186e-24)
(-0.0007350936143 -0.01050089503 1.027874928e-22)
(-0.0004479166592 0.02687251207 0)
(-0.01134923256 0.06480757748 2.001985543e-22)
(-0.02801599736 0.08829617511 8.962054313e-23)
(-0.04799857452 0.1001234975 0)
(-0.06920602166 0.1027076582 1.569889022e-22)
(-0.09044373431 0.09781578902 0)
(-0.1107831709 0.08661103272 -1.428390453e-22)
(-0.1294093794 0.06983950523 6.515566959e-24)
(-0.1454771667 0.04808232272 0)
(-0.1580351843 0.02201755561 0)
(-0.1660133483 -0.00733444059 -1.374416334e-24)
(-0.1682671583 -0.03838839865 -9.316855419e-25)
(-0.1637064721 -0.06883976018 1.49198887e-22)
(-0.1515208784 -0.09558275928 -4.704632163e-23)
(-0.1315134575 -0.1148298676 -2.560997934e-24)
(-0.1045596094 -0.1225703427 1.534747177e-24)
(-0.07309350031 -0.115551798 -1.558956701e-24)
(-0.04135021575 -0.09283115672 0)
(-0.01525230319 -0.05740767705 3.203818921e-24)
(-0.001044309259 -0.0171471448 -1.012915848e-21)
(-0.0003744665143 0.03346304569 0)
(-0.01175006071 0.07998918959 -1.128293327e-22)
(-0.02920707973 0.1086390973 -6.191160301e-22)
(-0.0503174511 0.1232234022 -3.755313214e-22)
(-0.07296317583 0.1269097064 0)
(-0.09598960397 0.1219255667 4.119462615e-22)
(-0.118527351 0.1096348666 1.260926859e-22)
(-0.1398146452 0.09078246041 -5.581838963e-24)
(-0.1590221586 0.0658139325 5.554211858e-24)
(-0.175146104 0.03520881097 0)
(-0.186956002 -0.0001967479446 2.91213293e-23)
(-0.1930172681 -0.03889754479 4.695851026e-24)
(-0.1917809943 -0.07843888712 -1.076813441e-22)
(-0.1817874463 -0.1151865399 8.004257357e-23)
(-0.1620570459 -0.1442599487 -2.419755057e-22)
(-0.1327062021 -0.1598548651 0)
(-0.09577888312 -0.1563112907 0)
(-0.05601633155 -0.1302981099 0)
(-0.02147859186 -0.08381135201 0)
(-0.001500384804 -0.02665516306 5.572126391e-22)
(-0.0002873897639 0.04016077806 0)
(-0.01169359602 0.09543611732 -3.493021999e-22)
(-0.02924438297 0.1294073657 8.932813487e-22)
(-0.05060947319 0.14692992 3.617185301e-22)
(-0.07370082714 0.1519748703 0)
(-0.09745151233 0.1472757989 -3.862560114e-22)
(-0.1211069851 0.1344191973 -3.174433215e-23)
(-0.1440324805 0.1141393336 3.333107189e-22)
(-0.1655143259 0.0867000672 1.769475585e-22)
(-0.1846248547 0.05229123515 -4.060153587e-23)
(-0.2001325836 0.01141716129 1.656821227e-23)
(-0.2104622466 -0.03471424284 -8.265257542e-24)
(-0.2137208549 -0.08376563801 3.371861486e-22)
(-0.2078215516 -0.1318756371 0)
(-0.1908238551 -0.1732756162 2.420924088e-22)
(-0.1616335751 -0.200259342 5.774801044e-24)
(-0.12116627 -0.2040121732 -5.860920405e-24)
(-0.07384989869 -0.1772119975 1.548454538e-22)
(-0.02971786863 -0.1188642338 -5.435480061e-24)
(-0.002179545253 -0.04005398765 0)
(-0.0002117197117 0.04671640101 0)
(-0.01125001049 0.1105498148 0)
(-0.02815624416 0.1497355032 -5.02276419e-22)
(-0.04874479275 0.1701517635 -1.881000454e-23)
(-0.07100086628 0.1766257178 2.03838114e-23)
(-0.09399451504 0.172452654 -2.014313609e-23)
(-0.1171434302 0.1594871012 -2.316885241e-23)
(-0.1400179507 0.1384805101 -3.02982548e-22)
(-0.1621328895 0.1095160727 6.698616943e-23)
(-0.1827959042 0.07245187002 4.513179626e-23)
(-0.2009835562 0.02734928804 -4.577722689e-23)
(-0.2152270268 -0.02508697869 0)
(-0.2235562217 -0.08298351525 -7.839701275e-23)
(-0.2234632201 -0.1427257353 0)
(-0.2120679438 -0.1981820906 -3.73956591e-22)
(-0.1867434556 -0.2400773723 5.244961456e-22)
(-0.1464438311 -0.2560773439 0)
(-0.0939456778 -0.2331209528 -1.494000431e-22)
(-0.04022001019 -0.1639613676 1.937556381e-22)
(-0.003201100298 -0.0586106319 -3.411535793e-22)
(-0.0002015408482 0.05297585202 0)
(-0.01067261843 0.124817241 9.182875626e-22)
(-0.02628446616 0.1687424609 -2.440687427e-23)
(-0.04501107744 0.191645517 9.193348605e-22)
(-0.06494597442 0.1992921083 -2.512089522e-23)
(-0.08536628488 0.1956104344 2.838847165e-23)
(-0.1059305645 0.1827886866 -2.812933198e-23)
(-0.1264924183 0.1616583525 -1.660919025e-23)
(-0.1468996841 0.132176231 -5.26023201e-22)
(-0.1668458151 0.09389646664 -8.906632823e-24)
(-0.1857303018 0.04640576261 9.66019966e-24)
(-0.202478168 -0.01023784847 3.313079036e-22)
(-0.2154154608 -0.07499820491 -5.820742814e-22)
(-0.2220209712 -0.1450311859 0)
(-0.2188032102 -0.2146760642 8.887330433e-22)
(-0.2016257525 -0.274001645 -4.940893654e-22)
(-0.1668639195 -0.3075811985 -1.572225216e-23)
(-0.1140220097 -0.2953811938 0)
(-0.05288482036 -0.2195802597 -1.890189979e-22)
(-0.004749188156 -0.08377278018 3.360593465e-22)
(-0.0003641985342 0.05902317855 1.551011312e-23)
(-0.0104957392 0.1379881522 -8.764202932e-22)
(-0.02441389479 0.1856804126 -1.157059923e-21)
(-0.04026724343 0.2101384777 -8.628996944e-22)
(-0.05630729506 0.2182348937 0)
(-0.07214856433 0.2146190293 3.513808826e-23)
(-0.08779221488 0.2018791976 -7.294873319e-23)
(-0.1034562777 0.1810005625 5.867889329e-23)
(-0.1193983858 0.1518997252 3.021368612e-22)
(-0.1357931532 0.1139150574 -1.12819639e-23)
(-0.1526082306 0.06621424941 0)
(-0.1694521363 0.008177202803 -3.60393122e-22)
(-0.1852760587 -0.06015987804 7.515671424e-22)
(-0.1980448509 -0.1372747026 8.831707841e-22)
(-0.2043546259 -0.2189261905 -5.296630663e-22)
(-0.199097761 -0.2959712933 5.16269315e-22)
(-0.176060533 -0.3514072611 1.078234836e-23)
(-0.1300890633 -0.3584150806 -1.095549907e-23)
(-0.0668880332 -0.2843276529 -8.215271772e-23)
(-0.007083319945 -0.1169964424 0)
(-0.0009095776024 0.06540041619 -1.911487882e-23)
(-0.01167591699 0.1502816426 -1.326966254e-21)
(-0.02388882011 0.2000659579 1.094238262e-21)
(-0.03601340316 0.2244216987 6.734934125e-22)
(-0.04657308597 0.2316588265 6.014635625e-22)
(-0.05577038317 0.2272393715 6.643961557e-22)
(-0.06411245531 0.2141774892 -4.458680991e-23)
(-0.07227561405 0.1936494393 -3.461339488e-22)
(-0.08096972695 0.1656028325 2.152163744e-22)
(-0.09087192058 0.1292707358 0)
(-0.1025547427 0.08353082455 0)
(-0.1163622132 0.02720010669 2.655397925e-22)
(-0.1321589537 -0.04062006095 8.194328692e-23)
(-0.1489252298 -0.1200128317 -2.821624749e-22)
(-0.1641284266 -0.2089300699 -5.411273873e-23)
(-0.1727877609 -0.3006992517 1.301952293e-22)
(-0.1670311299 -0.3793329114 -3.400508056e-22)
(-0.1365292437 -0.4136451983 -1.593819741e-23)
(-0.08018250143 -0.3538326216 8.204044513e-23)
(-0.01050762296 -0.1594130575 -6.032156261e-22)
(-0.002260498426 0.07348883568 0)
(-0.01580355648 0.1626521781 2.145875602e-21)
(-0.02665042542 0.2117904751 0)
(-0.03422339527 0.2333947288 -1.351808593e-21)
(-0.03759398374 0.2377766842 6.184045847e-23)
(-0.03799685087 0.2312553536 -6.193098912e-22)
(-0.03668265708 0.2171899019 -4.75628691e-22)
(-0.03489036131 0.1968934498 8.30125994e-22)
(-0.03378837701 0.1703342387 -1.885699178e-22)
(-0.03449876232 0.1367221077 0)
(-0.03811572511 0.09479673616 0)
(-0.04564992238 0.04304286559 2.410616938e-23)
(-0.05790804129 -0.02013781265 -6.007200609e-22)
(-0.075145984 -0.09620650249 -4.309568541e-22)
(-0.09645174876 -0.1855556176 4.637864315e-22)
(-0.1183462608 -0.2853567775 -6.488738712e-22)
(-0.1332715377 -0.3838386539 9.119947307e-23)
(-0.1265350986 -0.450435872 2.937303372e-23)
(-0.0889915408 -0.4198536382 5.660442765e-22)
(-0.01526917934 -0.2111719735 6.020789009e-22)
(-0.005180899606 0.08598045992 0)
(-0.02525550719 0.1766291195 1.465579743e-22)
(-0.03483407972 0.2205961561 -4.91714608e-23)
(-0.03640013816 0.235485936 7.642933289e-22)
(-0.03018482943 0.2343406764 -7.005380613e-22)
(-0.01916579278 0.2241603891 4.74648266e-23)
(-0.005615148304 0.2083525849 -1.018609904e-22)
(0.008569609943 0.1881241089 -3.389890403e-22)
(0.02179886391 0.163391127 2.062823642e-22)
(0.03262781672 0.1333242731 0)
(0.03958458742 0.09664086167 0)
(0.04117013429 0.05174056417 -2.902668654e-22)
(0.03578483985 -0.003255398136 0)
(0.02198184834 -0.07058360872 -5.512188784e-22)
(-0.001264844688 -0.1525735509 -1.492376704e-23)
(-0.03310469765 -0.2505949848 2.559742365e-23)
(-0.06909235727 -0.3599341518 2.203144833e-22)
(-0.09227826946 -0.4575424529 4.788076176e-24)
(-0.08718089902 -0.4698129418 -5.789411127e-22)
(-0.02103127148 -0.2698972298 0)
(-0.01111631565 0.1085974977 0)
(-0.0424890189 0.1947151676 -8.848481915e-22)
(-0.04795528939 0.2258195514 -5.411041217e-22)
(-0.03919535914 0.2282135564 4.543817797e-22)
(-0.01877830211 0.2182328144 -1.709982159e-24)
(0.007664315145 0.2028220361 -4.561050841e-23)
(0.03667993544 0.1847619773 5.696684053e-22)
(0.06582998742 0.1647118217 -2.76689151e-23)
(0.0932713105 0.1423128179 -2.069782542e-22)
(0.1173891622 0.1166274939 3.14221461e-23)
(0.13654617 0.0864114388 -3.425918252e-23)
(0.1489669279 0.05017669009 -3.69059523e-23)
(0.152527579 0.006159166678 3.205634479e-22)
(0.1449367039 -0.04796127051 6.119608141e-22)
(0.1235159797 -0.115305291 -5.101173404e-22)
(0.08633533483 -0.200419565 -1.61605951e-22)
(0.03199089333 -0.3067806591 1.531306826e-22)
(-0.02362123126 -0.4239837145 7.293651866e-23)
(-0.06492413043 -0.487161279 1.913291534e-21)
(-0.02509971703 -0.3291544745 2.954991374e-21)
(-0.02004680487 0.1460727405 -4.390208952e-23)
(-0.06416406273 0.2112955855 4.417381706e-23)
(-0.05070230584 0.2177300485 1.000188873e-21)
(-0.01934097331 0.2014679993 -8.270533059e-24)
(0.02414465004 0.1809076188 0)
(0.07154122168 0.1606933355 4.363723683e-23)
(0.1190703418 0.1416495499 -2.273852739e-22)
(0.1644767344 0.1233181825 -9.02796065e-23)
(0.2062251169 0.1048117296 3.68073597e-23)
(0.2429643033 0.08507140095 -1.701655593e-23)
(0.2732207589 0.06296147672 3.429971561e-23)
(0.2952536118 0.03726293805 -6.592683236e-23)
(0.3066971068 0.006535067911 -9.303908592e-23)
(0.304973832 -0.03087770073 1.517044691e-22)
(0.2863936255 -0.07786290992 0)
(0.2470568089 -0.1399300371 1.50561267e-22)
(0.1810922239 -0.2266299753 2.560013892e-22)
(0.09604450271 -0.3443894948 0)
(-0.00669761577 -0.4552210219 -3.675634698e-21)
(-0.019224082 -0.3777537589 -2.89262085e-21)
(-0.02591951328 0.2276828798 -9.514205565e-22)
(-0.03998324623 0.2238216525 -1.388976907e-22)
(0.03656136912 0.1810585364 -2.335582577e-22)
(0.1090503048 0.1451059098 -1.19374235e-22)
(0.1817191198 0.1172445502 -4.29582804e-23)
(0.2490090741 0.09627907689 9.783186824e-23)
(0.3100336712 0.08002510463 -1.408592954e-22)
(0.3646209343 0.06656815371 1.297175907e-22)
(0.4126252505 0.05449178915 -8.620124236e-23)
(0.4536250312 0.04270894936 1.132190086e-25)
(0.4867878736 0.03032298415 1.52774229e-23)
(0.5107451376 0.0165290184 7.99720775e-23)
(0.5236597467 0.0005365140882 -1.811124497e-22)
(0.5231798023 -0.01863373279 -1.617146848e-22)
(0.5052323427 -0.04286478982 -4.262957547e-23)
(0.4658715087 -0.07633231204 0)
(0.3952696502 -0.1286089385 -1.846476907e-22)
(0.291607105 -0.2208468099 8.14876295e-22)
(0.1197455107 -0.3525016903 1.631601508e-21)
(0.02670547262 -0.377549798 2.172655876e-21)
(0.2142894467 0.1347447205 9.86499067e-22)
(0.277631118 0.09870503544 0)
(0.4316592284 0.05810414837 -2.594321871e-22)
(0.5304749343 0.03846264971 -1.741667435e-22)
(0.6016965751 0.02623419136 0)
(0.6571198963 0.01831923491 -6.009095643e-23)
(0.7015213609 0.01313600856 6.378005289e-23)
(0.7376042507 0.009542126376 -1.800157495e-23)
(0.7669368424 0.006804463583 2.885975646e-23)
(0.7902106693 0.004464743824 2.315034179e-23)
(0.8074555018 0.002221319736 0)
(0.8182621361 -0.0001500751235 -2.873033953e-23)
(0.8216499721 -0.002723848433 0)
(0.8162394201 -0.005712668771 2.73815263e-23)
(0.7991333151 -0.009611382909 1.421693445e-23)
(0.7679986347 -0.0150025511 -5.799402245e-23)
(0.7106555756 -0.02502519955 -2.535660659e-22)
(0.6235183981 -0.04204285408 -6.918101385e-22)
(0.4230091021 -0.09182968081 0)
(0.2705674689 -0.1524021841 -2.119483741e-21)
)


// ************************************************************************* //
