/*--------------------------------*- C++ -*----------------------------------*\
  =========                 |
  \\      /  F ield         | OpenFOAM: The Open Source CFD Toolbox
   \\    /   O peration     | Website:  https://openfoam.org
    \\  /    A nd           | Version:  13
     \\/     M anipulation  |
\*---------------------------------------------------------------------------*/
FoamFile
{
    format      ascii;
    class       vectorField;
    location    "13.8";
    object      U_all;
}
// * * * * * * * * * * * * * * * * * * * * * * * * * * * * * * * * * * * * * //


400
(
(1.033941529e-05 -3.655463362e-05 0)
(-0.0006643023677 0.0004118498895 -1.54937011e-23)
(-0.002175321434 0.0009159564986 0)
(-0.004027178735 0.001305772708 0)
(-0.005940175328 0.001526597633 6.729635014e-25)
(-0.007721175905 0.001561150492 4.131285597e-24)
(-0.009235220554 0.001415806756 -6.946818078e-24)
(-0.0103818421 0.001113868016 7.992858269e-24)
(-0.01108136996 0.0006927600091 -2.136901944e-25)
(-0.01127392418 0.0002024792281 -4.061243494e-24)
(-0.01092436118 -0.0002983246595 5.882219449e-24)
(-0.01003374698 -0.0007437940587 -5.9983888e-23)
(-0.00865224725 -0.001071027226 -6.633951338e-23)
(-0.006887036497 -0.001228853102 -7.876250868e-23)
(-0.004906099523 -0.001189865653 4.639630756e-24)
(-0.00293155236 -0.0009613063795 -4.215734419e-24)
(-0.001215156747 -0.0005929102304 -2.057479878e-22)
(-2.974676759e-05 -0.0001732687131 0)
(0.0005105151676 0.0001679722716 1.803190895e-25)
(0.0002207968506 0.0003032720085 -6.427129047e-24)
(-0.0002618574009 0.000826465418 1.362263802e-25)
(-0.002687567326 0.003365766529 1.559424782e-23)
(-0.006865179031 0.005571559447 1.557530634e-25)
(-0.01187846363 0.006965964366 -8.375627091e-25)
(-0.01702917099 0.007508475593 1.141748818e-24)
(-0.0218410151 0.00725170328 1.270710162e-23)
(-0.02595432099 0.006287177914 1.761067231e-24)
(-0.02909541042 0.004731018799 -7.733721141e-24)
(-0.03105217341 0.002727753645 1.041188826e-23)
(-0.0316728703 0.0004571798069 4.586612781e-24)
(-0.03087320118 -0.001866023337 -6.404795922e-24)
(-0.02866148887 -0.003994780353 2.90978747e-24)
(-0.02516806632 -0.00567452002 3.93317143e-23)
(-0.02065961294 -0.006673364328 -1.989228782e-24)
(-0.01554735483 -0.006825284988 3.829430799e-24)
(-0.01036838153 -0.006078228889 -1.00387796e-22)
(-0.005731418287 -0.004538983065 9.950632347e-23)
(-0.002242685646 -0.002511505882 -4.542863698e-25)
(-0.0001903291279 -0.0005135768511 4.657435696e-25)
(8.216943754e-05 0.000601029822 0)
(-0.0004156857113 0.002918946885 -2.869942547e-25)
(-0.004616332453 0.008749644325 1.658796182e-23)
(-0.01129503573 0.01315603339 -8.432443188e-24)
(-0.01919769877 0.01569134409 -2.042400814e-25)
(-0.02729244983 0.01642680545 2.006443341e-25)
(-0.03489010306 0.01555097952 1.659192638e-26)
(-0.04144989965 0.01328627878 -1.579976775e-24)
(-0.04654927196 0.009873095217 -4.808170877e-25)
(-0.04985519154 0.00558700222 -1.090241502e-23)
(-0.05112365938 0.0007611507787 0)
(-0.05020940655 -0.004196138616 0)
(-0.04710139591 -0.008818652303 2.713176082e-23)
(-0.0419652939 -0.01259931832 2.858302358e-23)
(-0.0351669515 -0.01505055926 -1.684102375e-24)
(-0.02728925718 -0.01578469686 4.987500131e-23)
(-0.01911127017 -0.01461440308 9.708430817e-23)
(-0.01153479539 -0.01165942669 4.325808813e-23)
(-0.005459544718 -0.007442162124 5.32705928e-25)
(-0.001453608711 -0.002946369207 4.438355614e-26)
(-9.075750068e-05 0.0002128688152 0)
(-0.0004983188091 0.006007260595 -4.168574551e-23)
(-0.006356849986 0.0162632294 -1.648786379e-23)
(-0.01542584143 0.02340372986 8.357425589e-24)
(-0.02609788124 0.02726288484 0)
(-0.03703576385 0.02814237329 0)
(-0.04737648144 0.02642896299 0)
(-0.05643374348 0.0225079837 -5.938930255e-26)
(-0.06365840574 0.01675953867 -1.80627794e-24)
(-0.06860101965 0.009598539359 0)
(-0.07090336197 0.001521453675 1.747565368e-24)
(-0.07032637358 -0.006857090577 2.876755006e-25)
(-0.06678633614 -0.01481104059 -2.884810063e-25)
(-0.06040571611 -0.02152224403 0)
(-0.05157301241 -0.02616216544 4.272464806e-23)
(-0.04097707371 -0.02801626233 -4.819441169e-23)
(-0.02960546148 -0.02665567611 -2.940978683e-23)
(-0.01867276172 -0.0221360227 -4.316991596e-23)
(-0.00946000277 -0.01518287414 7.744956239e-25)
(-0.002970682414 -0.007297447205 9.319623119e-23)
(-0.0002310984983 -0.0008787980407 0)
(-0.0005272544516 0.01002769211 4.188863593e-23)
(-0.007926834742 0.02577732244 4.827759665e-25)
(-0.01926235099 0.0361857657 -4.71749548e-25)
(-0.03260145883 0.04158267089 0)
(-0.0463389114 0.0426267521 7.688967086e-25)
(-0.05946848116 0.03996495745 -7.582358151e-25)
(-0.07118844556 0.03416545493 3.602987743e-23)
(-0.08084107793 0.02574345855 1.770239317e-23)
(-0.08785820773 0.0152367534 5.952543968e-24)
(-0.09174691249 0.003288024258 -1.749601368e-24)
(-0.092116634 -0.009293227897 0)
(-0.08872772223 -0.02149998919 4.576864256e-25)
(-0.08156728826 -0.0321508722 1.090666115e-23)
(-0.07094363699 -0.03997719848 -4.498039886e-23)
(-0.05756901522 -0.04379207838 2.036622276e-24)
(-0.04260916107 -0.04275189416 4.588029515e-23)
(-0.027645815 -0.03668920472 -4.451110579e-25)
(-0.0144966126 -0.0264450672 0)
(-0.004842657325 -0.01405924419 5.388746426e-23)
(-0.0003623114673 -0.002853368821 -2.507615958e-22)
(-0.0005233544112 0.01489779847 9.847501744e-23)
(-0.009315308237 0.03713865597 -4.927205378e-25)
(-0.0227325859 0.0513611043 0)
(-0.03858330713 0.05856531151 0)
(-0.05504375428 0.05988907708 -8.670001351e-23)
(-0.07100051324 0.0562982373 -8.415027338e-23)
(-0.08556868855 0.04855399324 -3.990732856e-23)
(-0.09800277928 0.03728382202 -1.459895223e-23)
(-0.1076175538 0.02310576657 -5.113578249e-24)
(-0.1137607608 0.00675931829 -7.947708502e-24)
(-0.1158360482 -0.01078586325 6.343202468e-24)
(-0.113360997 -0.02825943426 8.326110101e-24)
(-0.1060705442 -0.04407922256 -1.866026872e-23)
(-0.09406024839 -0.05642896767 2.452669404e-24)
(-0.07794253828 -0.06345805355 0)
(-0.05899002197 -0.06364325381 -1.776293105e-23)
(-0.03918546737 -0.05630959028 4.471141563e-26)
(-0.02106054871 -0.04221164792 0)
(-0.007290769094 -0.0239185966 -1.468294618e-22)
(-0.0005187604438 -0.005920524826 5.934446095e-22)
(-0.0004963048623 0.02050835737 -9.78024881e-23)
(-0.0104672411 0.0501231677 2.821323559e-22)
(-0.02567926413 0.06868275158 1.520193504e-22)
(-0.04377076023 0.07800915498 3.597194459e-24)
(-0.06275794607 0.07982683706 -7.270053262e-23)
(-0.08146544782 0.07547185392 8.953173537e-23)
(-0.09896508923 0.06590005388 -3.551723458e-24)
(-0.1144548368 0.05181368357 -1.70066053e-24)
(-0.1271490853 0.03384590102 2.479684766e-24)
(-0.1362307004 0.01275281537 7.17115119e-24)
(-0.1408620772 -0.01041555149 -6.255596754e-24)
(-0.1402441738 -0.03418157059 -9.236305534e-24)
(-0.1337420351 -0.05656613886 -3.233967771e-23)
(-0.1210788102 -0.07512002553 -3.288049961e-23)
(-0.1025828969 -0.08711590547 4.878330406e-25)
(-0.07947194519 -0.08999386849 0)
(-0.05407087207 -0.08211631686 0)
(-0.02976395936 -0.06374934345 -2.815161906e-24)
(-0.01062376286 -0.03787192812 2.877594886e-24)
(-0.0007313555366 -0.01047843322 1.020982755e-22)
(-0.00044673765 0.02670128609 0)
(-0.01129427184 0.0644012705 1.990528519e-22)
(-0.02788018263 0.08775813231 8.910153497e-23)
(-0.04776901507 0.09953888118 0)
(-0.06888298654 0.1021436778 1.558958166e-22)
(-0.09003548093 0.09732344475 0)
(-0.1103032937 0.08622717682 -1.414748709e-22)
(-0.1288745469 0.06958855312 6.443330468e-24)
(-0.1449055066 0.0479775201 0)
(-0.1574452372 0.02206194471 0)
(-0.1654238133 -0.007147260158 -1.348278709e-24)
(-0.1676961725 -0.03807328751 -9.052814186e-25)
(-0.1631717016 -0.06842057741 1.457176039e-22)
(-0.1510401877 -0.09509175 -4.66722697e-23)
(-0.131104179 -0.1143076614 -2.460451222e-24)
(-0.1042370601 -0.122064896 1.440769076e-24)
(-0.0728676611 -0.115114627 -1.463496104e-24)
(-0.04122063878 -0.09250863592 0)
(-0.01520278148 -0.05722695826 3.148003522e-24)
(-0.001039705554 -0.0171013636 -9.979808996e-22)
(-0.000375269082 0.03326411604 0)
(-0.01170937517 0.07952033045 -1.124117183e-22)
(-0.02910164745 0.108020269 -6.160402024e-22)
(-0.05013440933 0.1225526793 -3.734317573e-22)
(-0.07270134378 0.1262637653 0)
(-0.09565534657 0.121361714 4.088748168e-22)
(-0.1181320783 0.1091936284 1.248871052e-22)
(-0.1393724509 0.09048992209 -5.522680275e-24)
(-0.1585480188 0.06568364516 5.495346171e-24)
(-0.1746546588 0.03524344281 0)
(-0.1864605354 -4.021612146e-06 2.879287709e-23)
(-0.1925304407 -0.03856155711 4.624191222e-24)
(-0.1913153579 -0.07798257382 -1.056293723e-22)
(-0.1813560206 -0.1146404425 7.814079327e-23)
(-0.1616748844 -0.1436633726 -2.37399167e-22)
(-0.1323902258 -0.1592571055 0)
(-0.09554530661 -0.1557710145 0)
(-0.05587439327 -0.1298768953 0)
(-0.02142078081 -0.08355733929 0)
(-0.001494941131 -0.02658073653 5.494637701e-22)
(-0.0002903578567 0.0399440707 0)
(-0.01167321409 0.09492477565 -3.476098627e-22)
(-0.02918353421 0.1287315569 8.888478416e-22)
(-0.05049617274 0.1461972944 3.596919948e-22)
(-0.07353244878 0.1512699439 0)
(-0.09723227683 0.1466612687 -3.833883167e-22)
(-0.1208458096 0.1339384577 -3.149103287e-23)
(-0.1437405462 0.1138191448 3.306548715e-22)
(-0.1652029092 0.08655295664 1.754644318e-22)
(-0.1843036826 0.05231797507 -4.025306325e-23)
(-0.1998088314 0.01160906363 1.648866251e-23)
(-0.2101407124 -0.03437341376 -8.17274767e-24)
(-0.2134049027 -0.08329770253 3.338727436e-22)
(-0.2075152486 -0.1313075286 0)
(-0.1905350165 -0.1726411271 2.375138494e-22)
(-0.161375856 -0.1996027983 5.638281102e-24)
(-0.1209589133 -0.2033924683 -5.72236466e-24)
(-0.07371224316 -0.1767018538 1.505702807e-22)
(-0.02965629189 -0.1185354138 -5.309639639e-24)
(-0.002173380737 -0.03994707226 0)
(-0.0002167849368 0.04649479165 0)
(-0.01125408106 0.1100221169 0)
(-0.02815041241 0.1490338767 -4.998115085e-22)
(-0.04871886932 0.1693890655 -1.871559676e-23)
(-0.07095084834 0.1758922331 2.025900316e-23)
(-0.09392217702 0.1718154735 -2.001980139e-23)
(-0.117054771 0.1589917565 -2.300073785e-23)
(-0.139920888 0.1381535298 -3.005494199e-22)
(-0.1620347217 0.1093675265 6.674927376e-23)
(-0.1827011613 0.07247875599 4.474032078e-23)
(-0.2008926864 0.02753883631 -4.536836123e-23)
(-0.2151364358 -0.02475364256 0)
(-0.2234589444 -0.08252920592 -7.700602943e-23)
(-0.2233516899 -0.1421732045 0)
(-0.2119386517 -0.1975566104 -3.706105226e-22)
(-0.1866012702 -0.2394120169 5.186579925e-22)
(-0.1463051983 -0.2554219165 0)
(-0.0938363566 -0.2325500124 -1.452514833e-22)
(-0.04016248914 -0.1635673181 1.894732244e-22)
(-0.003194544658 -0.05847033863 -3.368909333e-22)
(-0.0002083916657 0.05276383505 0)
(-0.01070273463 0.1243029829 9.144155814e-22)
(-0.02633864221 0.1680508899 -2.429808592e-23)
(-0.04508173099 0.1908894565 9.152326325e-22)
(-0.06502765269 0.1985649732 -2.499584975e-23)
(-0.08545762404 0.1949824667 2.822110455e-23)
(-0.1060336001 0.1823068671 -2.796349241e-23)
(-0.1266108931 0.1613484373 -1.650252489e-23)
(-0.1470363178 0.1320447825 -5.226776028e-22)
(-0.166999824 0.09393538304 -8.848982006e-24)
(-0.18589606 0.0465961896 9.598769481e-24)
(-0.2026460484 -0.009920434166 3.295225776e-22)
(-0.215569715 -0.07457704145 -5.784668578e-22)
(-0.2221427304 -0.1445274101 0)
(-0.2188771302 -0.2141063679 8.823189559e-22)
(-0.2016443916 -0.2733842688 -4.886026843e-22)
(-0.1668344634 -0.3069482293 -1.554817548e-23)
(-0.1139688268 -0.2947961695 0)
(-0.05284258825 -0.2191449626 -1.848088212e-22)
(-0.004742939665 -0.0836030434 3.318708153e-22)
(-0.0003723618847 0.05883526677 1.544593145e-23)
(-0.01055070769 0.1375178088 -8.727256775e-22)
(-0.0245267862 0.1850360295 -1.152748099e-21)
(-0.04043368966 0.2094269677 -8.590514363e-22)
(-0.05652015578 0.2175494225 0)
(-0.07240222466 0.2140312216 3.496011097e-23)
(-0.08808292072 0.2014366825 -7.257081375e-23)
(-0.1037820173 0.1807285287 5.83672896e-23)
(-0.1197562434 0.1518008797 3.003653818e-22)
(-0.1361770163 0.1139764865 -1.12223818e-23)
(-0.1530085141 0.06641113554 0)
(-0.1698531069 0.008479170502 -3.584231647e-22)
(-0.185658207 -0.05978007902 7.481312995e-22)
(-0.1983859927 -0.1368389882 8.797018361e-22)
(-0.2046305493 -0.2184454046 -5.264164569e-22)
(-0.1992894209 -0.2954498106 5.136599289e-22)
(-0.1761621325 -0.3508553167 1.063613848e-23)
(-0.13011452 -0.3578736013 -1.080694156e-23)
(-0.06687382744 -0.2838893674 -8.57526717e-23)
(-0.007078621614 -0.1168076122 0)
(-0.0009185039285 0.06524954616 -1.904567638e-23)
(-0.01175183081 0.1498832651 -1.322715048e-21)
(-0.02405274919 0.199503532 1.090181114e-21)
(-0.03626460974 0.2237901343 6.71285722e-22)
(-0.04690258352 0.2310468755 5.993797982e-22)
(-0.05616718134 0.2267174273 6.618960086e-22)
(-0.06456457824 0.2137923674 -4.438930159e-23)
(-0.07277366174 0.1934270352 -3.44741837e-22)
(-0.08150384916 0.1655420659 2.143560439e-22)
(-0.09142931727 0.1293563426 0)
(-0.1031225128 0.08373449828 0)
(-0.1169246083 0.02748773834 2.64715166e-22)
(-0.1326980311 -0.04028164943 8.222252843e-23)
(-0.1494196602 -0.1196482766 -2.803987425e-22)
(-0.1645537077 -0.2085489634 -5.393556258e-23)
(-0.1731194498 -0.3002979673 1.307054737e-22)
(-0.1672527409 -0.3789027294 -3.381865082e-22)
(-0.136638738 -0.4132003545 -1.74717236e-23)
(-0.08020578772 -0.353437507 8.563547634e-23)
(-0.01050623295 -0.1592219167 -6.054592694e-22)
(-0.002269442184 0.0733848056 0)
(-0.01589342147 0.1623480793 2.139463331e-21)
(-0.02685082664 0.2113385068 0)
(-0.03453757076 0.2328721112 -1.34787943e-21)
(-0.03801161921 0.2372629471 6.211061627e-23)
(-0.03850172805 0.2308159098 -6.16969452e-22)
(-0.03725217906 0.2168679561 -4.739932315e-22)
(-0.03550734452 0.1967229624 8.270603712e-22)
(-0.03443622453 0.1703047345 -1.878072806e-22)
(-0.03515619232 0.1368208079 0)
(-0.03876747191 0.09499611246 0)
(-0.04628123309 0.04330855826 2.424737691e-23)
(-0.05850676686 -0.0198393075 -5.990784292e-22)
(-0.07569769421 -0.09590560129 -4.298042713e-22)
(-0.09693875331 -0.1852642493 4.630758364e-22)
(-0.1187471892 -0.2850711108 -6.468217642e-22)
(-0.1335679883 -0.3835399618 9.02853684e-23)
(-0.1267098812 -0.4501205788 3.097609434e-23)
(-0.08905181707 -0.4195430635 5.66688362e-22)
(-0.01527259097 -0.2109998048 6.043183113e-22)
(-0.005188597709 0.08592806143 0)
(-0.02534770241 0.1764321652 1.467777238e-22)
(-0.03504699162 0.2202731324 -4.906007326e-23)
(-0.03674156336 0.2350921226 7.623222135e-22)
(-0.03064528509 0.2339419669 -6.985859159e-22)
(-0.01972699724 0.2238142966 4.732532332e-23)
(-0.006236517835 0.2081000398 -1.017842698e-22)
(0.007904588083 0.1879881542 -3.378332206e-22)
(0.02110554452 0.1633738557 2.05695954e-22)
(0.03194406072 0.1334143661 0)
(0.0389268451 0.09681454828 0)
(0.04055299791 0.05196666286 -2.895817607e-22)
(0.0352116182 -0.003010785749 0)
(0.02145995988 -0.07034263397 -5.506270932e-22)
(-0.00172549804 -0.1523551357 -1.454823072e-23)
(-0.03349224667 -0.2504008518 2.55624262e-23)
(-0.06940225193 -0.3597468154 2.194220899e-22)
(-0.09248116044 -0.4573605706 4.815246317e-24)
(-0.08726320603 -0.4696089497 -5.796561684e-22)
(-0.02103990276 -0.269764129 0)
(-0.01112039545 0.1085927104 0)
(-0.04256443243 0.1946221465 -8.83075602e-22)
(-0.04814189872 0.2256268385 -5.404063411e-22)
(-0.03950646054 0.227952792 4.537992561e-22)
(-0.01920870983 0.2179536323 -1.718379423e-24)
(0.007132396591 0.2025701147 -4.552368471e-23)
(0.0360792234 0.1845754176 5.681780976e-22)
(0.06518784118 0.1645996392 -2.759521962e-23)
(0.09261421161 0.1422921822 -2.063798617e-22)
(0.1167484002 0.1166904117 3.134779558e-23)
(0.1359414285 0.08654098546 -3.418952267e-23)
(0.1484113456 0.05034945845 -3.684974136e-23)
(0.1520328886 0.006349281565 3.201727204e-22)
(0.1445067893 -0.04777816404 6.113295916e-22)
(0.1231448234 -0.115148343 -5.097424678e-22)
(0.08602957916 -0.2002961771 -1.617425559e-22)
(0.03172269048 -0.306685308 1.52797629e-22)
(-0.02381307607 -0.4238877941 7.292813366e-23)
(-0.0650015835 -0.4870523705 1.912798248e-21)
(-0.02511040542 -0.3290693284 2.954434701e-21)
(-0.020044047 0.1460979919 -4.38587553e-23)
(-0.0641987967 0.2112796787 4.41302093e-23)
(-0.0508137179 0.2176456439 9.992191959e-22)
(-0.01954944016 0.2013261636 -8.030884734e-24)
(0.02383258987 0.180738785 0)
(0.07113335497 0.1605299675 4.356063543e-23)
(0.1185905774 0.1415198549 -2.268972655e-22)
(0.163951455 0.1232357859 -9.00711863e-23)
(0.2056818907 0.1047874725 3.671743825e-23)
(0.2424323631 0.08510297762 -1.697599404e-23)
(0.2727233387 0.06303929462 3.422997345e-23)
(0.2948099457 0.03737180677 -6.582385142e-23)
(0.3063106572 0.006657591769 -9.289691851e-23)
(0.3046479629 -0.03075974955 1.51623833e-22)
(0.2861284509 -0.07776498885 0)
(0.2468456288 -0.1398623716 1.507359741e-22)
(0.1809211277 -0.2265995431 2.558939611e-22)
(0.09591662138 -0.3443514323 0)
(-0.006762862326 -0.4551806951 -3.674692168e-21)
(-0.01923477438 -0.377716477 -2.892074382e-21)
(-0.02591170672 0.2277094431 -9.511808689e-22)
(-0.03997086611 0.2238399611 -1.388204646e-22)
(0.0365475046 0.1810423594 -2.333250964e-22)
(0.1089804925 0.1450553599 -1.192164881e-22)
(0.1815756175 0.1171715617 -4.293786565e-23)
(0.2487871352 0.09620172905 9.770957339e-23)
(0.3097436658 0.07995934442 -1.406027859e-22)
(0.3642818299 0.06652381732 1.294283499e-22)
(0.412260181 0.05447538025 -8.599268511e-23)
(0.4532596511 0.04272064667 1.131386791e-25)
(0.4864448179 0.03035836288 1.525023111e-23)
(0.5104418814 0.01658040232 7.98474418e-23)
(0.5234094614 0.0005911577577 -1.809204904e-22)
(0.5229892672 -0.01858049968 -1.61633297e-22)
(0.5050922503 -0.04282174034 -4.26316772e-23)
(0.4657729095 -0.07630523588 0)
(0.3951981925 -0.1286004989 -1.843865612e-22)
(0.2915532405 -0.2208442957 8.145943068e-22)
(0.1197129387 -0.3524994384 1.631169878e-21)
(0.02669723604 -0.3775449282 2.172431894e-21)
(0.214297573 0.1347527079 9.86234671e-22)
(0.2776564391 0.09871527884 0)
(0.4316874631 0.05810894818 -2.593163596e-22)
(0.5304866407 0.03846102435 -1.741100386e-22)
(0.6016751302 0.02622771967 0)
(0.6570574271 0.01831101469 -6.002399109e-23)
(0.7014202192 0.01312903115 6.366053335e-23)
(0.7374741869 0.009538254295 -1.795596255e-23)
(0.7667915517 0.006804967908 2.878738341e-23)
(0.790065637 0.004469588429 2.309444427e-23)
(0.8073247688 0.002229620866 0)
(0.8181559475 -0.0001396266241 -2.868247058e-23)
(0.8215743204 -0.002712761033 0)
(0.816195526 -0.005704335698 2.736297581e-23)
(0.7991145801 -0.009606472821 1.423769753e-23)
(0.7679966881 -0.01500120775 -5.795956403e-23)
(0.7106600971 -0.02502734898 -2.534088481e-22)
(0.6235212855 -0.04204536709 -6.915893269e-22)
(0.4230087759 -0.09183230541 0)
(0.270566681 -0.1524033732 -2.119265149e-21)
)


// ************************************************************************* //
