/*--------------------------------*- C++ -*----------------------------------*\
  =========                 |
  \\      /  F ield         | OpenFOAM: The Open Source CFD Toolbox
   \\    /   O peration     | Website:  https://openfoam.org
    \\  /    A nd           | Version:  13
     \\/     M anipulation  |
\*---------------------------------------------------------------------------*/
FoamFile
{
    format      ascii;
    class       scalarField;
    location    "11.79";
    object      p_all;
}
// * * * * * * * * * * * * * * * * * * * * * * * * * * * * * * * * * * * * * //


400
(
1.126580178e-07
-0.0005377818928
-0.0008711930223
-0.0009907350315
-0.0009053328663
-0.0006472025762
-0.0002536147911
0.0002397557983
0.0007967881998
0.001377508718
0.001936824509
0.002422639987
0.002780143276
0.002956640621
0.00291062258
0.002623561403
0.002114549853
0.001439869385
0.0007911867246
0.0002022223816
0.0005755785825
5.005348847e-06
-0.000349622859
-0.0004837319251
-0.0004454063356
-0.0002611510294
3.971460846e-05
0.0004279421099
0.0008722669299
0.001335770929
0.001779219947
0.00215189005
0.002403889166
0.002488213551
0.002370939756
0.002042699058
0.001529019655
0.0008935403417
0.0003057193979
-0.0003509549135
0.0009290486726
0.0002970018354
-9.419577869e-05
-0.0002318783496
-0.0002169773742
-7.942737059e-05
0.0001565904202
0.0004695283065
0.0008356060251
0.001223825621
0.001599500265
0.0019122086
0.002111653034
0.002149427053
0.00199040206
0.001624227988
0.001073802689
0.0003943855252
-0.0002943429267
-0.001122264507
0.0009461569803
0.0002417930808
-0.0001972305623
-0.0003400703566
-0.0003390266717
-0.0002307334989
-3.624022709e-05
0.0002312416633
0.0005575993621
0.0009216433754
0.001284862778
0.001602447914
0.001814915825
0.001862419319
0.001696364331
0.00129310506
0.0006636563744
-0.0001462772253
-0.001049468903
-0.002185770778
0.0004526930511
-0.0002986459015
-0.000765626321
-0.00090681657
-0.0009154102404
-0.0008326109271
-0.000674200628
-0.0004417675495
-0.0001360269919
0.0002329214513
0.000634964315
0.001022025885
0.001323868824
0.001460593836
0.001356564586
0.0009588903501
0.000253248066
-0.0007289552039
-0.001924076578
-0.003434652556
-0.000699989317
-0.001467471813
-0.001944443729
-0.002083542118
-0.002110887511
-0.00206892891
-0.001964155316
-0.001781206861
-0.00150054722
-0.001113071449
-0.0006346801169
-0.0001096572917
0.0003803837801
0.000727135979
0.0008102919026
0.0005230506756
-0.0001994450548
-0.001355400394
-0.002908913138
-0.004894276164
-0.002647286748
-0.003397905598
-0.003877804752
-0.004029139269
-0.004106871613
-0.004151496534
-0.004155435536
-0.004079388053
-0.003873515555
-0.003496152797
-0.002934034155
-0.002212807348
-0.001417551065
-0.000688561486
-0.0002114239297
-0.0001842519436
-0.0007678266855
-0.002027995697
-0.003981959094
-0.006552614111
-0.005498205562
-0.006205371259
-0.006691869228
-0.006888875567
-0.00707707209
-0.007292964535
-0.007510885465
-0.007660170507
-0.007648127088
-0.007381627212
-0.006793233752
-0.005859080096
-0.004646888898
-0.003318569454
-0.002141260028
-0.00145362124
-0.0015873669
-0.002754125137
-0.005091295294
-0.008358899023
-0.009324092035
-0.009966835188
-0.01047210873
-0.01076383703
-0.01114739847
-0.01165627719
-0.01224549394
-0.01280748731
-0.01319409957
-0.01323738858
-0.01277624034
-0.01171054408
-0.01002688389
-0.007876761036
-0.005605042718
-0.003739477194
-0.002889187327
-0.003549583
-0.006123023737
-0.01016370842
-0.01414368923
-0.01470385516
-0.01523968643
-0.0156747998
-0.01634397426
-0.01728381281
-0.01843378504
-0.019648583
-0.02071564849
-0.02137194291
-0.02133192919
-0.02034178961
-0.01825550719
-0.01513478259
-0.01135285705
-0.007642339372
-0.00500613844
-0.004431473182
-0.006854211961
-0.01163376523
-0.01991716273
-0.02037377891
-0.02093404876
-0.02152941289
-0.02254066018
-0.02402088437
-0.02590386618
-0.02801193927
-0.0300667641
-0.03169753931
-0.03246309873
-0.03190452366
-0.02966455065
-0.02559902093
-0.01999887679
-0.01373957093
-0.008286466492
-0.005365696658
-0.006876210575
-0.01211604771
-0.02656018492
-0.02687785738
-0.02741118758
-0.0281050379
-0.02942490883
-0.03146267791
-0.03416154974
-0.03732149998
-0.04060401618
-0.04353002109
-0.04548996137
-0.04578380395
-0.04378960452
-0.03902938094
-0.03154839427
-0.0221932909
-0.01282964089
-0.006106899751
-0.005463992419
-0.01042919133
-0.03399133734
-0.03409226462
-0.03446163019
-0.03505413407
-0.03649754337
-0.03895425741
-0.04239337824
-0.04660106753
-0.05118492323
-0.05556468507
-0.05897215062
-0.06049282755
-0.05911704034
-0.05404264704
-0.04488684141
-0.03220889987
-0.0180270665
-0.005878725579
-0.001351395407
-0.004576741444
-0.04223684546
-0.0419292317
-0.04185130826
-0.04193759438
-0.04311880454
-0.04566531295
-0.04958162725
-0.05463721984
-0.06038061019
-0.06613416749
-0.07097908477
-0.07377973821
-0.07324851705
-0.06815046375
-0.05760892722
-0.04165471057
-0.02208419311
-0.002946820562
0.00761485407
0.008572309955
-0.05162975037
-0.05040794177
-0.0493409279
-0.04824059705
-0.04856288954
-0.05070757772
-0.05469819918
-0.06026134677
-0.066855949
-0.07369306253
-0.07970109555
-0.08353944521
-0.08366262226
-0.07844394449
-0.06651967649
-0.04725293661
-0.02189575311
0.005705638338
0.02489248445
0.03366852264
-0.06329328597
-0.05985813492
-0.05679435785
-0.05347465534
-0.05216182345
-0.05333367367
-0.05695757421
-0.06267343915
-0.06975460665
-0.07728129566
-0.0839980567
-0.08835122318
-0.08856278733
-0.08258147208
-0.0686748366
-0.04550098798
-0.01367300359
0.02448865304
0.05560082667
0.07739691823
-0.07986987617
-0.07079323796
-0.0638800133
-0.05695082788
-0.05321131569
-0.05295303602
-0.05593352286
-0.06152409056
-0.06882270831
-0.07666736484
-0.08358886467
-0.08778995605
-0.08719465987
-0.07949380686
-0.06241555573
-0.03406093296
0.005469236429
0.0585998094
0.1057813946
0.1480184337
-0.1102603985
-0.08564458476
-0.0714481859
-0.05884555349
-0.05178742201
-0.04970744572
-0.05185607343
-0.05718957781
-0.06448717187
-0.07231777659
-0.07897321694
-0.08241148951
-0.08032414621
-0.06978526578
-0.0482297534
-0.0127983512
0.03811034073
0.1070140738
0.1778581136
0.256350881
-0.168255934
-0.09975780103
-0.07491988285
-0.05474571888
-0.04455987198
-0.04147510148
-0.0435320435
-0.04911813655
-0.05669463901
-0.06462264707
-0.07102802878
-0.07369790046
-0.06992440457
-0.05692323939
-0.03103739937
0.01184117565
0.0754597267
0.1662501517
0.2760040674
0.4375550876
-0.3982515625
-0.1379639283
-0.07490085473
-0.04706200611
-0.03352000914
-0.02995295743
-0.03265128302
-0.03903621514
-0.04726817008
-0.05561763337
-0.06218563178
-0.06475920584
-0.06079817383
-0.04686749825
-0.01874649523
0.02986906008
0.1068363959
0.2332860312
0.4197331878
0.7798814757
)


// ************************************************************************* //
