/*--------------------------------*- C++ -*----------------------------------*\
  =========                 |
  \\      /  F ield         | OpenFOAM: The Open Source CFD Toolbox
   \\    /   O peration     | Website:  https://openfoam.org
    \\  /    A nd           | Version:  13
     \\/     M anipulation  |
\*---------------------------------------------------------------------------*/
FoamFile
{
    format      ascii;
    class       vectorField;
    location    "3.05";
    object      U_all;
}
// * * * * * * * * * * * * * * * * * * * * * * * * * * * * * * * * * * * * * //


400
(
(-2.944723444e-05 2.957483908e-05 0)
(-0.0006066581926 0.0003639009256 -8.838345375e-24)
(-0.001730768036 0.000712298781 0)
(-0.003068942556 0.0009742752053 0)
(-0.004429708656 0.001117672666 -5.196227023e-26)
(-0.005696535968 0.001133743122 3.274591498e-24)
(-0.006792811016 0.001029216198 1.967225541e-23)
(-0.007665775888 0.0008200179022 3.695451149e-23)
(-0.008274640181 0.0005285628178 -4.792353964e-25)
(-0.008585156488 0.0001827236361 -8.317660397e-24)
(-0.00856933518 -0.0001844637925 1.098975827e-23)
(-0.008208810845 -0.0005355019671 -1.057714871e-22)
(-0.007502110856 -0.0008303869339 -1.212612081e-22)
(-0.006474359729 -0.00103006746 -1.42586624e-22)
(-0.005186503566 -0.001102108888 9.297246968e-24)
(-0.003743077251 -0.001028913037 -9.771433969e-24)
(-0.002295865814 -0.00081640959 -6.28006103e-22)
(-0.001044619849 -0.0004978342751 0)
(-0.0001539544072 -0.0001451502715 2.305472565e-24)
(7.737555556e-05 0.000101399753 -2.853144416e-22)
(-0.0001963482723 0.0007321107486 7.984471719e-26)
(-0.001962875527 0.002532437837 8.920872632e-24)
(-0.004865922997 0.003998483619 6.188534154e-26)
(-0.00829783119 0.004897681608 2.172519461e-26)
(-0.01179751099 0.005234826203 -2.737740624e-25)
(-0.01507566625 0.005061965095 -1.020902604e-23)
(-0.01792775771 0.004448396852 2.498215184e-23)
(-0.02020827708 0.003469049276 -3.601292095e-23)
(-0.02180621263 0.002203696491 2.626560696e-23)
(-0.02263191301 0.0007413308566 9.479590553e-24)
(-0.0226155762 -0.0008139576762 -1.198654442e-23)
(-0.02171522647 -0.002338732241 1.04558862e-25)
(-0.01993324569 -0.003690235582 6.536814215e-23)
(-0.01733831765 -0.004714177436 -4.369382642e-24)
(-0.01408735934 -0.005261560336 9.049109885e-24)
(-0.01044161946 -0.005216183244 -3.097026642e-22)
(-0.006767521686 -0.004530372578 3.238444153e-22)
(-0.003511232515 -0.003265297624 -4.610021422e-24)
(-0.001104158458 -0.001634035216 4.726257865e-24)
(-5.977152503e-05 -0.0001707507625 0)
(-0.0002633787959 0.002180908786 -1.356775052e-25)
(-0.003073995224 0.006142845634 1.986311135e-24)
(-0.007464977587 0.008997819651 -8.560847513e-24)
(-0.01263107473 0.01059503835 8.243088344e-26)
(-0.01790938811 0.01104208564 -8.098049164e-26)
(-0.022882192 0.01049719844 6.318012026e-25)
(-0.02724077665 0.009123005755 -2.399376487e-23)
(-0.03075811661 0.007071136703 -2.037564915e-24)
(-0.03325767776 0.004487160549 -2.752965049e-23)
(-0.03459592634 0.001525282686 0)
(-0.0346603579 -0.001634101505 0)
(-0.03338118565 -0.004770179536 5.438910424e-23)
(-0.03075648107 -0.007614884389 5.860427202e-23)
(-0.02688521545 -0.009863604289 -4.264996567e-24)
(-0.02199941839 -0.01120408282 1.463650305e-22)
(-0.01648688045 -0.01136888728 3.002927254e-22)
(-0.01088846122 -0.01020953286 2.913292242e-22)
(-0.005851855673 -0.007785039261 9.006442676e-24)
(-0.002038510512 -0.004453493403 -4.471228094e-24)
(-0.0001492962571 -0.001043142844 0)
(-0.0002826235312 0.004171284049 -5.899458822e-24)
(-0.00398593461 0.010922264 -1.753463179e-24)
(-0.009696769639 0.01546942624 8.396567147e-24)
(-0.01641466226 0.0178695436 0)
(-0.02329939135 0.01839899347 0)
(-0.02982739523 0.01736231814 0)
(-0.03560566683 0.01503889504 -8.894048443e-25)
(-0.04033833885 0.01166843072 1.595878938e-23)
(-0.04378748807 0.007465612643 0)
(-0.04575126793 0.002650200051 8.006274099e-24)
(-0.04606193316 -0.002517808427 7.324075091e-25)
(-0.04460098191 -0.007708904019 -7.344597532e-25)
(-0.04133457163 -0.01250391811 0)
(-0.03636122308 -0.0164059236 1.324283643e-22)
(-0.0299593908 -0.01888169377 -1.421189906e-22)
(-0.02262534396 -0.0194474817 -1.53062874e-22)
(-0.01507615916 -0.01779678293 -2.95611417e-22)
(-0.008189590876 -0.01395490164 3.649125567e-25)
(-0.002909106222 -0.008423331233 -2.493132512e-22)
(-0.0002026297526 -0.002345610221 0)
(-0.0002807197992 0.006640669052 5.955164102e-24)
(-0.004807156885 0.01676202951 5.905878907e-25)
(-0.01176016033 0.02331336739 -5.770974846e-25)
(-0.0199574661 0.02664617593 0)
(-0.02839972808 0.02727160797 2.328781558e-25)
(-0.03647388539 0.02567849012 -2.296480241e-25)
(-0.04371967222 0.02228020973 5.770934059e-25)
(-0.04978398787 0.01740713986 -2.295843122e-23)
(-0.05436976086 0.01133623694 -8.91427836e-24)
(-0.05720705061 0.004342446917 -8.015596783e-24)
(-0.05805029472 -0.003241335483 0)
(-0.05669498215 -0.01097419704 1.685786912e-24)
(-0.05302674389 -0.0182606864 5.996476138e-23)
(-0.04709174812 -0.02436176877 -1.407594509e-22)
(-0.03917032659 -0.0284452028 8.915186311e-24)
(-0.02984848353 -0.0297130089 3.008555255e-22)
(-0.02004500104 -0.02760492998 -4.699380922e-24)
(-0.01094606775 -0.02205170331 0)
(-0.003896121441 -0.01370149696 1.235353939e-23)
(-0.0002439257398 -0.004110008466 1.805362398e-22)
(-0.0002776615044 0.009571792681 9.919870296e-23)
(-0.005617893458 0.02364730212 -5.592428863e-25)
(-0.01380392337 0.03254162186 0)
(-0.02348926022 0.03697395971 0)
(-0.03352907358 0.03775656772 -5.313312492e-23)
(-0.04323915844 0.03560183454 -4.066265993e-23)
(-0.05211091394 0.03107171214 -6.180689991e-25)
(-0.05974798249 0.02458179531 8.158676312e-24)
(-0.06579761616 0.01645167769 8.155360671e-24)
(-0.06990961693 0.006984857152 4.208189071e-24)
(-0.07173151712 -0.003437640031 -7.877303375e-24)
(-0.07091900187 -0.01428173701 -2.032318647e-23)
(-0.06720342482 -0.02475367363 -3.326260908e-24)
(-0.06049742033 -0.03381568447 -1.315946472e-22)
(-0.05100727198 -0.04022754349 0)
(-0.03936935132 -0.04272112925 -1.571291825e-22)
(-0.02673410303 -0.04031174606 4.851887402e-24)
(-0.01471529939 -0.0327117522 0)
(-0.005261400425 -0.02071115885 2.406961844e-22)
(-0.000308111271 -0.006458432792 -3.353415324e-22)
(-0.0002825261327 0.01297748042 -9.845845433e-23)
(-0.006466635032 0.03161139485 2.183027525e-22)
(-0.01592448796 0.04320972346 1.12434054e-22)
(-0.0271549066 0.04894256768 2.381599929e-24)
(-0.03888175979 0.04999433352 -4.573426332e-23)
(-0.05037368067 0.04734352545 4.280758461e-23)
(-0.06109934261 0.04171331873 -1.568971671e-24)
(-0.07064041598 0.03359035027 -2.13589407e-25)
(-0.07859846225 0.02330092814 1.414381391e-25)
(-0.08453474148 0.01112523299 -4.142246357e-24)
(-0.08796478465 -0.002566676951 7.260209115e-24)
(-0.08833478413 -0.017151138 2.237724963e-23)
(-0.08511932701 -0.03168165832 -1.329722125e-23)
(-0.07798527842 -0.04476003578 2.013526923e-22)
(-0.06693954438 -0.05459610697 -4.401575229e-24)
(-0.05257977309 -0.0592182922 0)
(-0.03628991547 -0.05692805089 0)
(-0.02025435494 -0.04697280747 4.048944605e-24)
(-0.007338936866 -0.03022372548 -4.138674117e-24)
(-0.0004244003706 -0.009677209253 3.016413577e-23)
(-0.0002986612003 0.01688851177 0)
(-0.007375340533 0.0407116243 1.329456585e-22)
(-0.01816217937 0.05539135318 5.894949908e-23)
(-0.03100301204 0.06265069314 0)
(-0.04450549631 0.06413053846 9.654541726e-23)
(-0.05792164172 0.06112608908 0)
(-0.07073259511 0.05453566229 -6.581554478e-23)
(-0.08253150917 0.0448961913 2.540428893e-24)
(-0.09289980205 0.0324896248 0)
(-0.1013203731 0.0174988259 0)
(-0.1071129026 0.0001985667337 2.148661216e-25)
(-0.1094866059 -0.01881094427 7.644486746e-25)
(-0.1075834591 -0.0384521905 -7.556204221e-23)
(-0.1006299335 -0.0569442084 -1.635707337e-23)
(-0.08825888273 -0.07179651598 4.138859472e-24)
(-0.07086096362 -0.08002286609 -5.237595128e-24)
(-0.04997390679 -0.078758155 5.320168057e-24)
(-0.02846696919 -0.0663203187 0)
(-0.01054988376 -0.04343913828 -1.319503988e-24)
(-0.0006273997065 -0.0142558541 2.18321631e-22)
(-0.0003287306909 0.02134149975 0)
(-0.008350258789 0.0510057789 -8.954697974e-23)
(-0.02051079098 0.06914318326 -4.333276668e-22)
(-0.03498842885 0.07815684513 -2.495767547e-22)
(-0.05028816291 0.08025097927 0)
(-0.06568101393 0.07710217964 2.302019208e-22)
(-0.08070430508 0.06980372001 5.802297493e-23)
(-0.09500776796 0.05891970774 -2.041273503e-24)
(-0.1081911696 0.04462478459 2.031173889e-24)
(-0.119681721 0.02690665278 0)
(-0.1286470308 0.005820665033 6.820556476e-24)
(-0.1339917863 -0.0182238314 -1.340096945e-25)
(-0.134410417 -0.04410045143 2.838713893e-23)
(-0.1285768399 -0.06969039844 -4.945310244e-23)
(-0.1155188972 -0.09168990584 1.017442997e-22)
(-0.09514561115 -0.1057477501 0)
(-0.06890858474 -0.107200674 0)
(-0.04032634289 -0.09263220223 0)
(-0.01541719159 -0.06204208337 0)
(-0.0009667139708 -0.02094223889 -9.250964272e-23)
(-0.0003789202815 0.02637544046 0)
(-0.009400097044 0.06253558784 -2.466278049e-22)
(-0.0229420014 0.08446952085 6.195402516e-22)
(-0.03899383285 0.09542066452 2.402226026e-22)
(-0.05596574184 0.09829589593 0)
(-0.07318577925 0.09523818999 -2.166607873e-22)
(-0.09029583484 0.08756684033 -1.608054931e-23)
(-0.1070565626 0.0758546787 1.589539326e-22)
(-0.1231440608 0.06010372727 7.572640789e-23)
(-0.1379888564 0.0399934625 -1.553230083e-23)
(-0.1506524215 0.01519993404 8.503280294e-24)
(-0.1597734988 -0.01421074274 -1.414361576e-24)
(-0.1635938119 -0.04729003936 7.372380206e-23)
(-0.1601417316 -0.081722635 0)
(-0.1476332033 -0.1133961393 -1.017931773e-22)
(-0.1251370475 -0.1363152905 -5.04951678e-24)
(-0.09354810497 -0.1432830805 5.124760301e-24)
(-0.05665498133 -0.1279119707 -2.057210907e-22)
(-0.02255845501 -0.0881806638 5.087943029e-24)
(-0.001521439031 -0.03080895948 0)
(-0.0004654333699 0.03204335829 0)
(-0.01056779411 0.07532548854 0)
(-0.02545092985 0.1012936069 -3.484322294e-22)
(-0.04287825084 0.1142395701 -1.284826281e-23)
(-0.06116258835 0.1179573318 1.245616088e-23)
(-0.07972684711 0.115166173 -1.230905398e-23)
(-0.09836324012 0.1074580979 -1.195061785e-23)
(-0.1169973639 0.09541083261 -1.430891197e-22)
(-0.1354503003 0.07880551597 4.183020905e-23)
(-0.1532479601 0.05691850701 1.718816369e-23)
(-0.1694629493 0.02889900297 -1.534979261e-23)
(-0.1826038236 -0.005740754303 0)
(-0.1905961908 -0.0464919254 1.608425114e-23)
(-0.1908975238 -0.09112087772 0)
(-0.1808249467 -0.1349411672 -6.878225037e-23)
(-0.1582518182 -0.1702982782 -6.5946893e-24)
(-0.1228170568 -0.1868545148 0)
(-0.07765956838 -0.1736589926 2.00575368e-22)
(-0.03261658165 -0.1242634097 -1.967076499e-22)
(-0.002423930448 -0.04531961826 6.218991597e-23)
(-0.0006269035779 0.03845050271 0)
(-0.01198532316 0.08940720078 6.625971491e-22)
(-0.02813131192 0.1194421707 -1.731646389e-23)
(-0.04656119443 0.1341871322 6.467558246e-22)
(-0.06547897934 0.138570565 -1.691397467e-23)
(-0.08444516254 0.1360229233 1.696692967e-23)
(-0.1034413045 0.1284698387 -1.681201568e-23)
(-0.1226018703 0.1165117988 -8.668743829e-24)
(-0.1419605253 0.09969864652 -2.704779168e-22)
(-0.1612537665 0.07686181522 -4.376841661e-24)
(-0.1797481376 0.04653338998 4.277954005e-24)
(-0.1960907191 0.007501876756 1.62412905e-22)
(-0.2082020001 -0.0404479909 -2.441047058e-22)
(-0.2132794652 -0.09556397098 0)
(-0.2079236709 -0.1531312461 2.667011356e-22)
(-0.1886353839 -0.2043052445 5.215813944e-24)
(-0.1530365623 -0.2355267964 8.05062441e-25)
(-0.1021317142 -0.2297587757 0)
(-0.04603290531 -0.1724037979 1.948832882e-22)
(-0.003892722819 -0.06635771689 -6.052425377e-23)
(-0.000949277999 0.04584004886 1.122804434e-23)
(-0.01396420577 0.10488297 -6.324269295e-22)
(-0.03128246246 0.1386489373 -8.648447978e-22)
(-0.05013317664 0.1545620492 -6.071998724e-22)
(-0.06861097155 0.1590230008 0)
(-0.08648716612 0.1563248456 2.246576399e-23)
(-0.1039742253 0.1487901917 -4.536854479e-23)
(-0.1214474376 0.137080633 3.496453643e-23)
(-0.1392076554 0.1205578418 1.622138468e-22)
(-0.1573185 0.09765506143 -6.268490105e-24)
(-0.1754570818 0.06630997852 0)
(-0.1927538866 0.02453090122 -1.748281198e-22)
(-0.2075779781 -0.02883081947 3.962251708e-22)
(-0.2174463137 -0.09295457544 4.926650216e-22)
(-0.2187872042 -0.1639410733 -1.974037064e-22)
(-0.2069591101 -0.2328400989 2.204565636e-22)
(-0.1771138669 -0.2837657252 -4.186331365e-24)
(-0.1264095804 -0.2929922779 4.253460862e-24)
(-0.06251344359 -0.2333012842 -4.48560763e-22)
(-0.006257519686 -0.09611904005 0)
(-0.0016139365 0.05475655227 -1.439747337e-23)
(-0.01713554781 0.1220181593 -1.035592865e-21)
(-0.03552867872 0.1585434675 8.191294662e-22)
(-0.0539379838 0.1743168545 5.215766097e-22)
(-0.07041722053 0.1776740079 4.56829018e-22)
(-0.08511376554 0.1739115383 4.865966224e-22)
(-0.0985477483 0.1657842795 -2.94105196e-23)
(-0.1113701271 0.1540542064 -2.351416865e-22)
(-0.1241845972 0.1379851816 1.41779605e-22)
(-0.137464128 0.1157569098 0)
(-0.1514707751 0.08488232331 0)
(-0.1661308136 0.04272663695 1.749177176e-22)
(-0.1807015703 -0.01279348001 9.831998537e-23)
(-0.1937543499 -0.08239206545 -9.99027579e-23)
(-0.2024344899 -0.1636399412 -3.266365176e-23)
(-0.2017727301 -0.249151966 1.599736517e-22)
(-0.184801933 -0.3228634553 -1.124928426e-22)
(-0.1436101361 -0.3557399498 -1.911721598e-22)
(-0.08011288524 -0.3044815453 4.479466866e-22)
(-0.009921244568 -0.1367079474 -8.383728494e-22)
(-0.00300018241 0.06636855335 0)
(-0.02264667979 0.1413873493 1.706748736e-21)
(-0.04185310873 0.1786213429 0)
(-0.05842714857 0.1919606781 -1.083982302e-21)
(-0.07064390561 0.1922913938 8.431538974e-23)
(-0.07938920983 0.1859828901 -4.530776258e-22)
(-0.08565235709 0.1761716622 -3.585676085e-22)
(-0.09042255527 0.1637121693 5.870834522e-22)
(-0.09462175462 0.147860619 -1.232318302e-22)
(-0.09914013934 0.1267354597 0)
(-0.1048520688 0.09769471319 0)
(-0.1125692376 0.05774794267 3.676158209e-23)
(-0.1229833228 0.004075502682 -4.049907993e-22)
(-0.1360435432 -0.06541683703 -2.870026124e-22)
(-0.1504042354 -0.1505909773 3.598872489e-22)
(-0.1624380087 -0.2472995261 -3.869847229e-22)
(-0.1645597028 -0.3424763374 -2.923666902e-24)
(-0.1438917676 -0.4058692933 2.127665997e-22)
(-0.09420659605 -0.3782330743 6.39555912e-22)
(-0.01517226724 -0.1892099935 8.367924838e-22)
(-0.005807463594 0.08286686256 0)
(-0.03229658419 0.1635997204 1.64743098e-22)
(-0.05117541054 0.1976198816 -4.175331889e-23)
(-0.06320533396 0.2049139676 6.313913427e-22)
(-0.0675605017 0.199588365 -5.687902731e-22)
(-0.06656425723 0.1889109764 3.81061987e-23)
(-0.06195326646 0.1761526387 -1.024477638e-22)
(-0.05514684605 0.1621286341 -2.460799853e-22)
(-0.04736891071 0.1461029456 1.585718566e-22)
(-0.03984309675 0.1262854422 0)
(-0.03393600811 0.1001552456 0)
(-0.03122135624 0.06474162515 -2.121115112e-22)
(-0.03348676097 0.01693212694 0)
(-0.04238607088 -0.04611730401 -4.642870711e-22)
(-0.05890110084 -0.1266469592 3.043993476e-23)
(-0.08197204502 -0.2247219939 1.962082178e-23)
(-0.1061842364 -0.3336194589 9.303811134e-23)
(-0.1157529834 -0.4284734141 9.126765551e-24)
(-0.0968924066 -0.4402761411 -6.607800527e-22)
(-0.02161754084 -0.2516696476 0)
(-0.0114009197 0.1090782697 0)
(-0.0479132675 0.1895569571 -7.663633908e-22)
(-0.06169313359 0.2131127947 -4.995890088e-22)
(-0.06290428067 0.2089536326 4.244245182e-22)
(-0.05299447878 0.1948142301 -2.153069904e-24)
(-0.03674769745 0.1781072618 -4.071932231e-23)
(-0.01686117709 0.1615953798 4.759304816e-22)
(0.004858861017 0.1456876711 -2.216729403e-23)
(0.02704892527 0.1295149126 -1.577422322e-22)
(0.04838950145 0.1114113187 2.504398645e-23)
(0.06732756514 0.08916029994 -2.751969006e-23)
(0.08190777882 0.06016148786 -3.042236017e-23)
(0.08963733748 0.02157984078 2.722613068e-22)
(0.08763993372 -0.02963279329 5.184184512e-22)
(0.07280132854 -0.09680732467 -4.44904004e-22)
(0.04289748447 -0.1837408827 -1.685993536e-22)
(-0.001816512754 -0.2919481182 1.269769681e-22)
(-0.04674644556 -0.4091341501 7.006169837e-23)
(-0.07645237307 -0.4707396125 1.840154804e-21)
(-0.02633773363 -0.3170358262 2.864892243e-21)
(-0.01974990538 0.1485400066 -4.124678642e-23)
(-0.06607782261 0.2115145919 4.150223583e-23)
(-0.05779963733 0.2131440629 9.475958862e-22)
(-0.0337589439 0.1918977756 1.117904964e-23)
(0.001188572169 0.1677517633 0)
(0.03968704286 0.1458559237 4.021345535e-23)
(0.07881642767 0.12712869 -2.005454562e-22)
(0.1170967263 0.1109864946 -7.825965753e-23)
(0.1536166445 0.09622458288 3.086577681e-23)
(0.1874665312 0.08129554159 -1.325619229e-23)
(0.2173807847 0.06440608678 2.755226544e-23)
(0.2415297871 0.04356385404 -5.546239612e-23)
(0.2572454911 0.01660592529 -7.468045287e-23)
(0.2612323955 -0.01893500688 1.401605357e-22)
(0.2491086809 -0.06608203476 0)
(0.2162525942 -0.1301163393 1.61773205e-22)
(0.1569165516 -0.2192740277 2.272005605e-22)
(0.07869145827 -0.3390730247 0)
(-0.01602238504 -0.4490211876 -3.533643905e-21)
(-0.02060097111 -0.3723745346 -2.804285092e-21)
(-0.02531108446 0.2298367662 -9.37104785e-22)
(-0.03839946393 0.2259178818 -1.347894106e-22)
(0.03700613816 0.1809327471 -2.221739751e-22)
(0.1058652088 0.1422445683 -1.113116701e-22)
(0.1731656288 0.1121533033 -4.340193504e-23)
(0.2339397237 0.08989135327 9.662728784e-23)
(0.2881915483 0.07341775474 -1.319815067e-22)
(0.3365967096 0.06078069391 1.139902381e-22)
(0.3797402916 0.05040137148 -7.198244803e-23)
(0.417767929 0.04092710731 2.088665583e-25)
(0.4501803503 0.03109846452 1.279493564e-23)
(0.4757255376 0.01968549191 6.737456879e-23)
(0.4920880648 0.005450780113 -1.591519508e-22)
(0.4964371723 -0.01285839708 -1.4861541e-22)
(0.4841171467 -0.03733511218 -4.230168915e-23)
(0.4500808378 -0.07211594375 0)
(0.3839398682 -0.1262515551 -1.526768392e-22)
(0.2836696746 -0.220110677 7.734747207e-22)
(0.1148763563 -0.3518494524 1.567253689e-21)
(0.02552656936 -0.376733615 2.13848796e-21)
(0.2148552732 0.1352871319 9.707571044e-22)
(0.2796897584 0.09955443835 0)
(0.434429945 0.05861053604 -2.552982981e-22)
(0.5325480408 0.03850568157 -1.76253983e-22)
(0.6016639258 0.02585918778 0)
(0.6539854754 0.01768433872 -6.025655216e-23)
(0.6948953707 0.01243874878 6.005505206e-23)
(0.7276995799 0.008974883139 -1.546968382e-23)
(0.7544869304 0.006523409052 2.471403353e-23)
(0.7763341028 0.004568178594 1.915242235e-23)
(0.7934822605 0.002723802573 0)
(0.8054935946 0.000691534512 -2.420746072e-23)
(0.8112113554 -0.001806236469 0)
(0.8088621927 -0.004767405998 2.522881132e-23)
(0.7948244941 -0.008836294671 1.606257254e-23)
(0.7661962224 -0.01458232564 -5.335169803e-23)
(0.7103682083 -0.02499358337 -2.323065893e-22)
(0.6236405656 -0.04229585787 -6.590723079e-22)
(0.4228541561 -0.09215814524 0)
(0.270450674 -0.1525723989 -2.086148245e-21)
)


// ************************************************************************* //
