/*--------------------------------*- C++ -*----------------------------------*\
  =========                 |
  \\      /  F ield         | OpenFOAM: The Open Source CFD Toolbox
   \\    /   O peration     | Website:  https://openfoam.org
    \\  /    A nd           | Version:  13
     \\/     M anipulation  |
\*---------------------------------------------------------------------------*/
FoamFile
{
    format      ascii;
    class       scalarField;
    location    "12.12";
    object      p_all;
}
// * * * * * * * * * * * * * * * * * * * * * * * * * * * * * * * * * * * * * //


400
(
7.520764313e-07
-0.0005368668462
-0.0008704153195
-0.0009903338067
-0.0009052957234
-0.0006474707587
-0.000254144065
0.000238997439
0.0007957873047
0.001376207413
0.001935092369
0.002420244559
0.002776780875
0.002951962932
0.002904276778
0.002615260512
0.00210418721
0.001427458954
0.0007774568398
0.0001876070895
0.0005793483062
8.072436674e-06
-0.0003470925666
-0.0004817499623
-0.0004439988612
-0.0002603338752
3.99272083e-05
0.0004275579042
0.0008712743815
0.001334134758
0.001776818833
0.002148552064
0.002399377597
0.002482251259
0.002363256079
0.002033098375
0.001517469002
0.000880200938
0.0002911255532
-0.000366304673
0.000935197777
0.0003018777321
-9.021636732e-05
-0.0002286405926
-0.00021453823
-7.786956701e-05
0.0001572025211
0.0004691837732
0.0008342955953
0.001221447597
0.00159623303
0.001907838925
0.002105994448
0.002142256282
0.001981493117
0.001613421005
0.001061086495
0.000379930799
-0.0003100336294
-0.001139111124
0.0009538439671
0.0002478687055
-0.0001923427469
-0.0003361375077
-0.0003361706803
-0.0002291048456
-3.594096135e-05
0.0002301991405
0.0005552571405
0.0009181483816
0.001280112524
0.001596487488
0.00180764958
0.00185367065
0.001685920748
0.001280785648
0.0006493963297
-0.0001623972427
-0.001067136126
-0.002205301564
0.0004606169098
-0.0002924520631
-0.0007608053041
-0.0009031648241
-0.0009131690943
-0.0008320341539
-0.0006754476789
-0.0004448463024
-0.0001408351754
0.0002265988954
0.0006273112361
0.001013189496
0.001313874702
0.001449344818
0.001343867103
0.0009445126872
0.0002370026189
-0.0007471702533
-0.001944204115
-0.003457110243
-0.0006934889283
-0.001462636167
-0.001941060509
-0.002081566942
-0.002110754747
-0.002071042539
-0.001968752851
-0.00178828587
-0.001509902082
-0.001124320752
-0.0006473903786
-0.000123435763
0.0003658011257
0.0007118228011
0.0007941224185
0.0005057310313
-0.0002183014275
-0.001376193698
-0.002931951053
-0.004920174061
-0.002644101682
-0.00339612718
-0.003877502337
-0.004030549876
-0.004110700955
-0.004158355957
-0.004165672954
-0.004092998438
-0.003890168183
-0.00351523817
-0.002954768809
-0.00223442917
-0.001439401313
-0.0007102497979
-0.00023289863
-0.000205834695
-0.0007901595465
-0.002051902309
-0.004008251714
-0.006582175119
-0.005500232787
-0.0062083893
-0.006696364276
-0.006895484291
-0.007086847294
-0.007306781481
-0.007529238971
-0.007683069738
-0.007675101222
-0.0074117774
-0.006825284553
-0.005891933973
-0.00467926239
-0.00334955238
-0.002170448018
-0.001481248843
-0.001614318921
-0.002781739949
-0.005121058837
-0.008392101911
-0.009332952687
-0.009976156497
-0.01048289932
-0.01077722466
-0.0111648418
-0.01167896272
-0.0122740976
-0.01284205491
-0.01323401802
-0.01328147395
-0.01282296574
-0.01175780609
-0.01007290535
-0.007919977344
-0.005644512299
-0.003775151532
-0.002922053026
-0.003581481703
-0.006156250607
-0.01020015991
-0.01416045863
-0.01472047209
-0.01525773187
-0.01569593152
-0.01637007544
-0.0173163983
-0.01847372194
-0.01969595639
-0.02076970357
-0.02143117749
-0.02139428192
-0.02040480609
-0.01831669238
-0.01519187445
-0.01140427395
-0.007687544242
-0.005045938045
-0.004468002419
-0.00689053462
-0.01167253632
-0.01994214708
-0.02039793612
-0.0209594868
-0.02155828155
-0.02257523285
-0.02406298335
-0.02595452815
-0.02807125955
-0.03013381979
-0.03177052547
-0.03253954967
-0.03198152925
-0.02973918868
-0.02566861985
-0.02006139827
-0.01379396076
-0.008333060589
-0.005406504594
-0.006914691939
-0.01215550538
-0.0265927885
-0.02690891689
-0.02744317208
-0.02814045919
-0.02946634475
-0.031512207
-0.03422033265
-0.03738958636
-0.0406802272
-0.04361220468
-0.04557524939
-0.04586874813
-0.04387174248
-0.03910587245
-0.03161723024
-0.02225324331
-0.01288053936
-0.006150165789
-0.005502757021
-0.01046684334
-0.03403007396
-0.03412872586
-0.03449835447
-0.03509378798
-0.03654290811
-0.03900763137
-0.04245601968
-0.04667298024
-0.0512645575
-0.0556494705
-0.05905885195
-0.06057829795
-0.05919796802
-0.05411708058
-0.04495351227
-0.03226714737
-0.0180767069
-0.005920569417
-0.001387367595
-0.004609349649
-0.04227946104
-0.04196887351
-0.04189019081
-0.04197829697
-0.04316426021
-0.04571809072
-0.04964310286
-0.05470752947
-0.0604576739
-0.06621497578
-0.07105989048
-0.07385689595
-0.07331931782
-0.06821341672
-0.05766382503
-0.04170216787
-0.02212477837
-0.002981333668
0.007585987712
0.008548280619
-0.05167338957
-0.05044798124
-0.04937885552
-0.048278702
-0.04860433404
-0.05075540124
-0.05475378427
-0.06032561842
-0.06692582303
-0.07376533105
-0.07977140681
-0.08360349898
-0.08371796906
-0.07848943913
-0.0665562006
-0.04728254672
-0.02192014878
0.005685038746
0.02487546443
0.03365622347
-0.06333460995
-0.05989532866
-0.05682787244
-0.05350641933
-0.052195406
-0.05337276923
-0.05700234492
-0.06273078934
-0.06981536161
-0.0773437155
-0.08405736223
-0.08840278346
-0.08860650473
-0.0826105385
-0.06869253821
-0.04551107246
-0.01367731906
0.02448535034
0.05559904045
0.0773977292
-0.07990520906
-0.07082401656
-0.0639054942
-0.05697285315
-0.05323405439
-0.05298148839
-0.05596998308
-0.06156941361
-0.06887379539
-0.07672037261
-0.08363836975
-0.08783073426
-0.08722100944
-0.0795096505
-0.06241825787
-0.03405348122
0.005488571171
0.05860452278
0.1057930574
0.1480310731
-0.110286721
-0.0856660744
-0.07146290973
-0.05885616564
-0.05179780558
-0.04972450236
-0.05188243986
-0.05722562369
-0.06453020829
-0.07236340372
-0.07901587697
-0.08244597339
-0.08034519948
-0.06979389369
-0.04822457988
-0.01278248405
0.03813297889
0.1070355488
0.1778801555
0.2563735972
-0.1682737475
-0.09977160987
-0.07492551123
-0.05474660814
-0.044561615
-0.04148356462
-0.04355041224
-0.04914686161
-0.05673116172
-0.0646626255
-0.07106618539
-0.07372931778
-0.06994554235
-0.05692948325
-0.03103041004
0.01185876198
0.07548421918
0.1662765044
0.2760310334
0.437580918
-0.3982688332
-0.1379757936
-0.07490406531
-0.04705953873
-0.03351787881
-0.02995707693
-0.03266508001
-0.03906033657
-0.0473004675
-0.05565411936
-0.06222130242
-0.06478913824
-0.06081845486
-0.04687535485
-0.01874208675
0.02988371667
0.1068581471
0.2333106975
0.4197586781
0.7799063072
)


// ************************************************************************* //
