/*--------------------------------*- C++ -*----------------------------------*\
  =========                 |
  \\      /  F ield         | OpenFOAM: The Open Source CFD Toolbox
   \\    /   O peration     | Website:  https://openfoam.org
    \\  /    A nd           | Version:  13
     \\/     M anipulation  |
\*---------------------------------------------------------------------------*/
FoamFile
{
    format      ascii;
    class       vectorField;
    location    "15.89";
    object      U_all;
}
// * * * * * * * * * * * * * * * * * * * * * * * * * * * * * * * * * * * * * //


400
(
(1.081745585e-05 -3.724537965e-05 0)
(-0.0006652520177 0.0004125569267 -1.554638794e-23)
(-0.002181156323 0.0009185539439 0)
(-0.004039230466 0.001309874959 0)
(-0.005958698254 0.001531554673 6.802024248e-25)
(-0.007745514157 0.001566242693 4.142073522e-24)
(-0.009264089141 0.001420349771 -7.209346007e-24)
(-0.01041351779 0.001117298824 7.709604236e-24)
(-0.01111384257 0.0006947080917 -2.111634924e-25)
(-0.01130507857 0.0002028300439 -4.020838555e-24)
(-0.0109521314 -0.0002994426466 5.834745409e-24)
(-0.01005634018 -0.0007459757002 -5.956996486e-23)
(-0.008668418191 -0.001073685521 -6.585339501e-23)
(-0.006896274032 -0.001231308381 -7.821386646e-23)
(-0.004908777825 -0.001191486923 4.6003343e-24)
(-0.002928974805 -0.0009616589738 -4.169533747e-24)
(-0.001209334581 -0.0005919045278 -2.022661251e-22)
(-2.345269896e-05 -0.0001712729202 0)
(0.0005150131279 0.0001703930978 1.629371158e-25)
(0.0002219469886 0.000304863757 -4.13384817e-24)
(-0.0002626929731 0.0008280031891 1.371075982e-25)
(-0.002696729503 0.003376364079 1.564593352e-23)
(-0.006889780767 0.005590852626 1.561711239e-25)
(-0.01192167417 0.006990708319 -8.455343229e-25)
(-0.01709114951 0.007535017833 1.155081139e-24)
(-0.02191968894 0.007276611746 1.293300116e-23)
(-0.02604596784 0.006307535412 1.529641851e-24)
(-0.02919516918 0.004744616274 -7.45716311e-24)
(-0.03115449081 0.002733274172 1.025409327e-23)
(-0.0317720279 0.0004543799635 4.540110578e-24)
(-0.03096373176 -0.001876647198 -6.352921707e-24)
(-0.02873869119 -0.004011347757 2.940192132e-24)
(-0.02522863086 -0.005694366996 3.910586589e-23)
(-0.02070199588 -0.006693334892 -1.968733485e-24)
(-0.01557209226 -0.006842206194 3.784898938e-24)
(-0.01037814305 -0.006089497956 -9.862213541e-23)
(-0.005730682311 -0.004543183366 9.765107804e-23)
(-0.002237169334 -0.002509075135 -4.198549628e-25)
(-0.0001852831913 -0.0005069708923 4.304437958e-25)
(8.291619986e-05 0.0006062668461 0)
(-0.0004175084756 0.002928414119 -2.890891618e-25)
(-0.004634778734 0.008781494669 1.680735477e-23)
(-0.01134006755 0.01320547099 -8.376380623e-24)
(-0.01927360212 0.01575035191 -2.066340277e-25)
(-0.02739889231 0.01648730166 2.029963186e-25)
(-0.03502354972 0.01560578275 1.045360906e-26)
(-0.04160441117 0.01332953159 -1.356904773e-24)
(-0.04671725583 0.009900517749 -4.649819793e-25)
(-0.05002806666 0.005596106474 -1.073709838e-23)
(-0.05129301455 0.0007513940097 0)
(-0.05036696082 -0.004222884033 0)
(-0.04723969184 -0.008858851036 2.687918783e-23)
(-0.04207913299 -0.01264769932 2.831281057e-23)
(-0.03525345617 -0.01510073305 -1.661569646e-24)
(-0.02734833005 -0.01583000097 4.903514519e-23)
(-0.01914572956 -0.01464897854 9.536997218e-23)
(-0.01155007177 -0.01167945213 4.118662985e-23)
(-0.005462946432 -0.007447149602 4.625917009e-25)
(-0.001452110129 -0.002940257229 8.163891389e-26)
(-9.073561074e-05 0.0002205320556 0)
(-0.0005007405865 0.006029580768 -4.212441512e-23)
(-0.006383731971 0.01632623072 -1.670870155e-23)
(-0.01548982772 0.02349492143 8.302441387e-24)
(-0.02620412891 0.02736767133 0)
(-0.03718336091 0.02824715307 0)
(-0.04756059732 0.02652213263 0)
(-0.0566466562 0.02258035032 -5.037785559e-26)
(-0.0638904766 0.01680455733 -2.006251691e-24)
(-0.06884157253 0.009612522947 0)
(-0.07114112056 0.001503716791 1.68040402e-24)
(-0.07055082697 -0.006903633948 2.832564309e-25)
(-0.06698843148 -0.01488094605 -2.840495506e-25)
(-0.060578033 -0.0216073809 0)
(-0.05171076194 -0.02625252174 4.18995299e-23)
(-0.04107859952 -0.02810107771 -4.737695711e-23)
(-0.02967255066 -0.02672497947 -2.835080331e-23)
(-0.01871056792 -0.02218254332 -4.106275995e-23)
(-0.009476439684 -0.01520416216 7.774885929e-25)
(-0.00297430688 -0.007297823677 9.597615743e-23)
(-0.0002315564171 -0.0008713454914 0)
(-0.000529808377 0.01006714663 4.232928636e-23)
(-0.007960121028 0.02587982183 4.807705839e-25)
(-0.01934126293 0.03632827361 -4.697898786e-25)
(-0.03273192897 0.04174252036 0)
(-0.0465196587 0.04278407715 7.747948721e-25)
(-0.05969379706 0.04010340495 -7.640520989e-25)
(-0.0714494416 0.03427238991 3.644706008e-23)
(-0.08112679792 0.02581006856 1.81709582e-23)
(-0.08815655696 0.01525819818 6.123230106e-24)
(-0.09204532474 0.00326358067 -1.682361727e-24)
(-0.09240298893 -0.009360413409 0)
(-0.08899099733 -0.02160257364 4.454483154e-25)
(-0.08179806034 -0.03227805197 1.042322347e-23)
(-0.0711348572 -0.0401154154 -4.40987626e-23)
(-0.05771669722 -0.0439262494 1.975256003e-24)
(-0.04271302813 -0.04286727086 4.368874293e-23)
(-0.02770970384 -0.03677393233 -4.091034891e-25)
(-0.01452835082 -0.02649327291 0)
(-0.00485252517 -0.01407404317 5.41681061e-23)
(-0.0003633903841 -0.002849558431 -2.541528672e-22)
(-0.0005256248196 0.0149572921 9.846826033e-23)
(-0.009352067907 0.03728617352 -4.918089573e-25)
(-0.02282021322 0.05156119911 0)
(-0.03872843634 0.05878625719 0)
(-0.05524512297 0.06010435616 -8.707557475e-23)
(-0.07125213685 0.0564866981 -8.46536253e-23)
(-0.08586128959 0.04869965305 -4.036958863e-23)
(-0.09832499235 0.03737569286 -1.486497539e-23)
(-0.1079568451 0.02313780077 -5.26576039e-24)
(-0.1141040945 0.006730400131 -8.082176822e-24)
(-0.1161705417 -0.01087207581 6.495671687e-24)
(-0.1136744555 -0.02839446823 8.621838013e-24)
(-0.1063519091 -0.04425031069 -1.881445034e-23)
(-0.09430021948 -0.05661958664 3.725042722e-24)
(-0.078134394 -0.06364903871 0)
(-0.05913061538 -0.06381471302 -1.656125709e-23)
(-0.03927628064 -0.0564439275 3.978014235e-27)
(-0.02110839541 -0.04229768293 0)
(-0.007307193868 -0.02395597714 -1.499195169e-22)
(-0.0005204391011 -0.005923435453 6.006330421e-22)
(-0.0004979402966 0.0205889433 -9.779665249e-23)
(-0.01050383614 0.05031748235 2.827829325e-22)
(-0.02576760834 0.06894235323 1.524223761e-22)
(-0.04391808571 0.07829297081 3.610500007e-24)
(-0.06296340794 0.08010170803 -7.298918843e-23)
(-0.08172339856 0.0757120339 9.007275753e-23)
(-0.09926661341 0.06608649683 -3.574611196e-24)
(-0.1147890178 0.05193348169 -1.717528471e-24)
(-0.1275039126 0.03389192893 2.50598822e-24)
(-0.1365936873 0.01272348133 7.296277872e-24)
(-0.1412206584 -0.01051655268 -6.400579598e-24)
(-0.1405861108 -0.03434522079 -9.562287637e-24)
(-0.1340556758 -0.05677863252 -3.250229333e-23)
(-0.1213533792 -0.07536291789 -3.508416361e-23)
(-0.1028092562 -0.08736682696 5.331201917e-25)
(-0.07964374856 -0.09022806622 0)
(-0.05418624697 -0.08230968708 0)
(-0.0298273309 -0.06388340995 -2.868781714e-24)
(-0.01064676619 -0.03794010427 2.932403828e-24)
(-0.0007335542001 -0.01049160489 1.025032688e-22)
(-0.000447438222 0.02680177094 0)
(-0.01132661527 0.06463975433 1.997236843e-22)
(-0.02796010392 0.08807402942 8.940497621e-23)
(-0.04790411358 0.09988226849 0)
(-0.0690731317 0.1024751362 1.56547087e-22)
(-0.09027584636 0.09761302055 0)
(-0.1105859062 0.08645317291 -1.422796851e-22)
(-0.1291896087 0.06973653988 6.485976616e-24)
(-0.1452423441 0.04803961772 0)
(-0.1577929195 0.02203627686 0)
(-0.1657712963 -0.007256993482 -1.363678213e-24)
(-0.168032743 -0.03825839042 -9.208371951e-25)
(-0.1634869296 -0.06866702273 1.47768697e-22)
(-0.1513235243 -0.09538055336 -4.689185784e-23)
(-0.1313453995 -0.1146148886 -2.519690783e-24)
(-0.1044271382 -0.1223622937 1.496147764e-24)
(-0.07300072484 -0.1153718493 -1.519748242e-24)
(-0.04129696876 -0.09269837489 0)
(-0.01523194413 -0.05733324121 3.180910974e-24)
(-0.001042414738 -0.01712826474 -1.006786487e-21)
(-0.0003748079997 0.03338091824 0)
(-0.01173336688 0.07979566034 -1.126686294e-22)
(-0.02916379787 0.1083837645 -6.178664662e-22)
(-0.05024230246 0.1229468254 -3.746733204e-22)
(-0.07285569558 0.1266435745 0)
(-0.09585243385 0.1216935152 4.106855006e-22)
(-0.1183652011 0.1094535469 1.255983508e-22)
(-0.1396333125 0.09066252404 -5.557519516e-24)
(-0.1588277868 0.06576085303 5.530012888e-24)
(-0.1749446857 0.03522358517 0)
(-0.1867529672 -0.0001170038467 2.89862513e-23)
(-0.1928177796 -0.03875898523 4.666386146e-24)
(-0.1915901661 -0.07825095873 -1.068379013e-22)
(-0.1816105982 -0.1149617913 7.926088751e-23)
(-0.1619003434 -0.1440145161 -2.400937976e-22)
(-0.1325765911 -0.1596089844 0)
(-0.0956830337 -0.1560890552 0)
(-0.05595806198 -0.1301248238 0)
(-0.02145484681 -0.08370681908 0)
(-0.001498146527 -0.0266245129 5.540316054e-22)
(-0.0002886246723 0.04007137415 0)
(-0.01168529705 0.09522519052 -3.486137947e-22)
(-0.02921953796 0.1291286976 8.914704369e-22)
(-0.050563164 0.1466280065 3.608903953e-22)
(-0.07363198537 0.1516846232 0)
(-0.097361885 0.1470230629 -3.850789427e-22)
(-0.121000244 0.1342217883 -3.16401687e-23)
(-0.1439132095 0.1140081595 3.322178362e-22)
(-0.1653871359 0.08664016778 1.763372914e-22)
(-0.1844937136 0.05230281262 -4.045818421e-23)
(-0.2000004009 0.01149655657 1.653549302e-23)
(-0.2103309512 -0.03457374969 -8.227216122e-24)
(-0.2135917843 -0.08357303561 3.358239782e-22)
(-0.2076963404 -0.1316419791 0)
(-0.1907056896 -0.1730147581 2.402097872e-22)
(-0.1615280538 -0.1999894594 5.718661057e-24)
(-0.1210813028 -0.2037574334 -5.803943055e-24)
(-0.07379345326 -0.1770022668 1.530877049e-22)
(-0.02969260196 -0.1187290144 -5.383752716e-24)
(-0.002177013038 -0.04000999912 0)
(-0.0002138173402 0.04662503709 0)
(-0.01125179697 0.1103322769 0)
(-0.02815409446 0.1494463615 -5.012681431e-22)
(-0.04873452532 0.1698376423 -1.877130773e-23)
(-0.07098083635 0.1763238942 2.033250657e-23)
(-0.09396544948 0.1721907706 -2.009243702e-23)
(-0.1171077892 0.1592838388 -2.309966894e-23)
(-0.1399789571 0.1383466577 -3.019813023e-22)
(-0.1620935078 0.1094556622 6.688876988e-23)
(-0.1827579694 0.07246354158 4.497075194e-23)
(-0.2009472114 0.02742770227 -4.560907435e-23)
(-0.2151907588 -0.0249496269 0)
(-0.2235171272 -0.08279662599 -7.782472955e-23)
(-0.2234181537 -0.142498628 0)
(-0.2120154414 -0.1979251064 -3.725819019e-22)
(-0.1866855029 -0.2398040473 5.220972187e-22)
(-0.1463871823 -0.2558080927 0)
(-0.0939009311 -0.2328863747 -1.476943396e-22)
(-0.0401964369 -0.1637994297 1.919953988e-22)
(-0.003198410132 -0.05855295342 -3.394019813e-22)
(-0.0002043706539 0.05288849946 0)
(-0.01068512522 0.1246053679 9.167007125e-22)
(-0.02630702088 0.168457621 -2.43622878e-23)
(-0.04504056775 0.1913342984 9.176500857e-22)
(-0.06498014921 0.1989930629 -2.506951867e-23)
(-0.08540456694 0.1953524916 2.831960912e-23)
(-0.1059737802 0.1825911136 -2.806109804e-23)
(-0.1265420426 0.1615315832 -1.656530265e-23)
(-0.1469567837 0.1321228892 -5.2464697e-22)
(-0.166910061 0.09391308478 -8.882921751e-24)
(-0.1857993451 0.04648449634 9.634957878e-24)
(-0.202548043 -0.01010713414 3.305747041e-22)
(-0.2154796614 -0.07482505096 -5.80592699e-22)
(-0.2220717092 -0.1448242483 0)
(-0.2188341733 -0.2144421551 8.860992335e-22)
(-0.2016338731 -0.2737481977 -4.91834868e-22)
(-0.166852143 -0.3073213384 -1.565073992e-23)
(-0.1140003541 -0.2951409721 0)
(-0.05286754932 -0.2194014785 -1.872884494e-22)
(-0.004746627041 -0.08370304191 3.343382087e-22)
(-0.0003675642902 0.05894580438 1.548379495e-23)
(-0.01051845522 0.1377944769 -8.749061626e-22)
(-0.02446057775 0.1854151442 -1.155290394e-21)
(-0.04033609896 0.2098457446 -8.613192273e-22)
(-0.05639536848 0.2179531288 0)
(-0.07225351766 0.214377723 3.506487439e-23)
(-0.08791251688 0.2016978842 -7.27932622e-23)
(-0.1035909794 0.1808893419 5.855070699e-23)
(-0.119546207 0.1518597639 3.014082803e-22)
(-0.1359516362 0.1139408912 -1.125746938e-23)
(-0.1527734153 0.06629558372 0)
(-0.1696175355 0.008301501057 -3.595840756e-22)
(-0.1854336345 -0.0600038072 7.501571285e-22)
(-0.1981855022 -0.1370958211 8.817483515e-22)
(-0.2044684059 -0.2187289128 -5.283305382e-22)
(-0.1991768418 -0.2957573546 5.151993824e-22)
(-0.1761025251 -0.3511808097 1.072231919e-23)
(-0.1300996893 -0.3581928647 -1.089450591e-23)
(-0.06688228056 -0.2841477465 -8.363096502e-23)
(-0.007081398145 -0.116918905 0)
(-0.0009132521547 0.06533832747 -1.908648856e-23)
(-0.01170721836 0.150117678 -1.325222088e-21)
(-0.02395643493 0.1998345297 1.092573241e-21)
(-0.03611702594 0.2241619652 6.725864702e-22)
(-0.04670899508 0.2314073816 6.006068639e-22)
(-0.05593401618 0.2270252016 6.633677201e-22)
(-0.06429901646 0.2140198654 -4.450558488e-23)
(-0.07248096804 0.1935584676 -3.455608516e-22)
(-0.08118964148 0.1655784673 2.148629067e-22)
(-0.09110135615 0.1293064589 0)
(-0.1027883739 0.08361490606 0)
(-0.1165935834 0.02731848792 2.652016781e-22)
(-0.1323806658 -0.0404810557 8.205846026e-23)
(-0.1491285403 -0.1198632256 -2.81438509e-22)
(-0.1643033006 -0.2087737818 -5.404014538e-23)
(-0.1729241603 -0.300534733 1.304058323e-22)
(-0.1671222726 -0.3791565338 -3.3928719e-22)
(-0.1365743095 -0.413462734 -1.656683316e-23)
(-0.08019213021 -0.353670523 8.351667081e-23)
(-0.01050706007 -0.1593346128 -6.04135962e-22)
(-0.002264176501 0.07344604419 0)
(-0.01584056203 0.1625270685 2.14324457e-21)
(-0.02673296784 0.2116045747 0)
(-0.03435280303 0.2331798947 -1.35019459e-21)
(-0.03776597236 0.2375657077 6.195147568e-23)
(-0.03820462043 0.2310752346 -6.183470576e-22)
(-0.03691741748 0.21705871 -4.749616498e-22)
(-0.03514449715 0.1968230761 8.288597048e-22)
(-0.03405458246 0.1703224708 -1.882566225e-22)
(-0.03476893348 0.1367630811 0)
(-0.03838349235 0.09487895216 0)
(-0.04590928081 0.04315212746 2.416422103e-23)
(-0.05815392129 -0.0200153753 -6.000474352e-22)
(-0.0753724987 -0.09608309478 -4.304848854e-22)
(-0.09665171222 -0.1854361985 4.634961823e-22)
(-0.1185108894 -0.2852397426 -6.480339028e-22)
(-0.1333932422 -0.3837162865 9.082403502e-23)
(-0.1266068651 -0.4503065839 3.003016039e-23)
(-0.08901632403 -0.4197262782 5.663081065e-22)
(-0.01527058214 -0.2111013447 6.029975005e-22)
(-0.005184061672 0.08595891383 0)
(-0.02529343374 0.1765481083 1.466479559e-22)
(-0.03492167867 0.2204633181 -4.912572284e-23)
(-0.03654059973 0.2353240691 7.634837119e-22)
(-0.03037413963 0.2341769116 -6.997354458e-22)
(-0.01939600179 0.2240183599 4.740804439e-23)
(-0.005872027171 0.2082491607 -1.018293532e-22)
(0.008294942588 0.1880685296 -3.385089568e-22)
(0.0215147405 0.1633844908 2.060420504e-22)
(0.03234719502 0.1333617319 0)
(0.03931459565 0.09671257604 0)
(0.04091666872 0.05183372349 -2.899861115e-22)
(0.03554967308 -0.003154593879 0)
(0.02176791697 -0.0704846245 -5.50977339e-22)
(-0.001453767729 -0.1524840003 -1.476963745e-23)
(-0.03326368646 -0.2505154928 2.558320377e-23)
(-0.06921940847 -0.3598574976 2.199500342e-22)
(-0.09236145217 -0.4574678318 4.799130108e-24)
(-0.08721470723 -0.4697293061 -5.792340223e-22)
(-0.02103480894 -0.2698426443 0)
(-0.01111799228 0.1085955321 0)
(-0.04252003635 0.1946769076 -8.841205626e-22)
(-0.04803204777 0.2257403036 -5.408175095e-22)
(-0.03932333509 0.2281063704 4.541424541e-22)
(-0.01895533793 0.2181180614 -1.713520466e-24)
(0.007445768779 0.2027184069 -4.557472161e-23)
(0.03643252385 0.1846846594 5.690602216e-22)
(0.06556563306 0.1646666214 -2.763864046e-23)
(0.09300162809 0.1423048768 -2.067327219e-22)
(0.1171261746 0.1166537687 3.13916254e-23)
(0.136298127 0.08646499613 -3.423061798e-23)
(0.1487392576 0.0502479186 -3.688304782e-23)
(0.1523247902 0.006237551065 3.204043446e-22)
(0.1447602256 -0.04788604362 6.11703276e-22)
(0.1233637315 -0.1152409438 -5.099650696e-22)
(0.08620988049 -0.2003690603 -1.616632424e-22)
(0.03188108682 -0.3067416451 1.529937117e-22)
(-0.02369974126 -0.4239444744 7.293289319e-23)
(-0.06495598077 -0.4871166744 1.913088154e-21)
(-0.02510410551 -0.3291195837 2.954761902e-21)
(-0.02004567126 0.146083128 -4.388428917e-23)
(-0.06417834519 0.2112890443 4.415590748e-23)
(-0.05074811181 0.2176953452 9.997905411e-22)
(-0.01942672753 0.2014097073 -8.172141553e-24)
(0.02401629972 0.1808382662 0)
(0.07137361687 0.1606262564 4.360568987e-23)
(0.1188730228 0.1415960569 -2.271844911e-22)
(0.1642607037 0.1232846054 -9.019377646e-23)
(0.2060020518 0.1048019575 3.677038839e-23)
(0.2427459667 0.08508457613 -1.699991459e-23)
(0.2730167202 0.06299361582 3.427111732e-23)
(0.2950717088 0.03730775281 -6.588467035e-23)
(0.3065387657 0.006585310728 -9.298143656e-23)
(0.3048403429 -0.03082933635 1.516718783e-22)
(0.286285041 -0.07782279561 0)
(0.2469703293 -0.1399023428 1.506343285e-22)
(0.1810221973 -0.2266174527 2.55956514e-22)
(0.09599217885 -0.3443740084 0)
(-0.006724352463 -0.4552045425 -3.675246147e-21)
(-0.01922846144 -0.3777385029 -2.892395603e-21)
(-0.02591630592 0.2276938058 -9.513220165e-22)
(-0.03997815773 0.2238291839 -1.388659496e-22)
(0.03655567187 0.1810518847 -2.334625021e-22)
(0.1090215987 0.1450851191 -1.19309537e-22)
(0.181660123 0.1172145814 -4.294986006e-23)
(0.2489178953 0.09624734358 9.778142389e-23)
(0.30991449 0.07999803425 -1.40753619e-22)
(0.3644815379 0.06655001349 1.295984675e-22)
(0.4124753415 0.05448510962 -8.611549951e-23)
(0.453475083 0.04271383259 1.131805756e-25)
(0.486647191 0.03033759164 1.52662812e-23)
(0.5106208985 0.01655017997 7.992106201e-23)
(0.5235572702 0.0005590029254 -1.810341616e-22)
(0.5231017627 -0.01861186003 -1.616816849e-22)
(0.5051750115 -0.04284713732 -4.263076348e-23)
(0.4658311805 -0.07632123613 0)
(0.3952404399 -0.1286054884 -1.845399564e-22)
(0.2915850955 -0.2208458161 8.147600054e-22)
(0.1197321817 -0.3525007812 1.631423788e-21)
(0.02670210084 -0.3775478091 2.172563678e-21)
(0.2142927873 0.1347480064 9.863903531e-22)
(0.2776415284 0.09870925036 0)
(0.4316708391 0.05810612399 -2.59384549e-22)
(0.5304797519 0.03846197981 -1.741433311e-22)
(0.601687768 0.02623153283 0)
(0.6570942529 0.01831586721 -6.006330838e-23)
(0.7014798337 0.01313313002 6.373081236e-23)
(0.7375508236 0.009540550431 -1.798279503e-23)
(0.7668772117 0.006804676632 2.882996366e-23)
(0.7901511823 0.004466739872 2.312736832e-23)
(0.8074019218 0.00222473024 0)
(0.8182186617 -0.0001457919149 -2.871074357e-23)
(0.8216190391 -0.002719338003 0)
(0.8162214978 -0.005709275221 2.737406338e-23)
(0.7991257061 -0.009609388156 1.422561421e-23)
(0.7679978929 -0.01500201635 -5.797974973e-23)
(0.7106574671 -0.02502608697 -2.53501222e-22)
(0.6235196063 -0.04204389298 -6.917191039e-22)
(0.4230089747 -0.09183075877 0)
(0.2705671471 -0.1524026724 -2.119393781e-21)
)


// ************************************************************************* //
