/*--------------------------------*- C++ -*----------------------------------*\
  =========                 |
  \\      /  F ield         | OpenFOAM: The Open Source CFD Toolbox
   \\    /   O peration     | Website:  https://openfoam.org
    \\  /    A nd           | Version:  13
     \\/     M anipulation  |
\*---------------------------------------------------------------------------*/
FoamFile
{
    format      ascii;
    class       scalarField;
    location    "17.3";
    object      p_all;
}
// * * * * * * * * * * * * * * * * * * * * * * * * * * * * * * * * * * * * * //


400
(
-5.217150414e-07
-0.0005475488312
-0.0008889388662
-0.001015711767
-0.0009362823143
-0.0006830083486
-0.0002934018271
0.0001965879143
0.000750466042
0.001327796752
0.001882999532
0.002363303603
0.002713365219
0.00288011352
0.002822009088
0.002521012604
0.001997474178
0.001308461187
0.0006505257479
5.530287753e-05
0.0005859172837
5.524490748e-06
-0.0003573660115
-0.000498944632
-0.0004676352298
-0.0002899687193
4.703190272e-06
0.0003870888787
0.0008257770793
0.001283545472
0.001720614858
0.002085887985
0.002329024308
0.00240267831
0.002272969192
0.001931077409
0.00140364701
0.0007556040499
0.0001589078059
-0.0005031947475
0.0009489355388
0.0003057286792
-9.456027469e-05
-0.0002401112786
-0.0002332221166
-0.0001039273475
0.0001237215874
0.0004284048922
0.0007863900141
0.001165810495
0.001534489796
0.001838753407
0.002028590509
0.002055298619
0.001883749414
0.001504088864
0.0009402022548
0.0002485209737
-0.0004490120135
-0.00128511246
0.0009719580012
0.0002551333179
-0.0001940582764
-0.0003454896133
-0.0003538094652
-0.0002557932123
-7.212573041e-05
0.0001845449675
0.0005006334812
0.0008557919659
0.001209190443
0.001517611905
0.001720396628
0.001757079908
0.001578835216
0.001162266183
0.0005191227689
-0.0003039650282
-0.001218132049
-0.002367527728
0.0004764697072
-0.0002876624718
-0.0007654422291
-0.00091616168
-0.0009360229478
-0.0008662558076
-0.0007219130464
-0.0005035454914
-0.0002109505689
0.0001465386007
0.0005385192939
0.0009167185535
0.001210005826
0.001337594771
0.001223162725
0.0008135527227
9.469088793e-05
-0.000901432239
-0.002109992985
-0.003636765822
-0.0006890540016
-0.001468570124
-0.001956463476
-0.002106382089
-0.00214770374
-0.002122600228
-0.00203629758
-0.001871754723
-0.001607882315
-0.001234391089
-0.0007668614483
-0.0002498159701
0.00023422782
0.0005755967408
0.0006525466021
0.0003570754834
-0.0003763450614
-0.001545943781
-0.003115077546
-0.005120211973
-0.002661827025
-0.003422481158
-0.003913197681
-0.004077236218
-0.00417273901
-0.004239467498
-0.004267902376
-0.00421626694
-0.004032347337
-0.003672561318
-0.003122484887
-0.002407863782
-0.001614503925
-0.0008846088711
-0.0004061947544
-0.0003799979541
-0.0009689967584
-0.002240185347
-0.004210611515
-0.006803801326
-0.005550947895
-0.006265143007
-0.006762306822
-0.006974634875
-0.007185614544
-0.007430440911
-0.007680709744
-0.007862345284
-0.007879261459
-0.007635355788
-0.007060695362
-0.006132327606
-0.004917003449
-0.003579207596
-0.002389637863
-0.001691391605
-0.001820594185
-0.002991946366
-0.005343840043
-0.00863513334
-0.00942593518
-0.01007195434
-0.01058772611
-0.01089799793
-0.01131033754
-0.01185627204
-0.01248721189
-0.01309115066
-0.01351536762
-0.01358791263
-0.01314519006
-0.01208349558
-0.01039138273
-0.008222024033
-0.005924580195
-0.004032964906
-0.003163319125
-0.003816968558
-0.006399436976
-0.01046229567
-0.01430173354
-0.01486087383
-0.01540680471
-0.01586372178
-0.01656783213
-0.01755312456
-0.01875453482
-0.02002120804
-0.02113483671
-0.0218271734
-0.02180877525
-0.02082326849
-0.01872434827
-0.0155755551
-0.01175469715
-0.008001515542
-0.00532805326
-0.004730746649
-0.00715196498
-0.01194829724
-0.02013310841
-0.02058398397
-0.02115322796
-0.02177265975
-0.02282376949
-0.02435646248
-0.02629904723
-0.02846715224
-0.03057553117
-0.03224725763
-0.03303661958
-0.03248178179
-0.03022537567
-0.02612528459
-0.02047664121
-0.01416158792
-0.008654885991
-0.00569420952
-0.007188599264
-0.01243507532
-0.02682949852
-0.02713642824
-0.02767618991
-0.0283940503
-0.02975580958
-0.03184981286
-0.03461286134
-0.03783695154
-0.04117544825
-0.0441423951
-0.04612338723
-0.04641447559
-0.04440087323
-0.03960195128
-0.03206849454
-0.02265263476
-0.01322698719
-0.00645189259
-0.005777897076
-0.01073534455
-0.03430337249
-0.03438848736
-0.0347596531
-0.03537258259
-0.03685570866
-0.0393680184
-0.04287133726
-0.04714241978
-0.05177934792
-0.05619413317
-0.05961430183
-0.06112645901
-0.05971857481
-0.05459957556
-0.04539047939
-0.03265515634
-0.01841469351
-0.006213113923
-0.001645425616
-0.004847542318
-0.04257573952
-0.04224752847
-0.0421643384
-0.04226334164
-0.04347762379
-0.04607499114
-0.05005185106
-0.05516658371
-0.0609564809
-0.06673512494
-0.07157931381
-0.07435498359
-0.07377930226
-0.06862735164
-0.05803026367
-0.04202544831
-0.02240850199
-0.00322998241
0.007370260251
0.008361109019
-0.05197560829
-0.05072893776
-0.04964734784
-0.04854834613
-0.04889380699
-0.05108263495
-0.05512932131
-0.06074725372
-0.06738230087
-0.07423520613
-0.08022969841
-0.08402758576
-0.08408858171
-0.0788026497
-0.06681460794
-0.04750022259
-0.02210789249
0.005518765055
0.02472983786
0.03353841568
-0.06362302525
-0.06015938062
-0.0570702523
-0.05373860005
-0.05243843999
-0.05364904607
-0.05732728643
-0.06309679426
-0.07021639526
-0.07775388782
-0.08444812204
-0.08874712321
-0.0888682502
-0.08281760621
-0.0688366051
-0.04561201851
-0.01374653931
0.02442124884
0.05554304133
0.0773573033
-0.08015807917
-0.07104999215
-0.06410016179
-0.05714703788
-0.0534126597
-0.05319279411
-0.05623044303
-0.06187947843
-0.06922016754
-0.07707712295
-0.08397509823
-0.08812069916
-0.08745712366
-0.07964386805
-0.06247605723
-0.03405402362
0.005553643304
0.05859167916
0.1058166383
0.1480605891
-0.1104861501
-0.08583698996
-0.07159392295
-0.05896213624
-0.05190433346
-0.04986942707
-0.05208245717
-0.05748177431
-0.0648276033
-0.07267491772
-0.07930878499
-0.08268839022
-0.08050424862
-0.06988022046
-0.04823480428
-0.01273232569
0.03822171863
0.1071182968
0.1779647373
0.2564620868
-0.1684226234
-0.0998968337
-0.07500286153
-0.05479595872
-0.04461640834
-0.04157805321
-0.04370347352
-0.04936008316
-0.0569901952
-0.06494148219
-0.07133390646
-0.07395727214
-0.07011368318
-0.05700796382
-0.03103204151
0.01191843228
0.07558371639
0.1663870818
0.2761445292
0.4376876232
-0.3984143299
-0.1380894381
-0.07496684811
-0.04708898901
-0.03354974073
-0.03002597433
-0.03279114235
-0.03924661193
-0.04753460207
-0.05591232849
-0.06247415693
-0.06500759474
-0.06097993775
-0.0469628333
-0.01875842684
0.02992662951
0.1069418501
0.2334113328
0.4198637535
0.7800074231
)


// ************************************************************************* //
