/*--------------------------------*- C++ -*----------------------------------*\
  =========                 |
  \\      /  F ield         | OpenFOAM: The Open Source CFD Toolbox
   \\    /   O peration     | Website:  https://openfoam.org
    \\  /    A nd           | Version:  13
     \\/     M anipulation  |
\*---------------------------------------------------------------------------*/
FoamFile
{
    format      ascii;
    class       scalarField;
    location    "2.63";
    object      p_all;
}
// * * * * * * * * * * * * * * * * * * * * * * * * * * * * * * * * * * * * * //


400
(
1.189315429e-08
-0.0002945469291
-0.0004066885148
-0.0003228477211
-6.59780446e-05
0.0003354925522
0.000851787851
0.00145620144
0.002124363398
0.00283248043
0.003554836507
0.004262879701
0.004922455409
0.005495222486
0.005940472619
0.006219823913
0.006304402714
0.00618821225
0.005923984437
0.005519647902
0.0003186350307
5.221559526e-06
-0.0001274899373
-6.092135843e-05
0.0001651809235
0.0005274413221
0.00100088077
0.001561522665
0.002186058829
0.002850262595
0.003527390584
0.004186989776
0.004794710883
0.00531313876
0.005704297342
0.005934569647
0.005982529095
0.005849443098
0.005565734521
0.005135567138
0.0004342710222
9.838567698e-05
-5.289679666e-05
1.074066828e-05
0.0002257549893
0.0005701568449
0.001022584906
0.00156233746
0.002168137083
0.00281647245
0.003480060565
0.004127187739
0.004721164867
0.005222338468
0.005591322197
0.005794720762
0.005812644318
0.005646475645
0.005306611985
0.00480221615
0.0002859349772
-7.628844639e-05
-0.0002455487476
-0.0001778086851
4.249221968e-05
0.0003917179901
0.0008498381361
0.001398924853
0.002020303386
0.002691896972
0.00338598095
0.004068665038
0.004698388786
0.005229135487
0.005614064828
0.005812623433
0.005799539245
0.005573288405
0.005131324938
0.004501171657
-0.0001873189252
-0.0005659477857
-0.0007405644458
-0.0006569491224
-0.0004159633035
-4.296197082e-05
0.0004433663455
0.001028400581
0.001696949126
0.002429224738
0.003197183413
0.003964176691
0.004681001922
0.005291013836
0.005733810757
0.005954848369
0.005917660933
0.005616147729
0.005039236488
0.004243736181
-0.001040539433
-0.001427395404
-0.001600277356
-0.001490954807
-0.001216818403
-0.0008047066556
-0.0002713094175
0.0003732227306
0.001118799315
0.001949593932
0.002837568691
0.003744946554
0.004611484452
0.005365739012
0.005926038541
0.006214083608
0.006172817919
0.00578606091
0.005031258617
0.004004765166
-0.002327487999
-0.002723130052
-0.002893220468
-0.002753701548
-0.002440938278
-0.001983155844
-0.001394007257
-0.0006772542352
0.0001647636325
0.00112279354
0.002168795859
0.003282197871
0.004376134678
0.005363761436
0.006133389509
0.006567957473
0.006572086315
0.006104507644
0.005115661357
0.003757399772
-0.004110475695
-0.004523031104
-0.004695868039
-0.004530052124
-0.004184977171
-0.003690563073
-0.003056160609
-0.002276353794
-0.001341526892
-0.000246423889
0.001005020619
0.00235761858
0.003762569588
0.00510244871
0.006224354964
0.006949559031
0.007111178437
0.006608283414
0.005325753714
0.003496789089
-0.006462850465
-0.006905443105
-0.007092845722
-0.006914434796
-0.006559149949
-0.006060053588
-0.005421543492
-0.004626226452
-0.00364699829
-0.002457064125
-0.001039136982
0.0005913192763
0.002386601195
0.004226136664
0.005915166629
0.007184438724
0.007738681285
0.007346018599
0.005741280314
0.003273394814
-0.009469817169
-0.009957039488
-0.01017453253
-0.01000479823
-0.009677447244
-0.00923238847
-0.008670199017
-0.007960126711
-0.007052778552
-0.005888899081
-0.004408318418
-0.002570359051
-0.000366976857
0.002114396772
0.004659187936
0.006884765656
0.008282437671
0.008355632585
0.006515158322
0.003250487409
-0.01323136184
-0.01377289461
-0.01403262429
-0.01389100086
-0.01363786771
-0.01332743798
-0.01296114872
-0.01249748064
-0.01186429343
-0.01096241051
-0.009666563977
-0.007834855911
-0.005349004925
-0.002166430699
0.001552228521
0.005327601965
0.008342331442
0.009617092909
0.007907569915
0.003806944912
-0.01787315504
-0.01845995861
-0.01875473201
-0.0186364478
-0.01848918468
-0.0183934666
-0.01836055537
-0.01834637317
-0.01826305347
-0.01797226756
-0.01726918015
-0.01587130179
-0.01344460027
-0.009697517228
-0.004575299889
0.001458501862
0.007237517959
0.01101923603
0.01034362083
0.005723761187
-0.02357699724
-0.02414877233
-0.02441907442
-0.02425220137
-0.02418405376
-0.02433630187
-0.02474085176
-0.02536294673
-0.02611313238
-0.0268255399
-0.02721453075
-0.02682577428
-0.02502100193
-0.02112436487
-0.01461819884
-0.005701517326
0.004236591565
0.01247794526
0.01455040289
0.01050584761
-0.03065662351
-0.0310247367
-0.03109542701
-0.03066926894
-0.0305284458
-0.03084672178
-0.03168179738
-0.03301582104
-0.03477079851
-0.03676883428
-0.03865454003
-0.03979401019
-0.03918951633
-0.03572200259
-0.02814435603
-0.0160465529
-0.0006630710124
0.01442523865
0.02190340621
0.02085412782
-0.03972351129
-0.03937112669
-0.03882584043
-0.03768508327
-0.03711984567
-0.03734349017
-0.03842406467
-0.04035026033
-0.04305255527
-0.04634330278
-0.04980320741
-0.05263938637
-0.05358771738
-0.05079607659
-0.04244798243
-0.02717466533
-0.005515764972
0.01878764812
0.03517656639
0.04126506129
-0.05212959272
-0.04973194507
-0.0476780287
-0.04497337892
-0.04336033526
-0.04301801958
-0.04396811885
-0.04616103863
-0.04949902225
-0.05375297648
-0.05841716097
-0.0625265732
-0.06451501197
-0.06212584804
-0.05278157841
-0.03415898992
-0.005694967872
0.03002848314
0.05948559462
0.07882194313
-0.07059965194
-0.06268190819
-0.05733598911
-0.05172534006
-0.04823377504
-0.04676608941
-0.04716523379
-0.0492499111
-0.05281763515
-0.05752524545
-0.06272086474
-0.06723017936
-0.06920080224
-0.06599136237
-0.0544534864
-0.03140654205
0.004918879709
0.05473243227
0.1020289237
0.1428477649
-0.1036519742
-0.08023003361
-0.06812302539
-0.05736467925
-0.05084597259
-0.04764476122
-0.04714687172
-0.04886657335
-0.05235914376
-0.05706443227
-0.06210261787
-0.06604177986
-0.06674570568
-0.06115091446
-0.04565030969
-0.01614771199
0.03041805801
0.09702081683
0.1680229444
0.2456870795
-0.1638476778
-0.09618479649
-0.07397086963
-0.05580936427
-0.04633094831
-0.04218038363
-0.04161234741
-0.0436089424
-0.04741791546
-0.05225206136
-0.05703282529
-0.06012723854
-0.05915673848
-0.05058587867
-0.03049710616
0.006520845262
0.06553641794
0.1537193863
0.2628563423
0.4248569316
-0.3936610676
-0.1346643119
-0.07426814209
-0.04877126362
-0.03615220535
-0.03172890216
-0.03202484366
-0.03503338148
-0.03966034501
-0.04497425784
-0.04980380219
-0.05245608088
-0.05055486573
-0.0407472428
-0.0178473376
0.02539681192
0.09794366662
0.2217258947
0.4073542394
0.7677568226
)


// ************************************************************************* //
