/*--------------------------------*- C++ -*----------------------------------*\
  =========                 |
  \\      /  F ield         | OpenFOAM: The Open Source CFD Toolbox
   \\    /   O peration     | Website:  https://openfoam.org
    \\  /    A nd           | Version:  13
     \\/     M anipulation  |
\*---------------------------------------------------------------------------*/
FoamFile
{
    format      ascii;
    class       vectorField;
    location    "15.1";
    object      U_all;
}
// * * * * * * * * * * * * * * * * * * * * * * * * * * * * * * * * * * * * * //


400
(
(1.067651565e-05 -3.705701299e-05 0)
(-0.0006650111659 0.0004123435268 -1.547587899e-23)
(-0.002179553417 0.0009178132789 0)
(-0.004035875015 0.001308717204 0)
(-0.005953523791 0.001530160263 6.769280599e-25)
(-0.00773870793 0.001564812708 4.141820079e-24)
(-0.009256012961 0.001419075078 -7.095240227e-24)
(-0.01040465532 0.001116336271 7.832297909e-24)
(-0.01110475722 0.0006941609017 -2.122202336e-25)
(-0.01129636204 0.0002027297802 -4.037464708e-24)
(-0.01094436165 -0.0002991313108 5.85376615e-24)
(-0.01005001889 -0.0007453662908 -5.973196416e-23)
(-0.008663893123 -0.001072942152 -6.603612316e-23)
(-0.006893687788 -0.001230621201 -7.841609876e-23)
(-0.004908025678 -0.001191032473 4.614368714e-24)
(-0.00292969236 -0.0009615588847 -4.185614851e-24)
(-0.00121095969 -0.0005921840718 -2.034496473e-22)
(-2.521054998e-05 -0.0001718293356 0)
(0.0005137564201 0.0001697173125 1.687062562e-25)
(0.0002216252486 0.0003044193334 -4.892700389e-24)
(-0.0002624824856 0.0008275470041 1.373096465e-25)
(-0.002694187543 0.003373368974 1.557393174e-23)
(-0.006882904603 0.005585428068 1.55063414e-25)
(-0.0119095771 0.006983762185 -8.408478301e-25)
(-0.0170737929 0.007527573264 1.147641383e-24)
(-0.02189765861 0.007269629838 1.28278077e-23)
(-0.02602030923 0.006301832008 1.638281426e-24)
(-0.02916724445 0.004740808059 -7.576977132e-24)
(-0.03112585467 0.002731727466 1.032022851e-23)
(-0.03174427846 0.000455159782 4.559287019e-24)
(-0.03093839739 -0.001873676393 -6.373676539e-24)
(-0.02871708727 -0.004006714064 2.931212793e-24)
(-0.02521168139 -0.00568881588 3.919360892e-23)
(-0.02069013151 -0.006687748711 -1.975996456e-24)
(-0.01556516247 -0.006837471661 3.800478333e-24)
(-0.01037540148 -0.006086342238 -9.92223844e-23)
(-0.005730877456 -0.004542002377 9.827997194e-23)
(-0.002238703957 -0.002509747001 -4.312753498e-25)
(-0.000186689456 -0.0005088107547 4.421526908e-25)
(8.2708103e-05 0.0006048065276 0)
(-0.0004170226623 0.002925723477 -2.890448145e-25)
(-0.004629630653 0.008772544294 1.682408919e-23)
(-0.0113274665 0.01319160273 -8.314485973e-24)
(-0.01925235157 0.01573381148 -2.046896382e-25)
(-0.0273690919 0.01647035258 2.010865564e-25)
(-0.03498619522 0.01559043576 1.354315226e-26)
(-0.0415611694 0.01331742548 -1.4618328e-24)
(-0.04667025443 0.009892848116 -4.722076893e-25)
(-0.04997970858 0.00559356661 -1.080643203e-23)
(-0.0512456456 0.0007541340738 0)
(-0.05032289483 -0.004215397108 0)
(-0.04720101767 -0.008847605566 2.697440156e-23)
(-0.04204729966 -0.01263416891 2.841164372e-23)
(-0.03522926545 -0.01508670293 -1.669399254e-24)
(-0.0273318075 -0.01581733193 4.9321222e-23)
(-0.01913608692 -0.01463930655 9.595264179e-23)
(-0.01154579179 -0.01167384422 4.187100325e-23)
(-0.005461987874 -0.007445742593 4.857012618e-25)
(-0.001452524135 -0.002941953142 6.940962463e-26)
(-9.074068918e-05 0.0002183959529 0)
(-0.0005000799871 0.006023295619 -4.208246046e-23)
(-0.006376220521 0.01630856002 -1.672512425e-23)
(-0.01547192539 0.02346936622 8.240435384e-24)
(-0.02617439734 0.02733832208 0)
(-0.03714206267 0.02821781948 0)
(-0.0475090907 0.02649606244 0)
(-0.05658710654 0.02256011369 -5.434462823e-26)
(-0.06382558266 0.01679198075 -1.925358219e-24)
(-0.06877431922 0.009608632134 0)
(-0.07107466531 0.001508698905 1.705211781e-24)
(-0.07048810446 -0.006890605282 2.848671666e-25)
(-0.06693196217 -0.01486139365 -2.856648042e-25)
(-0.06052988806 -0.02158357774 0)
(-0.05167227625 -0.02622726447 4.217896465e-23)
(-0.04105023337 -0.02807737063 -4.765524701e-23)
(-0.02965380364 -0.02670560585 -2.869960793e-23)
(-0.01870000057 -0.02216953252 -4.175881628e-23)
(-0.009471842936 -0.01519819855 7.766252336e-25)
(-0.002973291706 -0.007297703312 9.508716975e-23)
(-0.0002314283955 -0.0008734206414 0)
(-0.0005291066212 0.01005607091 4.22872399e-23)
(-0.007950819893 0.02585110082 4.799496761e-25)
(-0.01931919645 0.03628836438 -4.689883779e-25)
(-0.03269544325 0.04169777502 0)
(-0.04646912029 0.04274005974 7.7172817e-25)
(-0.0596308101 0.04006469132 -7.610281864e-25)
(-0.07137649746 0.03424251004 3.62847957e-23)
(-0.08104696301 0.02579147846 1.799167457e-23)
(-0.08807321187 0.01525224025 6.06259895e-24)
(-0.09196198017 0.003270445301 -1.707198464e-24)
(-0.09232302658 -0.009341609288 0)
(-0.08891748958 -0.02157388837 4.496271809e-25)
(-0.08173363388 -0.03224250593 1.058354645e-23)
(-0.07108147559 -0.04007679472 -4.439709636e-23)
(-0.05767547006 -0.04388876381 1.995525395e-24)
(-0.04268403088 -0.04283503567 4.440370428e-23)
(-0.02769186523 -0.03675025521 -4.208055735e-25)
(-0.01451948732 -0.02647979307 0)
(-0.004849768376 -0.01406989367 5.409198977e-23)
(-0.0003630890211 -0.002850614507 -2.530929653e-22)
(-0.0005250002165 0.01494061616 9.837543283e-23)
(-0.009341801786 0.03724486724 -4.913442091e-25)
(-0.02279572805 0.05150519503 0)
(-0.03868788329 0.05872444341 0)
(-0.05518886344 0.06004415791 -8.692392111e-23)
(-0.07118185191 0.05643403195 -8.446709591e-23)
(-0.08577957854 0.04865898159 -4.019023095e-23)
(-0.09823503418 0.03735007544 -1.476731368e-23)
(-0.1078621407 0.02312891233 -5.211795846e-24)
(-0.1140082816 0.006738537227 -8.038397885e-24)
(-0.1160772114 -0.01084794568 6.446470141e-24)
(-0.1135870049 -0.02835671852 8.527190763e-24)
(-0.1062734185 -0.04420250902 -1.877110057e-23)
(-0.09423327876 -0.05656634498 3.319749464e-24)
(-0.07808087507 -0.06359570359 0)
(-0.0590913945 -0.06376683285 -1.694993521e-23)
(-0.03925094429 -0.0564064102 1.70006203e-26)
(-0.02109504473 -0.04227364783 0)
(-0.007302610015 -0.0239455253 -1.48944694e-22)
(-0.0005199704326 -0.005922615286 5.983998113e-22)
(-0.0004974923382 0.02056637552 -9.770445934e-23)
(-0.01049362483 0.05026310354 2.825036669e-22)
(-0.02574294563 0.06886973179 1.522618334e-22)
(-0.04387695692 0.07821360912 3.605298083e-24)
(-0.06290605699 0.08002488791 -7.29059512e-23)
(-0.08165141129 0.07564495404 8.987267589e-23)
(-0.09918248635 0.06603447159 -3.566716072e-24)
(-0.1146958021 0.05190010114 -1.712040832e-24)
(-0.12740496 0.03387916347 2.497478999e-24)
(-0.1364924785 0.01273175596 7.255490043e-24)
(-0.141120692 -0.01048828438 -6.353848366e-24)
(-0.1404907931 -0.03429948402 -9.458008923e-24)
(-0.1339682501 -0.056719284 -3.245898287e-23)
(-0.1212768447 -0.07529510354 -3.43903269e-23)
(-0.1027461577 -0.08729678445 5.188848081e-25)
(-0.07959585436 -0.09016269679 0)
(-0.05415408021 -0.08225571137 0)
(-0.02980966088 -0.06384598111 -2.85209774e-24)
(-0.01064035133 -0.03792106279 2.915349995e-24)
(-0.0007329408948 -0.01048792148 1.023901387e-22)
(-0.0004472512089 0.02677364991 0)
(-0.01131760156 0.06457304918 1.995311765e-22)
(-0.02793781862 0.08798570276 8.932008145e-23)
(-0.04786644063 0.09978629627 0)
(-0.06902011398 0.1023825488 1.563172602e-22)
(-0.0902088385 0.09753218957 0)
(-0.1105071393 0.08639014836 -1.420287263e-22)
(-0.1291018187 0.06969533063 6.472526431e-24)
(-0.1451485062 0.04802239942 0)
(-0.1576960771 0.02204355002 0)
(-0.1656745192 -0.007226278349 -1.358984399e-24)
(-0.167939009 -0.03820667198 -9.161007103e-25)
(-0.1633991398 -0.06859821718 1.47144687e-22)
(-0.1512446123 -0.09529995418 -4.683198845e-23)
(-0.1312782112 -0.1145291661 -2.501541664e-24)
(-0.1043741882 -0.1222793213 1.479050475e-24)
(-0.07296365185 -0.1153000846 -1.502381446e-24)
(-0.04127569981 -0.0926454314 0)
(-0.01522381713 -0.05730357667 3.170841627e-24)
(-0.001041659659 -0.01712075181 -1.00410117e-21)
(-0.0003749453166 0.03334825046 0)
(-0.01172669482 0.07971868709 -1.125482887e-22)
(-0.02914649789 0.1082821764 -6.172555868e-22)
(-0.05021226371 0.1228367182 -3.742761317e-22)
(-0.07281272249 0.1265375326 0)
(-0.09579757056 0.1216009453 4.101286864e-22)
(-0.1183003207 0.109381102 1.253765915e-22)
(-0.1395607282 0.09061448713 -5.547011617e-24)
(-0.1587499567 0.06573945021 5.519557016e-24)
(-0.1748640129 0.0352292557 0)
(-0.1866716326 -8.537871216e-05 2.892913156e-23)
(-0.1927378623 -0.03870383942 4.653816124e-24)
(-0.1915137272 -0.07817605686 -1.064743313e-22)
(-0.1815397757 -0.1148721474 7.892262859e-23)
(-0.1618376088 -0.1439165834 -2.392898223e-22)
(-0.1325247219 -0.1595108563 0)
(-0.09564469184 -0.1560003631 0)
(-0.05593476483 -0.1300556769 0)
(-0.02144535936 -0.08366512027 0)
(-0.00149725359 -0.02661229556 5.526435611e-22)
(-0.0002891168229 0.04003578882 0)
(-0.01168195654 0.09514124392 -3.482828398e-22)
(-0.02920955476 0.1290177561 8.906338754e-22)
(-0.05054457217 0.1465077378 3.605068731e-22)
(-0.07360435191 0.1515688986 0)
(-0.09732590237 0.1469221739 -3.845587403e-22)
(-0.1209573766 0.1341428587 -3.159543268e-23)
(-0.1438652923 0.1139555825 3.317560913e-22)
(-0.1653360196 0.08661600259 1.76080908e-22)
(-0.1844409953 0.05230718724 -4.039821561e-23)
(-0.1999472586 0.01152804648 1.652245157e-23)
(-0.2102781733 -0.03451780855 -8.211222614e-24)
(-0.2135399233 -0.08349622497 3.352532212e-22)
(-0.2076460638 -0.131548721 0)
(-0.1906582801 -0.1729106013 2.394054222e-22)
(-0.1614857522 -0.1998816815 5.694575358e-24)
(-0.1210472681 -0.2036557029 -5.779498422e-24)
(-0.07377086074 -0.1769185214 1.523283438e-22)
(-0.02968249632 -0.1186750344 -5.361309628e-24)
(-0.00217600131 -0.03999244725 0)
(-0.0002146531377 0.04658864782 0)
(-0.01125246919 0.110245646 0)
(-0.02815314109 0.1493311825 -5.008101406e-22)
(-0.04873027596 0.1697124379 -1.875410715e-23)
(-0.07097263219 0.1762034826 2.031038344e-23)
(-0.09395358176 0.1720861645 -2.007057499e-23)
(-0.117093244 0.1592025125 -2.307050219e-23)
(-0.1399630326 0.1382929648 -3.015584314e-22)
(-0.1620774013 0.1094312613 6.684994405e-23)
(-0.1827424264 0.0724679408 4.490332632e-23)
(-0.2009323051 0.027458807 -4.553876396e-23)
(-0.2151758998 -0.02489491432 0)
(-0.223501172 -0.08272205137 -7.758343142e-23)
(-0.2233998594 -0.1424079271 0)
(-0.2119942303 -0.1978224297 -3.720041975e-22)
(-0.1866621729 -0.2396948253 5.210830121e-22)
(-0.1463644329 -0.2557005012 0)
(-0.09388299164 -0.2327926521 -1.46957557e-22)
(-0.04018699695 -0.1637347433 1.912343273e-22)
(-0.003197333491 -0.05852992291 -3.386445218e-22)
(-0.0002054988318 0.05285368577 0)
(-0.01069007171 0.1245209441 9.160031613e-22)
(-0.02631591693 0.1683440936 -2.43426214e-23)
(-0.04505217157 0.1912101849 9.169192647e-22)
(-0.06499356433 0.1988736954 -2.504731022e-23)
(-0.08541956984 0.1952494 2.829052706e-23)
(-0.1059907083 0.1825120102 -2.803228126e-23)
(-0.1265615051 0.16148069 -1.654701055e-23)
(-0.1469792249 0.1321012958 -5.24073896e-22)
(-0.1669353575 0.09391946089 -8.873065772e-24)
(-0.1858265728 0.0465157481 9.624470464e-24)
(-0.2025756219 -0.01005503292 3.302697595e-22)
(-0.2155050051 -0.07475591625 -5.799749519e-22)
(-0.2220917187 -0.1447415511 0)
(-0.2188463279 -0.2143486377 8.849923118e-22)
(-0.201636949 -0.2736468556 -4.908817333e-22)
(-0.1668473191 -0.3072174386 -1.562043905e-23)
(-0.1139916315 -0.2950449429 0)
(-0.0528606193 -0.2193300253 -1.865402032e-22)
(-0.004745600366 -0.08367518051 3.335939101e-22)
(-0.0003689071807 0.05891494886 1.547231207e-23)
(-0.01052748032 0.1377172632 -8.74240584e-22)
(-0.02447911152 0.1853093645 -1.154519692e-21)
(-0.04036342751 0.2097289467 -8.606336008e-22)
(-0.05643031853 0.2178406041 0)
(-0.07229516789 0.2142812286 3.503402723e-23)
(-0.08796026015 0.2016252398 -7.272800595e-23)
(-0.1036444718 0.1808446602 5.849717099e-23)
(-0.119604963 0.1518435224 3.011053108e-22)
(-0.1360146663 0.1139509648 -1.124729264e-23)
(-0.1528391448 0.06632789893 0)
(-0.1696833819 0.008351069644 -3.592475883e-22)
(-0.1854963927 -0.05994146129 7.495679438e-22)
(-0.1982415286 -0.1370242965 8.811496935e-22)
(-0.2045137241 -0.2186499924 -5.277703417e-22)
(-0.1992083227 -0.2956717574 5.147427802e-22)
(-0.1761192163 -0.3510902157 1.069656697e-23)
(-0.1301038762 -0.3581039893 -1.086834044e-23)
(-0.06687995155 -0.2840758083 -8.428009767e-23)
(-0.007080626058 -0.1168879126 0)
(-0.0009147196291 0.06531355357 -1.907416741e-23)
(-0.01171968088 0.1500522784 -1.324463419e-21)
(-0.0239833459 0.1997422041 1.091848052e-21)
(-0.03615826743 0.2240582916 6.721931788e-22)
(-0.04676309093 0.2313069267 6.002385077e-22)
(-0.0559991615 0.2269395214 6.629301357e-22)
(-0.06437327457 0.2139566579 -4.447152597e-23)
(-0.07256275798 0.1935219153 -3.453207111e-22)
(-0.08127732298 0.1655684802 2.147151544e-22)
(-0.09119286748 0.1293205078 0)
(-0.1028815925 0.08364834143 0)
(-0.1166859256 0.02736570806 2.650595076e-22)
(-0.1324691819 -0.04042550247 8.210398796e-23)
(-0.1492097267 -0.1198033813 -2.811373119e-22)
(-0.1643731343 -0.208711225 -5.40092973e-23)
(-0.1729786259 -0.3004688692 1.304870176e-22)
(-0.1671586628 -0.3790859308 -3.389500629e-22)
(-0.1365922903 -0.4133897252 -1.684787967e-23)
(-0.08019595549 -0.353605676 8.416491654e-23)
(-0.01050683144 -0.1593032432 -6.045632062e-22)
(-0.00226564659 0.07342896046 0)
(-0.01585531481 0.1624771461 2.142099143e-21)
(-0.026765866 0.2115303825 0)
(-0.03440438146 0.2330941093 -1.349490926e-21)
(-0.03783453569 0.2374813845 6.19950011e-23)
(-0.03828749097 0.2310031219 -6.179373731e-22)
(-0.03701097438 0.2170059561 -4.746769914e-22)
(-0.03524583602 0.1967949426 8.28328153e-22)
(-0.0341609075 0.1703175935 -1.881257303e-22)
(-0.03487685695 0.1367792775 0)
(-0.03849048787 0.09491168344 0)
(-0.04601292941 0.04319574538 2.41872565e-23)
(-0.05825221961 -0.01996638164 -5.997622856e-22)
(-0.07546307757 -0.09603370284 -4.302833287e-22)
(-0.09673167059 -0.1853883744 4.633648381e-22)
(-0.1185767152 -0.285192859 -6.476661454e-22)
(-0.1334419124 -0.3836672683 9.067282245e-23)
(-0.1266355602 -0.4502548404 3.032444308e-23)
(-0.08902622009 -0.41967531 5.664421358e-22)
(-0.01527114139 -0.2110730908 6.034239392e-22)
(-0.005185326831 0.08595030639 0)
(-0.02530856847 0.1765157738 1.466836931e-22)
(-0.0349566275 0.2204102905 -4.910555549e-23)
(-0.03659664308 0.2352594231 7.631287294e-22)
(-0.03044970947 0.234111461 -6.99386114e-22)
(-0.01948803381 0.2239615369 4.738346765e-23)
(-0.005974257311 0.2082076962 -1.018129063e-22)
(0.008185555011 0.1880461815 -3.383075859e-22)
(0.02140103665 0.1633816577 2.059399092e-22)
(0.03223497467 0.1333765352 0)
(0.03920662564 0.09674110688 0)
(0.04081534508 0.05187086199 -2.898666845e-22)
(0.03545557291 -0.003114405932 0)
(0.02168225403 -0.07044505437 -5.508654509e-22)
(-0.001529386448 -0.1524481459 -1.47082547e-23)
(-0.03332730587 -0.2504836318 2.55755878e-23)
(-0.06927027681 -0.3598267556 2.197735901e-22)
(-0.09239475727 -0.4574379881 4.805492004e-24)
(-0.08722821967 -0.4696958299 -5.793815371e-22)
(-0.02103622509 -0.2698208027 0)
(-0.01111866331 0.1085947415 0)
(-0.04253241871 0.1946616347 -8.838001567e-22)
(-0.04806268374 0.225708666 -5.406857286e-22)
(-0.03937440869 0.2280635605 4.540299853e-22)
(-0.01902600193 0.2180722202 -1.714907509e-24)
(0.007358467459 0.2026770079 -4.555863287e-23)
(0.03633381986 0.1846538844 5.687951507e-22)
(0.06546012215 0.1646482947 -2.762567857e-23)
(0.09289377665 0.1423015253 -2.066285785e-22)
(0.1170209832 0.1166641258 3.137855741e-23)
(0.1361988576 0.08648628944 -3.421830821e-23)
(0.148648071 0.05027630558 -3.687292866e-23)
(0.1522435902 0.006268792069 3.203320573e-22)
(0.1446896396 -0.04785597401 6.115830402e-22)
(0.1233028024 -0.1152151799 -5.098866799e-22)
(0.08615969259 -0.2003488116 -1.616704251e-22)
(0.03183706536 -0.3067260039 1.529544001e-22)
(-0.02373122858 -0.4239287387 7.293341936e-23)
(-0.06496869286 -0.4870988055 1.913035173e-21)
(-0.02510585982 -0.3291056123 2.954702059e-21)
(-0.02004521879 0.1460872698 -4.387620048e-23)
(-0.06418404966 0.2112864311 4.414776693e-23)
(-0.05076640463 0.2176814888 9.996003903e-22)
(-0.01946095233 0.2013864252 -8.133078744e-24)
(0.02396506585 0.1808105523 0)
(0.07130666394 0.1605994342 4.35913054e-23)
(0.1187942292 0.1415747091 -2.270954722e-22)
(0.1641744197 0.123271094 -9.015606456e-23)
(0.2059128605 0.1047979779 3.675433668e-23)
(0.2426586277 0.08508977031 -1.699282392e-23)
(0.2729350576 0.06300640431 3.4258793e-23)
(0.2949988793 0.03732563501 -6.58659783e-23)
(0.3064753353 0.006605419583 -9.295634692e-23)
(0.3047868582 -0.03080997759 1.516530025e-22)
(0.2862415243 -0.07780672752 0)
(0.2469356739 -0.1398912431 1.506458515e-22)
(0.1809941186 -0.2266124644 2.559409682e-22)
(0.095971195 -0.3443677667 0)
(-0.006735058554 -0.4551979283 -3.675137855e-21)
(-0.01923021566 -0.3777323878 -2.892336424e-21)
(-0.02591502459 0.2276981626 -9.512761066e-22)
(-0.0399761284 0.223832185 -1.388503214e-22)
(0.03655339235 0.1810492275 -2.334163819e-22)
(0.1090101377 0.1450768219 -1.192799347e-22)
(0.1816365656 0.1172026028 -4.294461568e-23)
(0.2488814666 0.09623465176 9.775589914e-23)
(0.3098668754 0.07998722306 -1.407044143e-22)
(0.3644258431 0.06654273642 1.295457307e-22)
(0.4124153955 0.05448241395 -8.607824654e-23)
(0.4534150869 0.04271575548 1.131685968e-25)
(0.4865908654 0.03034340429 1.526137599e-23)
(0.5105711142 0.01655861981 7.989835876e-23)
(0.5235161867 0.0005679752174 -1.809971362e-22)
(0.5230704888 -0.01860312122 -1.616626829e-22)
(0.5051520215 -0.04284007348 -4.262728917e-23)
(0.4658150018 -0.07631679646 0)
(0.3952287137 -0.1286041059 -1.845067775e-22)
(0.291576258 -0.2208454061 8.147234613e-22)
(0.1197268371 -0.3525004134 1.631368498e-21)
(0.0267007487 -0.3775470116 2.172534657e-21)
(0.2142941215 0.1347493151 9.863396023e-22)
(0.2776456849 0.09871092929 0)
(0.4316754733 0.0581069116 -2.593578985e-22)
(0.5304816729 0.03846171347 -1.741265138e-22)
(0.6016842471 0.02623047104 0)
(0.6570840001 0.01831451993 -6.004874105e-23)
(0.7014632309 0.0131319823 6.370771449e-23)
(0.7375294637 0.009539916273 -1.797445592e-23)
(0.766853353 0.006804759111 2.881681234e-23)
(0.7901273645 0.00446753498 2.311734402e-23)
(0.8073804517 0.00222609223 0)
(0.8182012235 -0.0001440782033 -2.870200486e-23)
(0.8216066171 -0.002717520331 0)
(0.8162142909 -0.005707909418 2.736916912e-23)
(0.7991226318 -0.009608583981 1.422714382e-23)
(0.7679975746 -0.01500179771 -5.797596864e-23)
(0.7106582082 -0.02502644061 -2.534811049e-22)
(0.6235200794 -0.04204430613 -6.916904653e-22)
(0.4230089206 -0.09183118992 0)
(0.2705670173 -0.1524028678 -2.119365456e-21)
)


// ************************************************************************* //
