/*--------------------------------*- C++ -*----------------------------------*\
  =========                 |
  \\      /  F ield         | OpenFOAM: The Open Source CFD Toolbox
   \\    /   O peration     | Website:  https://openfoam.org
    \\  /    A nd           | Version:  13
     \\/     M anipulation  |
\*---------------------------------------------------------------------------*/
FoamFile
{
    format      ascii;
    class       vectorField;
    location    "22.06";
    object      U_all;
}
// * * * * * * * * * * * * * * * * * * * * * * * * * * * * * * * * * * * * * //


400
(
(1.081424466e-05 -3.791451761e-05 0)
(-0.000666227289 0.0004129825925 -1.539878436e-23)
(-0.002185132741 0.0009202559607 0)
(-0.004047244466 0.001312567155 0)
(-0.005970931531 0.001534810202 6.825134064e-25)
(-0.007761539128 0.001569585819 4.153607148e-24)
(-0.009283064257 0.001423329441 -7.309589584e-24)
(-0.01043431503 0.001119546095 7.596887864e-24)
(-0.01113514753 0.0006959820517 -2.100644947e-25)
(-0.01132551277 0.0002030597421 -4.002687919e-24)
(-0.01097034739 -0.0003001752615 5.812457796e-24)
(-0.01007116758 -0.0007474035408 -5.936900953e-23)
(-0.008679047975 -0.00107542578 -6.560427004e-23)
(-0.006902375263 -0.001232918167 -7.792566088e-23)
(-0.004910595746 -0.001192555063 4.578922913e-24)
(-0.002927358593 -0.0009619017608 -4.143660395e-24)
(-0.001205592508 -0.0005912623261 -2.002712118e-22)
(-1.93873883e-05 -0.0001699841034 0)
(0.0005179253363 0.0001719626486 1.527446426e-25)
(0.0002226926999 0.000305897999 -2.785845231e-24)
(-0.0002634036036 0.0008287225899 1.391477724e-25)
(-0.002702930014 0.003383218857 1.549481032e-23)
(-0.006906075048 0.005603460276 1.537578389e-25)
(-0.01195014218 0.007006907315 -8.45723742e-25)
(-0.01713188726 0.007552397394 1.156413714e-24)
(-0.02197133023 0.007292913547 1.300327033e-23)
(-0.02610606525 0.006320846295 1.453701835e-24)
(-0.029260533 0.004753494149 -7.346878355e-24)
(-0.0312214847 0.00273686779 1.018600498e-23)
(-0.0318369271 0.0004525478237 4.519281623e-24)
(-0.0310229746 -0.001883599737 -6.328497607e-24)
(-0.0287892103 -0.004022179689 2.95994203e-24)
(-0.02526827939 -0.005707337019 3.899474946e-23)
(-0.02072977438 -0.006706386048 -1.957505929e-24)
(-0.01558835387 -0.006853272771 3.760175568e-24)
(-0.0103846271 -0.006096885793 -9.761441484e-23)
(-0.005730302643 -0.004545968998 9.65857383e-23)
(-0.002233643718 -0.002507539943 -3.996781993e-25)
(-0.0001820304301 -0.0005027065582 4.097581301e-25)
(8.339746213e-05 0.0006096601115 0)
(-0.0004187524286 0.002934528248 -2.918313041e-25)
(-0.004646984643 0.008802311257 1.712736619e-23)
(-0.01136969965 0.01323782612 -8.174561008e-24)
(-0.01932343616 0.01578896831 -2.056973416e-25)
(-0.02746868459 0.01652686771 2.020761316e-25)
(-0.0351109639 0.01564159048 8.799819696e-27)
(-0.04170554115 0.01335775298 -1.284126192e-24)
(-0.04682712045 0.009918366444 -4.592667106e-25)
(-0.05014104548 0.005601970923 -1.066585649e-23)
(-0.05140365584 0.0007449267038 0)
(-0.05046987354 -0.004240407864 0)
(-0.04732999235 -0.008885128249 2.675019778e-23)
(-0.04215346014 -0.01267929376 2.816983023e-23)
(-0.03530995198 -0.0151334852 -1.648999408e-24)
(-0.02738694092 -0.01585957773 4.855789953e-23)
(-0.01916829367 -0.01467157098 9.439136912e-23)
(-0.01156012181 -0.01169257495 3.997411202e-23)
(-0.005465233904 -0.007450481183 4.213788161e-25)
(-0.001451173338 -0.002936348819 1.036245853e-25)
(-9.072790147e-05 0.000225488971 0)
(-0.0005023511332 0.00604416016 -4.258141119e-23)
(-0.006401393692 0.01636745761 -1.702936506e-23)
(-0.01553178015 0.02355459267 8.101434844e-24)
(-0.02627370868 0.02743619979 0)
(-0.03727993315 0.02831561416 0)
(-0.04768096828 0.02658293139 0)
(-0.05678575135 0.02262749114 -4.679246533e-26)
(-0.06404198545 0.01683379251 -2.098366283e-24)
(-0.06899853099 0.009621478214 0)
(-0.0712961461 0.001491970009 1.645480273e-24)
(-0.07069708933 -0.006934115782 2.809172945e-25)
(-0.06712009127 -0.01492661113 -2.81703857e-25)
(-0.06069027351 -0.02166293053 0)
(-0.05180048533 -0.02631144282 4.142899415e-23)
(-0.04114474224 -0.02815637762 -4.691220415e-23)
(-0.02971628159 -0.02677018167 -2.77308042e-23)
(-0.01873523771 -0.0222129247 -3.982913134e-23)
(-0.009487188555 -0.01521812671 7.794367723e-25)
(-0.002976693992 -0.007298166419 9.764503887e-23)
(-0.0002318564671 -0.0008665435529 0)
(-0.0005314876838 0.01009296018 4.278860774e-23)
(-0.007981905766 0.02594688108 4.768339941e-25)
(-0.01939285993 0.03642146044 -4.659431981e-25)
(-0.03281717603 0.0418469642 0)
(-0.04663767282 0.04288675996 7.762551932e-25)
(-0.05984080532 0.04019363734 -7.654921582e-25)
(-0.07161960644 0.03434194627 3.664909764e-23)
(-0.08131295189 0.02585324701 1.840389391e-23)
(-0.08835081525 0.01527190504 6.215975523e-24)
(-0.09223950622 0.003247412034 -1.64739728e-24)
(-0.09258923055 -0.009404387789 0)
(-0.0891621674 -0.02166953535 4.385213752e-25)
(-0.08194806132 -0.03236095801 1.014248905e-23)
(-0.07125913548 -0.04020545155 -4.359563176e-23)
(-0.05781268223 -0.04401362267 1.93946418e-24)
(-0.04278054982 -0.04294241076 4.239595573e-23)
(-0.02775125463 -0.036829146 -3.877846641e-25)
(-0.01454900852 -0.02652474461 0)
(-0.004858959792 -0.0140837811 5.435215826e-23)
(-0.0003640935336 -0.002847141805 -2.562173452e-22)
(-0.0005271077185 0.01499620359 9.829693631e-23)
(-0.009376057083 0.03738261385 -4.899050455e-25)
(-0.02287736874 0.05169192505 0)
(-0.03882304767 0.05893047378 0)
(-0.05537631755 0.06024470404 -8.724674956e-23)
(-0.07141596246 0.056609368 -8.491208146e-23)
(-0.0860516599 0.04879425738 -4.059422299e-23)
(-0.0985344829 0.03743513955 -1.500410224e-23)
(-0.1081772975 0.02315823658 -5.348613165e-24)
(-0.1143270449 0.006711184829 -8.161426638e-24)
(-0.1163876503 -0.01092850145 6.586215943e-24)
(-0.1138778426 -0.02848255253 8.798585204e-24)
(-0.1065344318 -0.0443617387 -1.891531938e-23)
(-0.09445587455 -0.0567436279 4.488298887e-24)
(-0.07825884221 -0.06377326355 0)
(-0.05922182537 -0.06392622642 -1.584767491e-23)
(-0.03933521286 -0.05653132249 -2.043469855e-26)
(-0.02113946028 -0.04235370576 0)
(-0.00731786868 -0.02398038294 -1.517898025e-22)
(-0.0005215312435 -0.005925391255 6.05025067e-22)
(-0.0004990008707 0.02064160011 -9.762754301e-23)
(-0.01052765224 0.05044439285 2.830471386e-22)
(-0.02582508722 0.0691117864 1.526078791e-22)
(-0.04401390034 0.07847802784 3.616848583e-24)
(-0.06309695966 0.08028070001 -7.317692016e-23)
(-0.08189096057 0.07586817057 9.035126047e-23)
(-0.09946234525 0.06620742071 -3.587351156e-24)
(-0.1150058019 0.05201088381 -1.72746555e-24)
(-0.127733948 0.03392128694 2.521558847e-24)
(-0.1368288877 0.01270387062 7.369949692e-24)
(-0.1414529106 -0.01058264613 -6.486755829e-24)
(-0.1408075231 -0.03445189247 -9.757188595e-24)
(-0.134258735 -0.05691689603 -3.26115064e-23)
(-0.121531138 -0.07552080743 -3.641735293e-23)
(-0.1029558165 -0.08752985036 5.605651386e-25)
(-0.07975500717 -0.09038019419 0)
(-0.05426098578 -0.08243530862 0)
(-0.02986840078 -0.06397055016 -2.901523697e-24)
(-0.01066168589 -0.03798447492 2.96587224e-24)
(-0.0007349821675 -0.01050022038 1.027666981e-22)
(-0.0004478830351 0.02686735641 0)
(-0.01134759618 0.06479534712 2.001624638e-22)
(-0.02801195099 0.08827998946 8.960670635e-23)
(-0.04799173454 0.1001059285 0)
(-0.06919639824 0.102690733 1.568998208e-22)
(-0.09043157637 0.09780103956 0)
(-0.1107688862 0.08659955866 -1.427689295e-22)
(-0.129393466 0.06983202784 6.511699096e-24)
(-0.1454601645 0.04807922665 0)
(-0.1580176442 0.02201892079 0)
(-0.1659958236 -0.007328813789 -1.373206241e-24)
(-0.1682501855 -0.03837896034 -9.304630051e-25)
(-0.1636905747 -0.0688272247 1.490385004e-22)
(-0.1515065859 -0.09556808844 -4.703679434e-23)
(-0.131501285 -0.1148142716 -2.556231748e-24)
(-0.1045500132 -0.1225552499 1.53016444e-24)
(-0.07308677897 -0.1155387434 -1.554301709e-24)
(-0.04134635798 -0.09282152347 0)
(-0.01525082807 -0.05740227634 3.201215873e-24)
(-0.001044171929 -0.01714577487 -1.012229646e-21)
(-0.0003744922603 0.03345706614 0)
(-0.01174885477 0.07997509921 -1.127573829e-22)
(-0.02920395068 0.1086205105 -6.189068484e-22)
(-0.05031201668 0.1232032762 -3.754107886e-22)
(-0.07295540257 0.1268903507 0)
(-0.09597968352 0.1219087009 4.117967327e-22)
(-0.1185156244 0.1096216983 1.260307415e-22)
(-0.1398015319 0.09077375816 -5.579214046e-24)
(-0.1590081026 0.06581008804 5.551599938e-24)
(-0.1751315382 0.03520989157 0)
(-0.1869413186 -0.0001909550554 2.91081174e-23)
(-0.1930028396 -0.0388874885 4.692850565e-24)
(-0.1917671894 -0.07842525342 -1.075913933e-22)
(-0.1817746495 -0.1151702386 7.995775726e-23)
(-0.1620457037 -0.1442421491 -2.417823766e-22)
(-0.1326968184 -0.1598370335 0)
(-0.09577194222 -0.1562951734 0)
(-0.05601211143 -0.1302855419 0)
(-0.02147687193 -0.08380376993 0)
(-0.001500222635 -0.0266529398 5.568617309e-22)
(-0.0002874803371 0.04015427383 0)
(-0.01169300011 0.09542077166 -3.491939146e-22)
(-0.02924259409 0.1293870948 8.930314675e-22)
(-0.05060613534 0.1469079655 3.616020026e-22)
(-0.07369586272 0.1519537749 0)
(-0.09744504782 0.1472574419 -3.861160418e-22)
(-0.121099286 0.1344048701 -3.173330044e-23)
(-0.1440238775 0.1141298228 3.332030733e-22)
(-0.1655051513 0.08669573239 1.768891836e-22)
(-0.184615394 0.05229208541 -4.05881505e-23)
(-0.2001230458 0.01142292743 1.656584071e-23)
(-0.2104527698 -0.03470404964 -8.26164057e-24)
(-0.2137115346 -0.08375167002 3.370589108e-22)
(-0.207812505 -0.1318586951 0)
(-0.1908153125 -0.1732567036 2.418991861e-22)
(-0.1616259423 -0.2002397753 5.768941728e-24)
(-0.1211601212 -0.2039937036 -5.854973733e-24)
(-0.07384581255 -0.1771967902 1.546572794e-22)
(-0.02971603906 -0.1188544285 -5.429852258e-24)
(-0.00217936188 -0.04005079765 0)
(-0.0002118727091 0.04670975857 0)
(-0.01125014674 0.1105339977 0)
(-0.02815610335 0.1497144827 -5.021459097e-22)
(-0.04874407234 0.1701289344 -1.880537467e-23)
(-0.07099944625 0.1766037932 2.037829484e-23)
(-0.09399244719 0.172433643 -2.013768464e-23)
(-0.1171408917 0.1594723572 -2.316209875e-23)
(-0.1400151733 0.1384708106 -3.028841081e-22)
(-0.1621300858 0.1095117043 6.697914226e-23)
(-0.1827932051 0.07245272852 4.511669614e-23)
(-0.2009809697 0.02735498233 -4.576160967e-23)
(-0.2152244418 -0.02507701604 0)
(-0.2235534264 -0.08296996617 -7.834167692e-23)
(-0.2234599857 -0.1427092737 0)
(-0.2120641637 -0.1981634646 -3.738270601e-22)
(-0.1867392736 -0.2400575614 5.242634902e-22)
(-0.1464397372 -0.2560578271 0)
(-0.09394244114 -0.2331039478 -1.492175287e-22)
(-0.04021830399 -0.1639496274 1.935671777e-22)
(-0.003200905557 -0.05860645005 -3.409659268e-22)
(-0.0002017466809 0.05296950489 0)
(-0.01067353205 0.1248018437 9.181101422e-22)
(-0.02628611724 0.1687217632 -2.440179105e-23)
(-0.04501324117 0.1916229095 9.191526059e-22)
(-0.06494848637 0.1992703957 -2.511537106e-23)
(-0.08536910154 0.1955917183 2.838170444e-23)
(-0.105933744 0.1827743623 -2.812262652e-23)
(-0.1264960648 0.1616491706 -1.66051458e-23)
(-0.1469038726 0.132172377 -5.25897267e-22)
(-0.1668505202 0.09389768375 -8.904487343e-24)
(-0.1857353513 0.04641147845 9.657942364e-24)
(-0.2024832739 -0.01022837057 3.312423367e-22)
(-0.2154201503 -0.07498565557 -5.819401268e-22)
(-0.2220246786 -0.1450161911 0)
(-0.2188054784 -0.2146591159 8.884858789e-22)
(-0.2016263592 -0.27398328 -4.938707318e-22)
(-0.1668630783 -0.307562367 -1.571526501e-23)
(-0.1140204473 -0.2953637832 0)
(-0.05288357142 -0.2195673009 -1.888337083e-22)
(-0.00474900285 -0.08376772491 3.358749477e-22)
(-0.0003644430447 0.05901755945 1.550726422e-23)
(-0.01049739249 0.1379740837 -8.762510576e-22)
(-0.02441729414 0.1856611449 -1.156868677e-21)
(-0.04027225975 0.2101172212 -8.627286639e-22)
(-0.05631371265 0.2182144434 0)
(-0.07215621163 0.2146015271 3.513100819e-23)
(-0.08780097942 0.2018660582 -7.293394933e-23)
(-0.1034660864 0.1809925101 5.866698606e-23)
(-0.1194091427 0.1518968418 3.020707133e-22)
(-0.1358046802 0.1139169415 -1.127975869e-23)
(-0.1526202401 0.06622015176 0)
(-0.1694641567 0.008186213339 -3.603207543e-22)
(-0.1852875068 -0.0601485695 7.514390571e-22)
(-0.1980550678 -0.1372617439 8.830381083e-22)
(-0.2043628908 -0.2189119002 -5.295383502e-22)
(-0.1991035069 -0.2959557951 5.161632748e-22)
(-0.1760635865 -0.3513908544 1.077619355e-23)
(-0.1300898396 -0.3583989779 -1.094924546e-23)
(-0.06688761905 -0.2843146149 -8.231963728e-23)
(-0.007083180993 -0.1169908227 0)
(-0.0009098442943 0.0653959092 -1.911188389e-23)
(-0.01167819152 0.1502697371 -1.326780554e-21)
(-0.02389373463 0.2000491541 1.094058342e-21)
(-0.03602093645 0.2244028445 6.733967912e-22)
(-0.04658296638 0.2316405819 6.013745224e-22)
(-0.05578227739 0.2272238416 6.642932313e-22)
(-0.06412601672 0.2141660716 -4.457917278e-23)
(-0.07229053606 0.1936428535 -3.460802342e-22)
(-0.08098569749 0.1656010795 2.151838345e-22)
(-0.09088857758 0.1292733361 0)
(-0.1025716996 0.08353692499 0)
(-0.1163790025 0.02720868782 2.65508395e-22)
(-0.1321750387 -0.04060999106 8.195160739e-23)
(-0.1489399777 -0.1200019958 -2.820978239e-22)
(-0.1641411111 -0.2089187512 -5.410571928e-23)
(-0.1727976547 -0.3006873362 1.302086746e-22)
(-0.1670377411 -0.3793201353 -3.399647222e-22)
(-0.1365325136 -0.4136319779 -1.601313384e-23)
(-0.08018320138 -0.3538208759 8.220713659e-23)
(-0.01050758239 -0.1594073727 -6.033418639e-22)
(-0.00226076504 0.07348573066 0)
(-0.01580624272 0.1626430968 2.145594722e-21)
(-0.02665641873 0.2117769808 0)
(-0.0342327931 0.2333791384 -1.351633689e-21)
(-0.03760647342 0.2377613806 6.184867147e-23)
(-0.03801193459 0.2312422983 -6.192134807e-22)
(-0.03669970578 0.2171804108 -4.755628698e-22)
(-0.03490881117 0.1968883426 8.300053645e-22)
(-0.03380768786 0.1703333936 -1.88541147e-22)
(-0.03451835851 0.1367250858 0)
(-0.03813514307 0.09480269913 0)
(-0.04566872871 0.04305078293 2.411035343e-23)
(-0.05792586627 -0.02012894874 -6.006557239e-22)
(-0.07516240265 -0.09619756652 -4.309104404e-22)
(-0.09646624304 -0.1855469709 4.637512604e-22)
(-0.1183581941 -0.285348303 -6.487826674e-22)
(-0.1332803583 -0.3838297922 9.117050386e-23)
(-0.1265403001 -0.4504265039 2.945184841e-23)
(-0.08899333801 -0.4198444104 5.660914323e-22)
(-0.01526928091 -0.2111668554 6.022049009e-22)
(-0.0051811285 0.08597889729 0)
(-0.02525825829 0.1766232406 1.465644869e-22)
(-0.03484043534 0.2205865148 -4.916631377e-23)
(-0.03641033066 0.2354741902 7.642039856e-22)
(-0.03019856537 0.2343287977 -7.004513021e-22)
(-0.01918248508 0.2241500923 4.745894727e-23)
(-0.005633811418 0.2083450932 -1.018552049e-22)
(0.008549662102 0.188120086 -3.389428132e-22)
(0.02177827542 0.1633906553 2.062588755e-22)
(0.03260747571 0.1333269965 0)
(0.03956501711 0.0966460653 0)
(0.0411517581 0.05174732019 -2.902395864e-22)
(0.03576779944 -0.003248085288 0)
(0.02196635268 -0.07057643619 -5.511873229e-22)
(-0.001278531842 -0.1525670655 -1.49126297e-23)
(-0.03311621789 -0.2505892297 2.55946036e-23)
(-0.06910155961 -0.3599286031 2.202591018e-22)
(-0.0922842943 -0.4575370424 4.790714716e-24)
(-0.08718335017 -0.4698068812 -5.789922035e-22)
(-0.02103152741 -0.2698932742 0)
(-0.01111643661 0.1085973557 0)
(-0.04249126817 0.1947123925 -8.847673644e-22)
(-0.04796085694 0.2258138005 -5.410666892e-22)
(-0.03920464255 0.2282057781 4.543480524e-22)
(-0.01879114519 0.2182244878 -1.710229392e-24)
(0.007648465251 0.2028145177 -4.560615997e-23)
(0.03666198178 0.1847563585 5.696033637e-22)
(0.06581080914 0.1647085633 -2.766584689e-23)
(0.09325176432 0.142312253 -2.069543743e-22)
(0.1173701033 0.1166294061 3.141906695e-23)
(0.1365281991 0.08641532605 -3.425624575e-23)
(0.1489504393 0.05018185646 -3.690342667e-23)
(0.15251289 0.00616485411 3.205440798e-22)
(0.1449239125 -0.04795581892 6.119263291e-22)
(0.1235049476 -0.1153006304 -5.100903486e-22)
(0.08632624217 -0.2004159083 -1.615957643e-22)
(0.03198294533 -0.3067778335 1.531352954e-22)
(-0.02362691233 -0.4239808732 7.29380881e-23)
(-0.06492644174 -0.4871580478 1.913303853e-21)
(-0.02510003502 -0.3291519468 2.955005347e-21)
(-0.02004672125 0.1460734936 -4.389987569e-23)
(-0.064165097 0.2112951117 4.417159009e-23)
(-0.05070562776 0.2177275315 1.000130619e-21)
(-0.01934719415 0.20146377 -8.263346451e-24)
(0.02413533986 0.1809025872 0)
(0.07152906795 0.1606884703 4.363318472e-23)
(0.1190560305 0.1416456666 -2.273619692e-22)
(0.1644610676 0.1233157537 -9.026990237e-23)
(0.2062089485 0.104811025 3.680337961e-23)
(0.242948481 0.08507235931 -1.70149154e-23)
(0.2732059762 0.06296380842 3.429677537e-23)
(0.2952404346 0.03726618652 -6.592203808e-23)
(0.3066856394 0.006538705446 -9.303317896e-23)
(0.3049641649 -0.03087419838 1.516968233e-22)
(0.2863857628 -0.07786000505 0)
(0.2470505461 -0.1399280312 1.50550427e-22)
(0.1810871545 -0.2266290638 2.559999317e-22)
(0.09604071593 -0.3443883761 0)
(-0.00669955239 -0.455219829 -3.675651267e-21)
(-0.01922439901 -0.3777526543 -2.892634145e-21)
(-0.0259192789 0.2276836709 -9.514067149e-22)
(-0.03998287401 0.2238221971 -1.388926165e-22)
(0.03656095707 0.1810580531 -2.335440319e-22)
(0.1090482224 0.1451044009 -1.19365823e-22)
(0.1817148405 0.1172423768 -4.29558864e-23)
(0.2490024625 0.09627677573 9.782290229e-23)
(0.3100250289 0.08002314007 -1.408446145e-22)
(0.3646108264 0.06656683961 1.297037254e-22)
(0.4126143844 0.05449130593 -8.619198956e-23)
(0.4536141649 0.04270930458 1.132163121e-25)
(0.4867776817 0.03032404403 1.527618163e-23)
(0.5107361404 0.01653055289 7.996620429e-23)
(0.5236523266 0.0005381452082 -1.811015277e-22)
(0.5231741492 -0.01863214705 -1.617070018e-22)
(0.5052281908 -0.04286351069 -4.262610723e-23)
(0.4658685885 -0.07633150976 0)
(0.3952675358 -0.1286086876 -1.846489546e-22)
(0.2916055128 -0.2208467385 8.148770479e-22)
(0.1197445457 -0.3525016244 1.631603525e-21)
(0.02670522847 -0.377549654 2.172656595e-21)
(0.21428969 0.1347449581 9.864837493e-22)
(0.2776318757 0.09870533977 0)
(0.4316600729 0.05810429063 -2.594216054e-22)
(0.5304752848 0.03846260066 -1.74157998e-22)
(0.6016959365 0.02623399849 0)
(0.6571180367 0.01831899071 -6.008548365e-23)
(0.7015183496 0.01313579938 6.377304213e-23)
(0.7376003767 0.009542012168 -1.799935871e-23)
(0.76693252 0.006804478957 2.885631906e-23)
(0.7902063584 0.004464888473 2.314782629e-23)
(0.80745162 0.002221566772 0)
(0.8182589875 -0.000149765085 -2.872806555e-23)
(0.8216477323 -0.002723523146 0)
(0.8162381223 -0.00571242371 2.737925569e-23)
(0.7991327646 -0.009611238845 1.421582101e-23)
(0.7679985815 -0.01500251266 -5.799474506e-23)
(0.710655713 -0.02502526374 -2.53566692e-22)
(0.6235184861 -0.04204292947 -6.918107211e-22)
(0.4230090929 -0.09182975885 0)
(0.2705674456 -0.1524022195 -2.119484443e-21)
)


// ************************************************************************* //
