/*--------------------------------*- C++ -*----------------------------------*\
  =========                 |
  \\      /  F ield         | OpenFOAM: The Open Source CFD Toolbox
   \\    /   O peration     | Website:  https://openfoam.org
    \\  /    A nd           | Version:  13
     \\/     M anipulation  |
\*---------------------------------------------------------------------------*/
FoamFile
{
    format      ascii;
    class       vectorField;
    location    "7.79";
    object      U_all;
}
// * * * * * * * * * * * * * * * * * * * * * * * * * * * * * * * * * * * * * //


400
(
(2.112796998e-06 -2.272578068e-05 0)
(-0.0006494005364 0.0004005382631 -1.39991258e-23)
(-0.002075262817 0.0008707881538 0)
(-0.00381627195 0.001233357943 0)
(-0.005612383496 0.001438300424 5.185757689e-25)
(-0.00728706595 0.001469805023 3.976579898e-24)
(-0.00871708001 0.001333839672 -1.342657853e-24)
(-0.009810486696 0.001051683613 1.406418359e-23)
(-0.01049352347 0.0006573830554 -2.677865654e-25)
(-0.01070922428 0.0001965196237 -4.921258871e-24)
(-0.010421774 -0.0002776410678 6.892253922e-24)
(-0.009627145053 -0.0007036772176 -6.879592896e-23)
(-0.008365660781 -0.00102247538 -7.660608184e-23)
(-0.006730448267 -0.001184685511 -9.035305115e-23)
(-0.004872402472 -0.001161983612 5.462904911e-24)
(-0.002995640636 -0.0009577911285 -5.176354388e-24)
(-0.001338201669 -0.0006150188503 -2.775509873e-22)
(-0.0001569061478 -0.0002135891673 0)
(0.0004199180104 0.0001214538451 5.35179788e-25)
(0.0001973653105 0.0002698409508 -5.321173685e-23)
(-0.000247229195 0.0008028821587 1.245910226e-25)
(-0.002527157471 0.003180948669 1.409362717e-23)
(-0.006429454833 0.005229348514 1.347759556e-25)
(-0.01110759652 0.006522782516 -6.516933995e-25)
(-0.01591661061 0.007029079275 8.360535685e-25)
(-0.02042067429 0.00679809006 7.814839153e-24)
(-0.02429097501 0.005913222417 6.797815453e-24)
(-0.02727614857 0.004478718184 -1.365990438e-23)
(-0.02917845132 0.002623489541 1.374708584e-23)
(-0.02985253033 0.0005081444927 5.576355705e-24)
(-0.02920988957 -0.001670044174 -7.507526105e-24)
(-0.02724418976 -0.003687399223 2.340801582e-24)
(-0.02406140656 -0.005305598453 4.417641727e-23)
(-0.01989414044 -0.006302915672 -2.415633847e-24)
(-0.01511327916 -0.006514022844 4.753023091e-24)
(-0.01021430271 -0.005875934985 -1.367009917e-22)
(-0.005770551594 -0.004472279773 1.376995072e-22)
(-0.00236229349 -0.002570871086 -1.15430882e-24)
(-0.0003004086981 -0.0006509427465 1.183412672e-24)
(5.92309966e-05 0.000495847071 0)
(-0.0003830924705 0.002754319848 -2.556162866e-25)
(-0.004285947632 0.008184087131 1.360053379e-23)
(-0.01048383895 0.01226892062 -8.364453762e-24)
(-0.01782362669 0.0146232664 -1.402068151e-25)
(-0.02535574022 0.01532204798 1.377380906e-25)
(-0.03244932409 0.01454032678 1.527487963e-25)
(-0.0386089137 0.0124791875 -6.439320666e-24)
(-0.0434446523 0.009352347986 -8.213525622e-25)
(-0.04664442369 0.005403299849 -1.439812099e-23)
(-0.0479683688 0.0009281874772 0)
(-0.04726810036 -0.003705745839 0)
(-0.04451516952 -0.008070822582 3.240898257e-23)
(-0.03983748584 -0.01169387687 3.421460129e-23)
(-0.03355548785 -0.01411010706 -2.148584581e-24)
(-0.02619760034 -0.01493796566 6.708628456e-23)
(-0.01848554978 -0.01397478376 1.323389407e-22)
(-0.01126982763 -0.0113003417 8.550355429e-23)
(-0.005412908468 -0.007371501333 1.961865715e-24)
(-0.001493429514 -0.003086645049 -7.139531753e-25)
(-9.565847666e-05 5.994659988e-05 0)
(-0.0004539458364 0.005610592415 -3.453683598e-23)
(-0.005866805097 0.01513069299 -1.347391902e-23)
(-0.0142547899 0.02175038728 8.271329051e-24)
(-0.02414514456 0.02534678658 0)
(-0.03431011225 0.02620794806 0)
(-0.04395871995 0.02468935065 0)
(-0.05245998778 0.02113728139 -2.483470494e-25)
(-0.05930411567 0.01588702812 2.260543495e-24)
(-0.06406611649 0.009302288907 0)
(-0.06639908735 0.001822460728 3.102378852e-24)
(-0.06605703048 -0.006002970933 3.778075709e-25)
(-0.06293389464 -0.01350448104 -3.788654914e-25)
(-0.05711724314 -0.01991770274 0)
(-0.04894518689 -0.02445305302 5.945361343e-23)
(-0.03904482287 -0.02641220923 -6.494387104e-23)
(-0.02833526562 -0.02535141757 -5.092616126e-23)
(-0.01796419768 -0.02127289119 -8.614268631e-23)
(-0.009157935954 -0.01480639425 7.154812705e-25)
(-0.002909054564 -0.007319306095 3.694331909e-23)
(-0.0002233826844 -0.001034836095 0)
(-0.0004792268978 0.009316200967 3.470944094e-23)
(-0.007309285685 0.02391383084 5.027542924e-25)
(-0.0177939722 0.03357520195 -4.912714586e-25)
(-0.0301641711 0.0386291002 0)
(-0.04294637445 0.03968966214 6.410610543e-25)
(-0.05521667293 0.03734747833 -6.321718206e-25)
(-0.06623520495 0.03211027171 2.774309488e-23)
(-0.07538776089 0.02442862164 8.361227469e-24)
(-0.08213369591 0.01476931274 2.605946487e-24)
(-0.08599343057 0.003697427112 -3.105992327e-24)
(-0.08657360336 -0.008057962984 0)
(-0.08361691949 -0.01957184574 7.027677345e-25)
(-0.07707927095 -0.02973554688 2.053358711e-23)
(-0.0672223844 -0.03733852677 -6.284829627e-23)
(-0.0546968703 -0.04122648042 3.276950709e-24)
(-0.04059349682 -0.04055008041 9.025132919e-23)
(-0.02641112274 -0.03508410976 -1.174676763e-24)
(-0.01388756366 -0.02554969414 0)
(-0.004656496979 -0.01380708566 4.832171033e-23)
(-0.0003418208542 -0.002944519221 -1.823562118e-22)
(-0.0004792154743 0.0138113289 9.790548583e-23)
(-0.00862033347 0.03442731314 -5.02907739e-25)
(-0.02107246927 0.04765740587 0)
(-0.03582398985 0.0544395658 0)
(-0.05119718234 0.05582460114 -7.921650034e-23)
(-0.06616759533 0.05269070853 -7.431132484e-23)
(-0.07991564811 0.04571466872 -3.073048337e-23)
(-0.09174114617 0.03543936465 -9.367080323e-24)
(-0.1009881238 0.02239387552 -2.13015079e-24)
(-0.1070200858 0.007223140181 -5.34363878e-24)
(-0.1092434785 -0.009200630332 3.376587917e-24)
(-0.1071657249 -0.02570671442 2.541598751e-24)
(-0.1004998199 -0.04080382248 -1.572944028e-23)
(-0.08930589958 -0.0527554396 -2.276037502e-23)
(-0.07414303944 -0.05976676674 0)
(-0.05621001654 -0.06033011511 -4.20159352e-23)
(-0.03739481951 -0.05372377393 8.655658902e-25)
(-0.02012129064 -0.04057207766 0)
(-0.0069711554 -0.0232258618 -8.441122854e-23)
(-0.0004861557195 -0.005882954013 4.484329902e-22)
(-0.0004626796319 0.01901917004 -9.722383487e-23)
(-0.009760395577 0.04651351218 2.692194796e-22)
(-0.02397159124 0.06382804215 1.440518422e-22)
(-0.04091459524 0.07265387712 3.334531358e-24)
(-0.05875691639 0.07457976694 -6.731784247e-23)
(-0.0764148948 0.07081901852 7.896021234e-23)
(-0.09302640012 0.06221752582 -3.110491252e-24)
(-0.1078341805 0.04937338222 -1.376471599e-24)
(-0.120081374 0.03281500951 1.973692517e-24)
(-0.1289670329 0.0131908504 4.747057295e-24)
(-0.1336611253 -0.008558288595 -3.435749512e-24)
(-0.1333610343 -0.03106874035 -2.859829609e-24)
(-0.1274203856 -0.05246382275 -2.920070025e-23)
(-0.1155438656 -0.07039408042 1.0706636e-23)
(-0.09802397183 -0.08221508078 -4.094907936e-25)
(-0.07601843703 -0.08541587738 0)
(-0.05175840067 -0.07834413357 0)
(-0.02849899363 -0.06114921693 -1.733721676e-24)
(-0.01016772026 -0.03656768526 1.772181034e-24)
(-0.0006879497753 -0.01023972071 9.380057376e-23)
(-0.0004296174078 0.02482306748 0)
(-0.01065276046 0.05992497709 1.865160977e-22)
(-0.02629772469 0.08179135996 8.343444468e-23)
(-0.04508952863 0.09299385217 0)
(-0.06509720602 0.09574920179 1.432852142e-22)
(-0.08522500429 0.09164984568 0)
(-0.1046143158 0.0817084832 -1.260451097e-22)
(-0.122495207 0.06653499749 5.626337201e-24)
(-0.1380487892 0.04657994651 0)
(-0.1503362541 0.0223925093 0)
(-0.1582968051 -0.005134183602 -1.048918418e-24)
(-0.1607807903 -0.03453139903 -5.994617291e-25)
(-0.156691351 -0.06362245591 1.054286842e-22)
(-0.1452202729 -0.08941828424 -4.230079117e-23)
(-0.1261593443 -0.1082449198 -1.289237362e-24)
(-0.1003524413 -0.1161875235 3.329381006e-25)
(-0.07015881229 -0.110036931 -3.38197173e-25)
(-0.03967430301 -0.08877759183 0)
(-0.01461609808 -0.05515461052 2.482955663e-24)
(-0.000985573655 -0.01658897227 -8.198190328e-22)
(-0.0003795902997 0.03105666569 0)
(-0.0112142688 0.0743005482 -1.073337549e-22)
(-0.02782906099 0.1010884887 -5.809167607e-22)
(-0.047928255 0.114967956 -3.496080615e-22)
(-0.06953803876 0.118863386 0)
(-0.09159829383 0.1147917343 3.740948575e-22)
(-0.1133064173 0.1039371933 1.112509217e-22)
(-0.1339406875 0.08688541963 -4.849837387e-24)
(-0.1526907631 0.06393460445 4.82583445e-24)
(-0.1685561379 0.03542501647 0)
(-0.1802929246 0.002062415161 2.498974348e-23)
(-0.1864629094 -0.0347621527 3.793851554e-24)
(-0.1855174298 -0.07271337161 -8.185623707e-23)
(-0.1759993266 -0.1082668438 5.600179832e-23)
(-0.1569508391 -0.1366628339 -1.835852234e-22)
(-0.1285062113 -0.152228791 0)
(-0.09269230453 -0.1494229804 0)
(-0.05415302295 -0.1249430647 0)
(-0.02072586352 -0.08060135151 0)
(-0.001430146108 -0.02572717121 4.569251803e-22)
(-0.0003191092773 0.03751250005 0)
(-0.01139865815 0.08917506571 -3.28403342e-22)
(-0.02839436548 0.1210898296 8.385020283e-22)
(-0.04904720154 0.1378349215 3.3669619e-22)
(-0.07138692432 0.143115846 0)
(-0.09443346182 0.139427194 -3.509184151e-22)
(-0.1174946445 0.1281469184 -2.860742697e-23)
(-0.1399693836 0.1098240706 3.001531992e-22)
(-0.1611519656 0.08455434154 1.583256597e-22)
(-0.1801017104 0.05237557184 -3.619463197e-23)
(-0.1955586594 0.01366012136 1.551687718e-23)
(-0.2059196668 -0.03049850801 -7.089841726e-24)
(-0.209274425 -0.0778487671 2.947406337e-22)
(-0.2035433175 -0.1246112709 0)
(-0.1868298381 -0.1651162065 1.836738376e-22)
(-0.1581096817 -0.1917981634 4.021529591e-24)
(-0.1183622949 -0.196029578 -4.081512079e-24)
(-0.07200888458 -0.1706570442 9.953837764e-23)
(-0.02890393124 -0.1146612708 -3.808017753e-24)
(-0.002098951742 -0.03870074814 0)
(-0.000270245892 0.04398189842 0)
(-0.01125564983 0.1040330974 0)
(-0.0279814041 0.1410311481 -4.7184106e-22)
(-0.04825668657 0.1606094715 -1.764332472e-23)
(-0.07014727436 0.1673341538 1.883691712e-23)
(-0.0927976856 0.1642448759 -1.861449777e-23)
(-0.1156817013 0.1529607152 -2.106714362e-23)
(-0.1383966123 0.1340184201 -2.725992107e-22)
(-0.1604543645 0.1073064666 6.380942591e-23)
(-0.1811329729 0.07251165026 4.018604865e-23)
(-0.1993595545 0.02955730706 -4.058338556e-23)
(-0.2136130348 -0.02094951682 0)
(-0.2218810636 -0.07719973014 -6.08725141e-23)
(-0.2216478636 -0.1355992239 0)
(-0.2100815575 -0.1900605359 -3.303963929e-22)
(-0.1846605603 -0.231415484 4.485046494e-22)
(-0.1444820875 -0.2475479875 0)
(-0.09243881803 -0.2257079976 -9.573045551e-23)
(-0.03944407656 -0.1588716882 1.378403405e-22)
(-0.003113869056 -0.0568132431 -2.852663226e-22)
(-0.0002839830196 0.05033609341 0)
(-0.01100795646 0.1184170361 8.702343964e-22)
(-0.02686699535 0.1601015859 -2.305899069e-23)
(-0.04574347138 0.1821214594 8.682569677e-22)
(-0.06576274227 0.1900172187 -2.356629381e-23)
(-0.08625623263 0.1874606406 2.629208128e-23)
(-0.106928062 0.1763828717 -2.60520698e-23)
(-0.1276516113 0.1573705335 -1.52551844e-23)
(-0.1482646789 0.1301557748 -4.834007566e-22)
(-0.1684214591 0.09409686211 -8.169463445e-24)
(-0.1874587468 0.04862969723 8.863434396e-24)
(-0.2042427952 -0.006278985503 3.07943191e-22)
(-0.2170252143 -0.06960493265 -5.349424376e-22)
(-0.2232475021 -0.1384828374 0)
(-0.2194566808 -0.2072104582 8.046176833e-22)
(-0.2016194918 -0.2658833152 -4.226702304e-22)
(-0.1662966211 -0.2992592724 -1.344435826e-23)
(-0.1132206684 -0.2877038368 0)
(-0.05229384623 -0.2139001927 -1.340459504e-22)
(-0.004663717175 -0.08157398387 2.811393765e-22)
(-0.0004652963733 0.05666458797 1.471267908e-23)
(-0.01115416676 0.1320948786 -8.305699245e-22)
(-0.02575590055 0.1775802312 -1.103225204e-21)
(-0.04223898252 0.2011247655 -8.149840975e-22)
(-0.05882665282 0.2094425644 0)
(-0.07515632043 0.2069444497 3.289432985e-23)
(-0.09125682353 0.195950616 -6.816613819e-23)
(-0.1073573759 0.1771769048 5.471079982e-23)
(-0.1237050755 0.1502895796 2.794650392e-22)
(-0.1404414493 0.1144070397 -1.051291481e-23)
(-0.157480678 0.06853189319 0)
(-0.1743571041 0.01195342506 -3.346250812e-22)
(-0.1899618165 -0.05528001827 7.060957425e-22)
(-0.2022192068 -0.1315787338 8.367519096e-22)
(-0.2077085146 -0.2125758277 -4.867973028e-22)
(-0.2013890925 -0.2890482726 4.813374571e-22)
(-0.1772132585 -0.3440769169 8.848869911e-24)
(-0.1303073153 -0.3512278933 -8.990986892e-24)
(-0.06665460065 -0.2785497616 -1.300010257e-22)
(-0.007015190431 -0.1145237051 0)
(-0.001022491375 0.06349371091 -1.825084145e-23)
(-0.01261359587 0.145262728 -1.273745806e-21)
(-0.02590610387 0.1929619803 1.04357681e-21)
(-0.03910506238 0.2163858283 6.457566533e-22)
(-0.05063716599 0.2237766028 5.751914854e-22)
(-0.0606834932 0.2203950031 6.327358996e-22)
(-0.06975147653 0.2089926571 -4.20642101e-23)
(-0.07851626513 0.1904657158 -3.281738738e-22)
(-0.08768270828 0.1645013525 2.040645668e-22)
(-0.09791513353 0.1300972895 0)
(-0.1097608739 0.08595722622 0)
(-0.1235284007 0.0308036615 2.545183716e-22)
(-0.1390415244 -0.03626800063 8.540189841e-23)
(-0.155238741 -0.1152326358 -2.588513325e-22)
(-0.1695511792 -0.2038681325 -5.171613588e-23)
(-0.177000385 -0.2953282409 1.365286253e-22)
(-0.169799425 -0.3735674405 -3.146637346e-22)
(-0.1378631547 -0.4076621901 -3.674039934e-23)
(-0.08044314585 -0.348569064 1.298233518e-22)
(-0.01047922912 -0.1568820067 -6.335214389e-22)
(-0.002375380837 0.07216731574 0)
(-0.01693321686 0.1588068979 2.065532946e-21)
(-0.02916276062 0.2060640039 0)
(-0.03816598636 0.2267283206 -1.302400728e-21)
(-0.04284885948 0.2311465476 6.518403337e-23)
(-0.04437011987 0.2254906311 -5.896759251e-22)
(-0.04394642492 0.2128843771 -4.551855294e-22)
(-0.04279826373 0.1943652403 7.902228008e-22)
(-0.04209779038 0.1696664403 -1.786841666e-22)
(-0.04298548258 0.1377547937 0)
(-0.04656961577 0.09719804408 0)
(-0.05387859649 0.04637828155 2.591171689e-23)
(-0.06572412031 -0.01632022209 -5.785246342e-22)
(-0.08234942283 -0.09226627782 -4.15285382e-22)
(-0.1028116377 -0.1816789366 4.537989033e-22)
(-0.1235827122 -0.2815189022 -6.208809084e-22)
(-0.1370824983 -0.3798209516 7.939097613e-23)
(-0.1287565822 -0.4460966891 5.113748551e-23)
(-0.08975865189 -0.4156610246 5.75321497e-22)
(-0.01529864302 -0.2088609439 6.323275772e-22)
(-0.005280660039 0.08531270391 0)
(-0.02642530457 0.1741349604 1.493011419e-22)
(-0.03752915617 0.2164978109 -4.777023087e-23)
(-0.04072722686 0.2304568253 7.394842888e-22)
(-0.03603060293 0.2291864678 -6.758692438e-22)
(-0.02628626085 0.2196055215 4.573599305e-23)
(-0.01370453683 0.2049349682 -1.008926078e-22)
(-0.0001291317459 0.1861545092 -3.236963515e-22)
(0.01283862976 0.162957706 1.986942887e-22)
(0.02369457824 0.1343100078 0)
(0.03092892575 0.09876723632 0)
(0.03297426822 0.05462440829 -2.810283679e-22)
(0.02818635104 -2.890714455e-05 0)
(0.01508414787 -0.06739499342 -5.427658641e-22)
(-0.007377258433 -0.1496674342 -9.938767467e-24)
(-0.03828899096 -0.2480072468 2.507250046e-23)
(-0.07310120678 -0.3574590762 2.074844948e-22)
(-0.09487824173 -0.4548869743 5.210842797e-24)
(-0.08829452361 -0.4669967127 -5.891996255e-22)
(-0.02112665 -0.2680806521 0)
(-0.01116996501 0.108536849 0)
(-0.04345002452 0.193540859 -8.625826836e-22)
(-0.0503277249 0.223378644 -5.323759353e-22)
(-0.04316056753 0.2248901968 4.47167399e-22)
(-0.0242807728 0.2146170812 -1.824397966e-24)
(0.0008498552357 0.1994952097 -4.451093675e-23)
(0.02888488813 0.1821783305 5.510870851e-22)
(0.05744562165 0.1631705534 -2.671680024e-23)
(0.08469050056 0.141914879 -1.992083699e-22)
(0.1089583309 0.1173220973 3.044571798e-23)
(0.1285493342 0.08800787495 -3.333159283e-23)
(0.1416047573 0.05238765281 -3.615854415e-23)
(0.1459080019 0.008665203643 3.152523873e-22)
(0.1390984446 -0.04553030617 6.029185907e-22)
(0.1184668624 -0.1132063758 -5.045199777e-22)
(0.08207390876 -0.1987548596 -1.6300834e-22)
(0.0285824218 -0.3054473761 1.498875838e-22)
(-0.02599924904 -0.422678259 7.272713945e-23)
(-0.06607993604 -0.485669028 1.907061493e-21)
(-0.02524110519 -0.3279995278 2.947574465e-21)
(-0.02001226151 0.1463952929 -4.33598833e-23)
(-0.06460444175 0.2111011879 4.36283194e-23)
(-0.05211118897 0.2166679012 9.881265467e-22)
(-0.02200436538 0.1996654593 -5.199344336e-24)
(0.02014707176 0.1787359552 0)
(0.06631563642 0.1585585928 4.267567821e-23)
(0.1128630085 0.1398935181 -2.212130392e-22)
(0.1576276682 0.122182648 -8.761615377e-23)
(0.1991100495 0.1044102796 3.564938133e-23)
(0.235944685 0.08540192383 -1.648061012e-23)
(0.266609673 0.06391518831 3.337103018e-23)
(0.2893028112 0.03864973199 -6.453771073e-23)
(0.3014961143 0.008115113399 -9.118684401e-23)
(0.3005713499 -0.02931561094 1.504850213e-22)
(0.282794528 -0.07653704878 0)
(0.2441628006 -0.1389747687 1.524312811e-22)
(0.1788201862 -0.226039405 2.536779346e-22)
(0.094391105 -0.3439486777 0)
(-0.007586629142 -0.4546913364 -3.663381061e-21)
(-0.01936257427 -0.3772636535 -2.885336068e-21)
(-0.02582056612 0.2280212033 -9.484312042e-22)
(-0.03982326022 0.224059181 -1.379413883e-22)
(0.0363941418 0.1808601634 -2.306666872e-22)
(0.1081693298 0.1444617218 -1.174472021e-22)
(0.1798944162 0.1163174169 -4.272073579e-23)
(0.246177053 0.09527957032 9.634841025e-23)
(0.3062986034 0.07914942474 -1.376639554e-22)
(0.3602134491 0.0659643365 1.260341192e-22)
(0.4078502098 0.05424100363 -8.350660903e-23)
(0.4488087871 0.04282589718 1.141363425e-25)
(0.4822324791 0.03075926776 1.491586646e-23)
(0.5066949143 0.01719000045 7.829019006e-23)
(0.5202838149 0.001270379948 -1.78447893e-22)
(0.5205572725 -0.0179097498 -1.604429611e-22)
(0.5032924581 -0.04227027144 -4.257149039e-23)
(0.4644956445 -0.07594954875 0)
(0.394301037 -0.1284511732 -1.81349217e-22)
(0.2909133233 -0.2208257442 8.110987233e-22)
(0.1193100731 -0.3524713881 1.625908233e-21)
(0.026596297 -0.3774868476 2.169690099e-21)
(0.2143924454 0.1348459651 9.832012759e-22)
(0.277953805 0.09883604027 0)
(0.4320230138 0.05816694478 -2.580253727e-22)
(0.5306314191 0.03844232864 -1.735270245e-22)
(0.6014309982 0.02615298259 0)
(0.656329501 0.01821360097 -5.928817954e-23)
(0.7002247501 0.01304237874 6.229647201e-23)
(0.7359168816 0.009488661901 -1.741844702e-23)
(0.7650352021 0.006806123156 2.793374874e-23)
(0.7882929236 0.004523316729 2.242328342e-23)
(0.8057072064 0.002326053091 0)
(0.8168233479 -1.635868072e-05 -2.808904007e-23)
(0.820606472 -0.002588463633 0)
(0.8156127245 -0.005605602057 2.709422475e-23)
(0.7988515346 -0.009544464304 1.444924361e-23)
(0.767951812 -0.01498263822 -5.755950073e-23)
(0.7107133317 -0.02504592594 -2.515319126e-22)
(0.623569605 -0.04208068864 -6.88843618e-22)
(0.4230079003 -0.09186611351 0)
(0.2705580526 -0.1524196232 -2.116590336e-21)
)


// ************************************************************************* //
