/*--------------------------------*- C++ -*----------------------------------*\
  =========                 |
  \\      /  F ield         | OpenFOAM: The Open Source CFD Toolbox
   \\    /   O peration     | Website:  https://openfoam.org
    \\  /    A nd           | Version:  13
     \\/     M anipulation  |
\*---------------------------------------------------------------------------*/
FoamFile
{
    format      ascii;
    class       scalarField;
    location    "11.53";
    object      p_all;
}
// * * * * * * * * * * * * * * * * * * * * * * * * * * * * * * * * * * * * * //


400
(
8.957641679e-07
-0.0005341228892
-0.0008654110723
-0.0009832896028
-0.0008965400667
-0.0006373071964
-0.0002428102704
0.0002513358629
0.0008090601526
0.00139046946
0.001950542664
0.002437264892
0.002795902627
0.002973817683
0.002929498888
0.002644348258
0.002137296252
0.001464525543
0.0008170797275
0.0002289455785
0.0005766922316
8.127317539e-06
-0.0003447199381
-0.0004772914425
-0.0004375627164
-0.0002520301109
4.999084737e-05
0.0004392822586
0.0008845991788
0.00134907561
0.001793564374
0.002167375572
0.00242068453
0.00250653666
0.002391000135
0.002064629596
0.001552809507
0.000919018791
0.0003323879683
-0.0003235497915
0.0009301239977
0.0002998446702
-8.973731612e-05
-0.0002259868487
-0.0002096539008
-7.068475696e-05
0.0001667143659
0.0004809871922
0.00084834216
0.001237882373
0.001614687827
0.001928661002
0.002129498779
0.002168841435
0.002011557779
0.001647227799
0.001098625436
0.0004208661138
-0.0002666673574
-0.001093499687
0.0009473099624
0.0002447141466
-0.0001927111497
-0.0003341513782
-0.0003316104168
-0.0002217192157
-2.558409579e-05
0.0002435207966
0.0005714061297
0.0009368174062
0.001301449826
0.001620370881
0.001834228093
0.001883257466
0.001718894156
0.001317454629
0.0006898649155
-0.000118287842
-0.001020004452
-0.002154599972
0.0004547330822
-0.0002948654993
-0.0007602689818
-0.0009000317538
-0.0009069715092
-0.0008222912484
-0.0006618774577
-0.0004274453444
-0.0001198421069
0.0002507517005
0.0006542488546
0.001042596834
0.001345670356
0.001483691742
0.001381117527
0.0009850899579
0.000281256353
-0.0006990628789
-0.001892399134
-0.003400867498
-0.0006958211119
-0.001461692724
-0.001937138394
-0.002074708218
-0.002100121728
-0.002055850842
-0.001948554563
-0.001763085203
-0.00148011804
-0.001090691557
-0.0006107574602
-8.457627366e-05
0.0004063529151
0.0007539094027
0.0008379780694
0.0005519140048
-0.0001690579917
-0.001323165449
-0.002874622032
-0.004857416556
-0.002639469545
-0.003388748992
-0.003867181488
-0.004016791485
-0.004092157848
-0.004133843528
-0.004134522014
-0.004055209176
-0.003846381813
-0.003466618966
-0.002902818683
-0.002180620225
-0.001385014804
-0.0006560370415
-0.0001789474338
-0.0001515224922
-0.0007342752552
-0.00199293897
-0.003944742797
-0.006512461933
-0.00548517901
-0.006191393254
-0.006676475726
-0.006871453363
-0.007056679322
-0.00726878977
-0.007482465659
-0.007627483074
-0.007611592427
-0.007342056776
-0.006751791796
-0.005816761446
-0.004604872236
-0.00327767134
-0.002101824223
-0.001415421692
-0.00154963272
-0.002715716044
-0.005050942633
-0.008315440217
-0.00930449542
-0.009946765407
-0.01045066686
-0.01073997185
-0.01111981941
-0.01162389712
-0.01220767726
-0.01276417586
-0.01314582694
-0.01318521709
-0.01272155336
-0.01165525294
-0.009972590846
-0.007824849113
-0.005556336499
-0.003694008217
-0.002846105706
-0.00350728827
-0.006079500111
-0.01011725257
-0.0141166233
-0.01467686177
-0.01521138939
-0.01564367274
-0.01630835935
-0.01724233352
-0.01838562457
-0.01959364481
-0.02065458252
-0.02130609017
-0.02126315862
-0.0202723137
-0.01818757191
-0.0150703761
-0.01129337551
-0.007588267131
-0.004956790696
-0.004384971241
-0.006807824954
-0.01158512835
-0.01988240934
-0.02033969695
-0.02089882041
-0.02149107226
-0.0224972077
-0.02397067299
-0.02584592036
-0.02794614497
-0.02999391681
-0.03161924328
-0.03238158373
-0.03182240323
-0.02958445975
-0.02552332376
-0.01992937642
-0.01367721505
-0.008230988145
-0.005315325905
-0.006827858875
-0.01206675074
-0.02651832117
-0.02683730586
-0.02736982715
-0.02806058235
-0.02937508488
-0.03140560968
-0.03409615136
-0.03724768475
-0.04052280447
-0.04344333119
-0.04540037851
-0.04569441245
-0.04370263289
-0.03894738248
-0.03147316442
-0.02212591233
-0.01277027634
-0.006054284703
-0.00541538251
-0.01038152045
-0.03394373889
-0.03404663434
-0.03441579544
-0.03500567733
-0.03644399929
-0.03889354417
-0.04232433015
-0.04652364667
-0.05110046185
-0.05547549043
-0.05888112895
-0.06040281038
-0.05903098334
-0.05396237229
-0.04481349558
-0.03214301951
-0.0179688129
-0.005827379628
-0.001305302756
-0.004533636917
-0.04218558082
-0.04188056105
-0.04180334608
-0.04188801473
-0.04306500008
-0.0456049504
-0.04951342612
-0.05456109549
-0.06029831394
-0.06604840781
-0.07089323532
-0.07369703893
-0.0731713648
-0.06808034138
-0.05754602853
-0.0415984605
-0.02203402345
-0.002902009258
0.007654619252
0.008607709845
-0.05157742398
-0.05035877472
-0.04929366504
-0.04819318598
-0.04851253286
-0.0506515392
-0.05463509627
-0.06019059386
-0.06677999516
-0.07361485385
-0.07962453487
-0.08346830556
-0.08359889805
-0.07838927522
-0.06647310984
-0.04721255566
-0.02186004623
0.005737979088
0.02492163113
0.03369345228
-0.06324292124
-0.05981141966
-0.05675094809
-0.05343280905
-0.05211839156
-0.05328532656
-0.05690355524
-0.06260943374
-0.0696868575
-0.07721193387
-0.08393133774
-0.08829103089
-0.08850789369
-0.08254124737
-0.06864509488
-0.04547805222
-0.01365527406
0.02450553908
0.05561629748
0.07741011334
-0.07982479916
-0.07075220297
-0.06384376906
-0.05691766555
-0.05317755362
-0.05291422841
-0.05588751556
-0.06147025032
-0.06876359674
-0.07660656503
-0.08353126302
-0.08774052312
-0.08715974399
-0.07946651518
-0.06239958356
-0.03405387178
0.005465591859
0.05860966828
0.1057848487
0.1480210363
-0.11022337
-0.08561181816
-0.07142152153
-0.05882254845
-0.05176475269
-0.04967878326
-0.05181909386
-0.05714397715
-0.06443531095
-0.07226364587
-0.07892179182
-0.08236744276
-0.08029223843
-0.06976416722
-0.04822080211
-0.01279884423
0.03810379672
0.1070087339
0.1778522692
0.2563444555
-0.168226586
-0.09973194853
-0.07490125962
-0.05473138237
-0.04454481498
-0.04145405494
-0.04350216067
-0.04907903808
-0.05664857851
-0.06457352256
-0.07098059678
-0.07365653859
-0.06989225093
-0.05690431267
-0.03103014097
0.01183905176
0.07545152719
0.1662403696
0.2759937935
0.4375458596
-0.3982227665
-0.1379398762
-0.07488445651
-0.04705067291
-0.03350839982
-0.02993579149
-0.03262549487
-0.0390012415
-0.04722591754
-0.05557168889
-0.0621404655
-0.06471923976
-0.06076684077
-0.04684718012
-0.01873689461
0.02986957633
0.1068306638
0.2332777546
0.4197242138
0.7798731042
)


// ************************************************************************* //
