/*--------------------------------*- C++ -*----------------------------------*\
  =========                 |
  \\      /  F ield         | OpenFOAM: The Open Source CFD Toolbox
   \\    /   O peration     | Website:  https://openfoam.org
    \\  /    A nd           | Version:  13
     \\/     M anipulation  |
\*---------------------------------------------------------------------------*/
FoamFile
{
    format      ascii;
    class       scalarField;
    location    "35.71";
    object      p_all;
}
// * * * * * * * * * * * * * * * * * * * * * * * * * * * * * * * * * * * * * //


400
(
1.555532718e-07
-0.0005473288101
-0.0008893822233
-0.001016872984
-0.0009380119388
-0.0006851562412
-0.0002958754295
0.000193844242
0.0007474804062
0.001324545089
0.001879391665
0.002359156756
0.002708446538
0.002874172779
0.002814810968
0.002512371529
0.001987322926
0.001296798648
0.0006378769539
4.19796077e-05
0.0005883293413
7.030812155e-06
-0.0003567143624
-0.0004990504337
-0.0004683960242
-0.0002913229324
2.778479878e-06
0.0003846138141
0.000822776603
0.001280007687
0.0017164664
0.002080995766
0.002323219546
0.00239576815
0.002264772352
0.001921464437
0.001392597102
0.0007432265627
0.0001455846047
-0.0005170963784
0.0009525844272
0.0003081796603
-9.307884313e-05
-0.0002394212083
-0.0002333098823
-0.0001048127068
0.00012202924
0.0004259197086
0.0007831203689
0.001161624811
0.001529637883
0.001833032496
0.002021880324
0.002047456267
0.001874622156
0.001493561985
0.0009282598687
0.000235279395
-0.0004631842672
-0.001300152849
0.0009762889381
0.0002581227821
-0.000192124089
-0.0003444229305
-0.0003536932673
-0.0002567219314
-7.413996959e-05
0.0001814612135
0.0004965359393
0.0008508440409
0.001203189501
0.001510656615
0.001712447662
0.001748032683
0.001568543459
0.001150593451
0.0005060061059
-0.0003184778655
-0.001233804862
-0.002384601407
0.0004806283961
-0.0002848645191
-0.0007637680116
-0.0009154669097
-0.000936491945
-0.00086807162
-0.0007251741957
-0.0005082473753
-0.0002170041732
0.00013930758
0.0005302517626
0.000907552884
0.001199985594
0.001326665403
0.001211180086
0.000800334426
8.008084184e-05
-0.0009175169161
-0.002127497581
-0.003655995755
-0.0006862109662
-0.001467003717
-0.001956057165
-0.002107111784
-0.002149888527
-0.002126537432
-0.00204215863
-0.001879541409
-0.001617430938
-0.001245397678
-0.0007789794538
-0.0002627173257
0.0002207640553
0.0005616325992
0.0006379766661
0.0003416644858
-0.0003928991474
-0.001563937174
-0.003134720109
-0.005141957104
-0.002661678164
-0.00342339057
-0.003915260888
-0.004080643638
-0.004178013021
-0.004247065389
-0.004278083318
-0.004229029517
-0.00404742814
-0.003689476327
-0.003140621967
-0.002426621013
-0.001633374515
-0.0009033050115
-0.0004246979313
-0.0003985670979
-0.0009881182312
-0.002260460145
-0.004232619768
-0.006828198831
-0.005554882711
-0.006269803103
-0.006768089447
-0.006982038428
-0.007195430381
-0.007443329917
-0.007697037107
-0.00788210413
-0.007902071847
-0.007660514557
-0.00708724753
-0.006159390284
-0.004943640779
-0.003604761361
-0.002413830943
-0.001714415245
-0.001843104524
-0.003014919909
-0.005368355193
-0.008662150131
-0.009435109124
-0.01008144213
-0.01059830807
-0.01091054707
-0.01132595034
-0.01187583627
-0.01251121572
-0.01311959361
-0.0135477559
-0.01362332772
-0.01318245018
-0.01212109375
-0.01042799828
-0.008256530254
-0.005956303173
-0.004061881171
-0.003190147539
-0.003843049462
-0.006426445795
-0.01049163394
-0.01431687615
-0.01487586893
-0.01542285744
-0.01588209967
-0.01658993602
-0.01758006796
-0.01878693086
-0.02005906654
-0.02117755838
-0.02187361558
-0.0218573954
-0.0208722782
-0.01877193616
-0.01562010911
-0.01179508214
-0.008037344834
-0.005359903874
-0.004760163222
-0.007181184281
-0.01197926521
-0.02015438109
-0.02060461189
-0.02117480415
-0.02179680816
-0.02285216156
-0.02439041701
-0.02633928665
-0.02851367607
-0.03062762233
-0.03230356105
-0.03309532016
-0.03254076954
-0.03028254704
-0.02617874604
-0.02052494148
-0.0142039712
-0.008691580739
-0.005726651235
-0.007219297601
-0.01246644463
-0.02685640695
-0.0271621673
-0.02770260746
-0.02842302443
-0.02978922267
-0.03188915845
-0.03465894338
-0.03788970801
-0.04123399673
-0.04420512591
-0.04618820256
-0.04647885224
-0.04446315288
-0.03966010108
-0.0321210876
-0.02269881194
-0.0132666196
-0.006485980263
-0.005808672531
-0.01076526879
-0.03433476569
-0.03441817573
-0.03478951787
-0.03540460219
-0.03689191165
-0.03941006113
-0.04292010315
-0.0471977388
-0.05184013509
-0.05625845291
-0.0596798123
-0.06119097737
-0.05977960245
-0.05465584931
-0.04544112685
-0.03269976893
-0.01845314964
-0.006245957982
-0.001674002678
-0.004873638247
-0.04260990449
-0.04227947771
-0.04219570108
-0.04229602299
-0.04351376796
-0.04611646104
-0.05009967578
-0.0552204475
-0.0610151324
-0.06679624705
-0.07164019485
-0.074413097
-0.07383265849
-0.06867497892
-0.05807204248
-0.04206191597
-0.02244012613
-0.003257294582
0.007346998346
0.008341393028
-0.05201040721
-0.05076106409
-0.04967789159
-0.04857899291
-0.04892685814
-0.05112028523
-0.05517298126
-0.06079633139
-0.06743564185
-0.07429001219
-0.08028289305
-0.08407634875
-0.08413078318
-0.07883767098
-0.06684293487
-0.04752354416
-0.02212757303
0.005501690026
0.02471529187
0.03352733093
-0.06365600562
-0.06018930662
-0.05709745684
-0.05376451056
-0.05246565595
-0.05368032616
-0.0573651736
-0.06313837508
-0.07026284932
-0.07780131416
-0.08449300527
-0.08878621989
-0.08889854076
-0.08283981678
-0.06885090233
-0.04562092526
-0.01375160351
0.02441682961
0.055539583
0.07735582288
-0.08018656359
-0.07107512437
-0.06412138603
-0.05716569535
-0.05343185995
-0.0532159491
-0.05625971125
-0.06191474099
-0.06925989004
-0.07711788049
-0.08401314476
-0.08815260222
-0.08748103434
-0.07965675475
-0.06247960256
-0.03405051634
0.005564872269
0.05859405532
0.1058230939
0.1480678014
-0.1105079539
-0.08585526404
-0.0716072346
-0.05897227468
-0.05191468538
-0.04988444132
-0.05210426055
-0.05751042411
-0.06486125541
-0.07271014053
-0.07934155985
-0.08271485629
-0.08052058161
-0.06988748342
-0.04823254905
-0.01272258407
0.03823619366
0.107132163
0.1779787261
0.2564765646
-0.1684381356
-0.09990942945
-0.07500951977
-0.05479914953
-0.0446203012
-0.0415868452
-0.04371948917
-0.04938343141
-0.05701909755
-0.06497267232
-0.07136354136
-0.07398181299
-0.07013060809
-0.0570140855
-0.03102868653
0.01192935457
0.07559954439
0.1664043124
0.2761620912
0.4377043546
-0.3984294179
-0.1381005773
-0.07497168302
-0.04708969898
-0.03355077747
-0.0300315944
-0.0328038136
-0.03926663948
-0.04756043972
-0.05594099803
-0.06250201418
-0.06503108059
-0.06099631519
-0.04697010807
-0.01875689888
0.0299354825
0.1069557378
0.2334273265
0.4198802816
0.7800234634
)


// ************************************************************************* //
