/*--------------------------------*- C++ -*----------------------------------*\
  =========                 |
  \\      /  F ield         | OpenFOAM: The Open Source CFD Toolbox
   \\    /   O peration     | Website:  https://openfoam.org
    \\  /    A nd           | Version:  13
     \\/     M anipulation  |
\*---------------------------------------------------------------------------*/
FoamFile
{
    format      ascii;
    class       vectorField;
    location    "38.36";
    object      U_all;
}
// * * * * * * * * * * * * * * * * * * * * * * * * * * * * * * * * * * * * * //


400
(
(1.100050834e-05 -3.783557067e-05 0)
(-0.0006661009702 0.0004130420325 -1.550916501e-23)
(-0.002185375773 0.0009203933692 0)
(-0.00404783297 0.001312780591 0)
(-0.005971868428 0.001535065723 6.845122043e-25)
(-0.00776278352 0.001569848098 4.150493917e-24)
(-0.009284544981 0.001423563905 -7.371235728e-24)
(-0.0104359401 0.001119723377 7.532787496e-24)
(-0.01113681226 0.0006960824437 -2.095461126e-25)
(-0.01132710947 0.0002030774517 -3.994833413e-24)
(-0.01097177138 -0.0003002335837 5.803752172e-24)
(-0.01007232746 -0.0007475162164 -5.929670763e-23)
(-0.008679880022 -0.001075562408 -6.552831495e-23)
(-0.00690285297 -0.001233044084 -7.78454306e-23)
(-0.004910738153 -0.001192638334 4.573716791e-24)
(-0.002927232547 -0.0009619203991 -4.138032799e-24)
(-0.001205300741 -0.0005912117542 -1.998801599e-22)
(-1.907063769e-05 -0.0001698830518 0)
(0.0005181521093 0.0001720855901 1.509588428e-25)
(0.0002227504208 0.0003059794963 -2.552641302e-24)
(-0.0002633654592 0.0008289646008 1.38327969e-25)
(-0.002703307922 0.003383839516 1.560706998e-23)
(-0.006907277889 0.005604499241 1.554693946e-25)
(-0.01195231933 0.007008205461 -8.49472635e-25)
(-0.01713504267 0.007553774342 1.162051902e-24)
(-0.021975352 0.007294198999 1.306775499e-23)
(-0.02611075835 0.006321894489 1.389233994e-24)
(-0.02926564478 0.004754193689 -7.284487404e-24)
(-0.03122672719 0.002737151915 1.015365925e-23)
(-0.03184200638 0.0004524054359 4.510210966e-24)
(-0.03102761062 -0.001884145113 -6.319036385e-24)
(-0.02879316263 -0.004023029385 2.961499382e-24)
(-0.02527138088 -0.005708353583 3.895615572e-23)
(-0.02073194752 -0.006707408079 -1.954819523e-24)
(-0.01558962659 -0.006854138804 3.75459509e-24)
(-0.01038513553 -0.006097463612 -9.741430921e-23)
(-0.005730274663 -0.004546186529 9.637960726e-23)
(-0.002233369661 -0.002507419274 -3.961552993e-25)
(-0.0001817768552 -0.0005023722193 4.061463021e-25)
(8.343471171e-05 0.0006099267832 0)
(-0.0004188238562 0.002935077447 -2.910672092e-25)
(-0.004647875848 0.008804012543 1.702370852e-23)
(-0.01137196095 0.01324042134 -8.28039821e-24)
(-0.01932729039 0.01579203841 -2.074730701e-25)
(-0.02747411446 0.01652999751 2.038206616e-25)
(-0.03511778367 0.01564441397 6.850215834e-27)
(-0.04171344233 0.01335997389 -1.221732386e-24)
(-0.04683571114 0.009919769969 -4.551946053e-25)
(-0.05014988348 0.00560243304 -1.063191963e-23)
(-0.05141231343 0.0007444206661 0)
(-0.0504779268 -0.004241780248 0)
(-0.04733705681 -0.008887186657 2.671086584e-23)
(-0.04215927349 -0.01268176854 2.813081012e-23)
(-0.03531436998 -0.01513605012 -1.646217886e-24)
(-0.02738996047 -0.01586189335 4.846082861e-23)
(-0.01917005909 -0.01467333928 9.419721252e-23)
(-0.01156090935 -0.01169360164 3.976190709e-23)
(-0.005465414585 -0.007450741232 4.143147246e-25)
(-0.001451101347 -0.002936041904 1.073188938e-25)
(-9.072799445e-05 0.0002258782267 0)
(-0.0005024633202 0.006045348231 -4.24932333e-23)
(-0.006402739815 0.01637075186 -1.69259296e-23)
(-0.01553502354 0.02355933131 8.207231534e-24)
(-0.02627911851 0.02744162183 0)
(-0.03728746379 0.02832101779 0)
(-0.047690369 0.02658772167 0)
(-0.05679662277 0.02263120013 -4.472528869e-26)
(-0.06405383191 0.01683609056 -2.135769855e-24)
(-0.06901080659 0.009622182752 0)
(-0.07130827056 0.001491050354 1.635574755e-24)
(-0.07070852717 -0.006936502555 2.802877289e-25)
(-0.06713038628 -0.01493018661 -2.810725272e-25)
(-0.06069904854 -0.02166727955 0)
(-0.05180749882 -0.02631605531 4.133475316e-23)
(-0.04114991215 -0.02816070615 -4.681790187e-23)
(-0.02971970014 -0.02677371946 -2.76220733e-23)
(-0.01873716705 -0.02221530231 -3.961343028e-23)
(-0.009488030028 -0.01521921935 7.796025091e-25)
(-0.002976881542 -0.00729819272 9.7899338e-23)
(-0.0002318805215 -0.0008661667762 0)
(-0.0005316133205 0.01009501435 4.269986321e-23)
(-0.00798359225 0.02595219085 4.784732651e-25)
(-0.01939687265 0.03642882188 -4.675450857e-25)
(-0.03282382073 0.0418552004 0)
(-0.04664688452 0.04289484631 7.782330245e-25)
(-0.05985228956 0.04020073547 -7.674425373e-25)
(-0.07163290526 0.03434741294 3.672065028e-23)
(-0.08132750284 0.02585663828 1.847987735e-23)
(-0.08836600039 0.01527298234 6.238314607e-24)
(-0.0922546846 0.003246147661 -1.637480209e-24)
(-0.09260378692 -0.009407830175 0)
(-0.08917554432 -0.02167477673 4.370821629e-25)
(-0.0819597823 -0.03236744652 1.009080411e-23)
(-0.07126884537 -0.04021249734 -4.34951966e-23)
(-0.0578201811 -0.04402045962 1.93304544e-24)
(-0.04278582516 -0.04294829026 4.217777837e-23)
(-0.02775450144 -0.03683346639 -3.842606754e-25)
(-0.01455062317 -0.02652720741 0)
(-0.00485946308 -0.01408454334 5.436526724e-23)
(-0.0003641488125 -0.002846952636 -2.565037045e-22)
(-0.0005272211998 0.01499927506 9.841143466e-23)
(-0.009377924674 0.03739021707 -4.907403889e-25)
(-0.02288182514 0.0517022218 0)
(-0.03883043036 0.05894182201 0)
(-0.05538656071 0.06025573738 -8.731940495e-23)
(-0.07142875799 0.05661900318 -8.498912982e-23)
(-0.08606653159 0.04880168227 -4.067299266e-23)
(-0.09855084929 0.03743980189 -1.504254124e-23)
(-0.1081945199 0.02315983864 -5.368422141e-24)
(-0.1143444611 0.006709680558 -8.174740949e-24)
(-0.1164046086 -0.0109329181 6.600907882e-24)
(-0.1138937277 -0.02848944526 8.826373005e-24)
(-0.106548686 -0.04437045633 -1.892329536e-23)
(-0.09446802959 -0.05675333117 4.606116119e-24)
(-0.07826855999 -0.06378298058 0)
(-0.05922894783 -0.06393494897 -1.573137017e-23)
(-0.03933981514 -0.05653815862 -2.421233961e-26)
(-0.02114188646 -0.04235808825 0)
(-0.007318702517 -0.0239822926 -1.520601844e-22)
(-0.0005216166417 -0.005925544698 6.056185921e-22)
(-0.0004990821135 0.02064574215 -9.774099724e-23)
(-0.01052950892 0.05045437379 2.831945713e-22)
(-0.02582957193 0.06912510659 1.526840447e-22)
(-0.04402137819 0.07849256757 3.619216892e-24)
(-0.06310738435 0.08029475281 -7.319322737e-23)
(-0.08190404123 0.07588041922 9.043356846e-23)
(-0.09947762559 0.06621689935 -3.59015673e-24)
(-0.1150227256 0.05201694595 -1.72913714e-24)
(-0.1277519055 0.03392358337 2.524111622e-24)
(-0.1368472473 0.01270233353 7.382391968e-24)
(-0.141471039 -0.01058781879 -6.500665611e-24)
(-0.1408248047 -0.03446023695 -9.787763778e-24)
(-0.1342745837 -0.05692770881 -3.261736469e-23)
(-0.1215450119 -0.07553315322 -3.661262329e-23)
(-0.1029672554 -0.08754259678 5.645485254e-25)
(-0.07976369109 -0.0903920886 0)
(-0.05426681951 -0.0824451308 0)
(-0.0298716065 -0.06397736392 -2.905998345e-24)
(-0.01066285047 -0.03798794492 2.970446078e-24)
(-0.0007350935776 -0.0105008947 1.027873306e-22)
(-0.0004479163954 0.02687250688 0)
(-0.01134923118 0.06480756531 2.001981927e-22)
(-0.02801599436 0.0882961594 8.962086016e-23)
(-0.04799856893 0.1001234804 0)
(-0.06920601309 0.1027076415 1.569864758e-22)
(-0.09044372301 0.09781577414 0)
(-0.1107831577 0.08661102103 -1.428378164e-22)
(-0.1294093652 0.06983949772 6.515498979e-24)
(-0.1454771522 0.04808231989 0)
(-0.15803517 0.02201755742 0)
(-0.1660133341 -0.007334434597 -1.374398414e-24)
(-0.1682671441 -0.03838838927 -9.316688835e-25)
(-0.1637064581 -0.06883974835 1.491967053e-22)
(-0.151520865 -0.09558274602 -4.704631486e-23)
(-0.1315134455 -0.1148298539 -2.560934165e-24)
(-0.1045595994 -0.1225703298 1.534680483e-24)
(-0.07309349297 -0.115551787 -1.558888982e-24)
(-0.04135021131 -0.09283114874 0)
(-0.01525230131 -0.05740767272 3.203781808e-24)
(-0.001044308849 -0.01714714418 -1.01290622e-21)
(-0.0003744665024 0.03346304019 0)
(-0.01175005978 0.07998917579 -1.128276497e-22)
(-0.02920707729 0.1086390791 -6.191118078e-22)
(-0.05031744659 0.1232233825 -3.755292418e-22)
(-0.07296316888 0.1269096873 0)
(-0.09598959468 0.1219255498 4.119439246e-22)
(-0.1185273399 0.1096348532 1.260915986e-22)
(-0.1398146332 0.09078245134 -5.581802728e-24)
(-0.1590221463 0.06581392846 5.554175809e-24)
(-0.1751460919 0.03520881211 0)
(-0.1869559901 -0.00019674192 2.91211853e-23)
(-0.1930172564 -0.03889753457 4.695815252e-24)
(-0.1917809827 -0.07843887366 -1.076801963e-22)
(-0.1817874349 -0.1151865242 8.004150698e-23)
(-0.1620570352 -0.144259932 -2.419732601e-22)
(-0.1327061928 -0.1598548487 0)
(-0.09577887586 -0.156311276 0)
(-0.05601632683 -0.1302980987 0)
(-0.02147858968 -0.08381134541 0)
(-0.001500384324 -0.02665516153 5.57207808e-22)
(-0.0002873901218 0.04016077238 0)
(-0.01169359607 0.09543610291 -3.492997747e-22)
(-0.02924438192 0.1294073462 8.932766727e-22)
(-0.05060947057 0.1469298986 3.617165215e-22)
(-0.07370082265 0.1519748495 0)
(-0.0974515061 0.1472757805 -3.862538183e-22)
(-0.1211069776 0.1344191825 -3.174418905e-23)
(-0.1440324724 0.1141393234 3.333095212e-22)
(-0.1655143176 0.08670006209 1.76946948e-22)
(-0.1846248467 0.05229123545 -4.060140622e-23)
(-0.200132576 0.01141716681 1.65682088e-23)
(-0.2104622392 -0.03471423266 -8.265220907e-24)
(-0.2137208475 -0.08376562405 3.371849226e-22)
(-0.2078215441 -0.1318756204 0)
(-0.1908238474 -0.1732755979 2.420901621e-22)
(-0.1616335678 -0.2002593232 5.774729452e-24)
(-0.1211662639 -0.2040121557 -5.86084777e-24)
(-0.07384989438 -0.1772119832 1.54843011e-22)
(-0.02971786653 -0.1188642248 -5.435405317e-24)
(-0.002179544872 -0.04005398493 0)
(-0.0002117201707 0.04671639511 0)
(-0.01125001145 0.1105498002 0)
(-0.02815624496 0.1497354834 -5.02274025e-22)
(-0.04874479271 0.1701517416 -1.880992802e-23)
(-0.07100086507 0.1766256963 2.038374301e-23)
(-0.0939945128 0.1724526349 -2.014306848e-23)
(-0.1171434274 0.1594870858 -2.316878271e-23)
(-0.1400179478 0.1384804993 -3.02981454e-22)
(-0.1621328868 0.109516067 6.698618785e-23)
(-0.1827959019 0.07245186965 4.513164795e-23)
(-0.2009835544 0.02734929281 -4.577707906e-23)
(-0.2152270253 -0.02508696929 0)
(-0.22355622 -0.08298350199 -7.839642358e-23)
(-0.2234632179 -0.142725719 0)
(-0.2120679407 -0.1981820723 -3.739553024e-22)
(-0.1867434518 -0.240077353 5.244936484e-22)
(-0.1464438271 -0.2560773251 0)
(-0.09394567458 -0.2331209366 -1.493976755e-22)
(-0.04022000842 -0.1639613564 1.937531836e-22)
(-0.003201100043 -0.05861062802 -3.411511356e-22)
(-0.0002015412286 0.05297584622 0)
(-0.01067262004 0.1248172269 9.182851566e-22)
(-0.02628446874 0.1687424418 -2.440680019e-23)
(-0.04501108021 0.1916454958 9.193323774e-22)
(-0.06494597697 0.1992920875 -2.512082074e-23)
(-0.08536628723 0.195610416 2.838840294e-23)
(-0.1059305669 0.1827886718 -2.812926388e-23)
(-0.1264924212 0.1616583422 -1.660915574e-23)
(-0.1468996877 0.1321762256 -5.260221276e-22)
(-0.1668458193 0.09389646614 -8.906614961e-24)
(-0.1857303066 0.04640576675 9.660180938e-24)
(-0.2024781731 -0.01023784022 3.313073625e-22)
(-0.2154154657 -0.07499819323 -5.820731181e-22)
(-0.2220209752 -0.1450311715 0)
(-0.2188032128 -0.2146760478 8.887306256e-22)
(-0.2016257534 -0.2740016272 -4.940870192e-22)
(-0.1668639188 -0.3075811804 -1.572217579e-23)
(-0.1140220082 -0.295381177 0)
(-0.05288481916 -0.2195802473 -1.890165844e-22)
(-0.004749187987 -0.08377277538 3.360569448e-22)
(-0.0003641988851 0.05902317342 1.551007581e-23)
(-0.01049574132 0.1379881392 -8.764180009e-22)
(-0.02441389879 0.1856803951 -1.157057487e-21)
(-0.04026724877 0.2101384584 -8.628973598e-22)
(-0.0563073013 0.2182348748 0)
(-0.07214857134 0.2146190127 3.513801702e-23)
(-0.08779222271 0.2018791844 -7.294859409e-23)
(-0.1034562864 0.1810005537 5.867879146e-23)
(-0.1193983954 0.1518997209 3.021363261e-22)
(-0.1357931636 0.1139150574 -1.12819467e-23)
(-0.1526082417 0.06621425339 0)
(-0.1694521475 0.008177210085 -3.603925239e-22)
(-0.1852760697 -0.06015986813 7.515660286e-22)
(-0.1980448608 -0.1372746907 8.83169532e-22)
(-0.204354634 -0.2189261771 -5.296618621e-22)
(-0.1990977667 -0.2959712785 5.162681321e-22)
(-0.1760605361 -0.3514072454 1.078227394e-23)
(-0.1300890641 -0.3584150652 -1.095542345e-23)
(-0.06688803283 -0.2843276404 -8.215513107e-23)
(-0.007083319831 -0.1169964371 0)
(-0.0009095779896 0.06540041215 -1.911484069e-23)
(-0.01167591951 0.1502816317 -1.326963873e-21)
(-0.02388882515 0.2000659427 1.094235973e-21)
(-0.03601341057 0.2244216819 6.734921808e-22)
(-0.0465730954 0.2316588101 6.014624541e-22)
(-0.05577039434 0.2272393573 6.643949566e-22)
(-0.06411246793 0.2141774783 -4.458673853e-23)
(-0.07227562782 0.1936494324 -3.461334478e-22)
(-0.08096974161 0.1656028296 2.152160954e-22)
(-0.09087193587 0.1292707367 0)
(-0.1025547583 0.08353082876 0)
(-0.1163622289 0.02720011341 2.655395088e-22)
(-0.1321589689 -0.0406200525 8.194330389e-23)
(-0.148925244 -0.1200128222 -2.821619426e-22)
(-0.1641284388 -0.2089300597 -5.411266561e-23)
(-0.1727877705 -0.3006992406 1.301951836e-22)
(-0.1670311363 -0.3793328993 -3.400495667e-22)
(-0.1365292469 -0.4136451857 -1.593937574e-23)
(-0.0801825021 -0.3538326103 8.204285518e-23)
(-0.01050762292 -0.1594130521 -6.03217998e-22)
(-0.002260498793 0.07348883285 0)
(-0.01580355917 0.1626521699 2.145871978e-21)
(-0.02665043107 0.211790463 0)
(-0.03422340407 0.233394715 -1.351806245e-21)
(-0.0375939955 0.2377766707 6.184044567e-23)
(-0.03799686518 0.231255342 -6.193087672e-22)
(-0.03668267329 0.2171898932 -4.756279367e-22)
(-0.03489037875 0.1968934447 8.301247913e-22)
(-0.03378839507 0.1703342372 -1.885696745e-22)
(-0.03449878052 0.1367221095 0)
(-0.03811574316 0.0947967406 0)
(-0.04564994 0.04304287192 2.410617321e-23)
(-0.05790805816 -0.02013780525 -6.007194182e-22)
(-0.07514599971 -0.09620649479 -4.309563509e-22)
(-0.09645176272 -0.1855556099 4.637858717e-22)
(-0.1183462724 -0.2853567698 -6.488726437e-22)
(-0.1332715462 -0.3838386456 9.119937569e-23)
(-0.1265351036 -0.4504358631 2.937428413e-23)
(-0.0889915425 -0.4198536293 5.660453799e-22)
(-0.01526917941 -0.2111719686 6.020812684e-22)
(-0.00518089984 0.08598045818 0)
(-0.02525550969 0.1766291141 1.465579968e-22)
(-0.03483408537 0.2205961473 -4.917138419e-23)
(-0.0364001474 0.2354859252 7.642920636e-22)
(-0.03018484222 0.2343406655 -7.005368675e-22)
(-0.01916580863 0.2241603797 4.746475021e-23)
(-0.005615166179 0.2083525781 -1.018608405e-22)
(0.008569590893 0.1881241052 -3.389885597e-22)
(0.02179884444 0.1633911263 2.06282108e-22)
(0.03262779764 0.1333242752 0)
(0.03958456912 0.09664086594 0)
(0.04117011704 0.05174056987 -2.902665849e-22)
(0.03578482372 -0.003255391842 0)
(0.02198183354 -0.07058360244 -5.512183285e-22)
(-0.001264857849 -0.1525735451 -1.492375469e-23)
(-0.03310470876 -0.2505949796 2.559735413e-23)
(-0.06909236614 -0.3599341466 2.203133439e-22)
(-0.09227827525 -0.4575424477 4.788147648e-24)
(-0.08718090134 -0.4698129359 -5.789422888e-22)
(-0.02103127171 -0.269897226 0)
(-0.01111631568 0.1085974968 0)
(-0.04248902074 0.1947151647 -8.848470849e-22)
(-0.0479552941 0.2258195457 -5.411034578e-22)
(-0.03919536735 0.2282135487 4.543811207e-22)
(-0.01877831395 0.2182328062 -1.709982703e-24)
(0.007664300177 0.2028220289 -4.561043316e-23)
(0.03667991832 0.184761972 5.696675068e-22)
(0.06582996916 0.1647118187 -2.766887823e-23)
(0.09327129204 0.1423128174 -2.069779974e-22)
(0.1173891443 0.1166274957 3.142211017e-23)
(0.1365461532 0.08641144234 -3.425914686e-23)
(0.1489669124 0.05017669477 -3.690591732e-23)
(0.1525275651 0.006159171827 3.205631359e-22)
(0.1449366917 -0.04796126554 6.119601959e-22)
(0.1235159691 -0.1153052867 -5.10116724e-22)
(0.08633532601 -0.2004195615 -1.616054107e-22)
(0.03199088561 -0.3067806564 1.531312263e-22)
(-0.02362123677 -0.4239837117 7.293658911e-23)
(-0.06492413266 -0.4871612758 1.913292562e-21)
(-0.02509971732 -0.3291544719 2.95499254e-21)
(-0.0200468047 0.1460727401 -4.390205276e-23)
(-0.06416406349 0.2112955845 4.417378021e-23)
(-0.05070230851 0.217730045 1.000187744e-21)
(-0.01934097852 0.2014679945 -8.270474426e-24)
(0.02414464173 0.1809076135 0)
(0.07154121046 0.1606933306 4.363716414e-23)
(0.1190703284 0.1416495461 -2.273849071e-22)
(0.1644767197 0.1233181803 -9.027946442e-23)
(0.2062251018 0.1048117291 3.680730642e-23)
(0.2429642885 0.08507140205 -1.701653779e-23)
(0.2732207451 0.06296147908 3.429967991e-23)
(0.2952535994 0.03726294123 -6.592676219e-23)
(0.3066970959 0.006535071424 -9.303901502e-23)
(0.3049738226 -0.03087769737 1.517042661e-22)
(0.2863936178 -0.07786290711 0)
(0.2470568027 -0.1399300351 1.505606596e-22)
(0.1810922189 -0.2266299743 2.560014525e-22)
(0.09604449892 -0.3443894936 0)
(-0.006697617701 -0.4552210206 -3.675636392e-21)
(-0.01922408232 -0.3777537577 -2.892621978e-21)
(-0.02591951314 0.2276828799 -9.514202782e-22)
(-0.03998324626 0.2238216525 -1.388975818e-22)
(0.03656136858 0.1810585349 -2.33557974e-22)
(0.1090503035 0.1451059076 -1.193740745e-22)
(0.1817191165 0.1172445477 -4.295821818e-23)
(0.2490090684 0.0962790745 9.783167087e-23)
(0.3100336635 0.08002510273 -1.408590231e-22)
(0.3646209251 0.06656815258 1.29717379e-22)
(0.4126252405 0.05449178889 -8.620111804e-23)
(0.453625021 0.04270894992 1.132190971e-25)
(0.4867878639 0.03032298535 1.527740528e-23)
(0.510745129 0.01652902002 7.997198958e-23)
(0.5236597394 0.0005365157836 -1.811122432e-22)
(0.5231797965 -0.01863373117 -1.617144816e-22)
(0.5052323384 -0.0428647885 -4.26294406e-23)
(0.4658715055 -0.07633231116 0)
(0.3952696478 -0.1286089381 -1.846480273e-22)
(0.2916071033 -0.2208468097 8.148766366e-22)
(0.1197455096 -0.3525016902 1.631602067e-21)
(0.02670547235 -0.3775497977 2.172656153e-21)
(0.2142894471 0.1347447206 9.864987552e-22)
(0.2776311193 0.09870503546 0)
(0.43165923 0.05810414832 -2.594319419e-22)
(0.5304749354 0.03846264946 -1.741665084e-22)
(0.6016965751 0.02623419103 0)
(0.6571198949 0.01831923461 -6.009082982e-23)
(0.7015213582 0.01313600837 6.377992095e-23)
(0.7376042472 0.009542126332 -1.800154091e-23)
(0.7669368383 0.006804463697 2.885970531e-23)
(0.7902106651 0.004464744069 2.3150307e-23)
(0.8074554979 0.002221320067 0)
(0.8182621329 -0.0001500747493 -2.873030495e-23)
(0.8216499696 -0.002723848066 0)
(0.8162394185 -0.005712668486 2.738145962e-23)
(0.7991333142 -0.009611382725 1.421686948e-23)
(0.7679986343 -0.01500255102 -5.79940882e-23)
(0.7106555755 -0.02502519957 -2.535662633e-22)
(0.623518398 -0.04204285412 -6.918104059e-22)
(0.423009102 -0.09182968086 0)
(0.2705674689 -0.1524021841 -2.119484012e-21)
)


// ************************************************************************* //
