/*--------------------------------*- C++ -*----------------------------------*\
  =========                 |
  \\      /  F ield         | OpenFOAM: The Open Source CFD Toolbox
   \\    /   O peration     | Website:  https://openfoam.org
    \\  /    A nd           | Version:  13
     \\/     M anipulation  |
\*---------------------------------------------------------------------------*/
FoamFile
{
    format      ascii;
    class       vectorField;
    location    "16.9";
    object      U_all;
}
// * * * * * * * * * * * * * * * * * * * * * * * * * * * * * * * * * * * * * //


400
(
(1.075892943e-05 -3.753613053e-05 0)
(-0.0006656943948 0.0004126980188 -1.53775349e-23)
(-0.002182698507 0.0009191810091 0)
(-0.004042275048 0.001310876788 0)
(-0.00596331933 0.001532770684 6.786202627e-25)
(-0.007751551752 0.001567494437 4.15197072e-24)
(-0.009271229186 0.001421466703 -7.166302389e-24)
(-0.01042133865 0.001118141268 7.753044713e-24)
(-0.01112185216 0.0006951851707 -2.114395074e-25)
(-0.01131275925 0.0002029146572 -4.024421068e-24)
(-0.01095897754 -0.0002997192816 5.837559774e-24)
(-0.01006191293 -0.0007465129936 -5.958481367e-23)
(-0.008672413124 -0.001074339402 -6.585159603e-23)
(-0.006898566374 -0.0012319126 -7.820221517e-23)
(-0.004909459894 -0.001191887306 4.598295094e-24)
(-0.002928366312 -0.0009617491284 -4.165990627e-24)
(-0.001207927672 -0.0005916621896 -2.019210897e-22)
(-2.192495132e-05 -0.0001707877359 0)
(0.0005161071339 0.0001709835357 1.608080901e-25)
(0.0002222268701 0.0003052525676 -3.846841697e-24)
(-0.0002630057095 0.0008282023604 1.387825856e-25)
(-0.002699101476 0.003378900601 1.547249394e-23)
(-0.006895933587 0.005595560357 1.532710801e-25)
(-0.01193238758 0.006996769584 -8.407052547e-25)
(-0.01710646018 0.007541528361 1.148187367e-24)
(-0.02193908827 0.007282723491 1.287621722e-23)
(-0.02606854154 0.006312528797 1.58758054e-24)
(-0.02921972107 0.004747948045 -7.499675957e-24)
(-0.03117965617 0.002734622745 1.027130678e-23)
(-0.03179640653 0.0004536896734 4.544352086e-24)
(-0.03098598509 -0.001879259775 -6.355920369e-24)
(-0.02875766768 -0.004015417276 2.946796743e-24)
(-0.02524352316 -0.005699239172 3.911252837e-23)
(-0.02071242798 -0.006698236775 -1.967529163e-24)
(-0.01557819669 -0.006846361704 3.781750796e-24)
(-0.01038057375 -0.006092270598 -9.845144523e-23)
(-0.005730534875 -0.004544226254 9.746294337e-23)
(-0.002235841297 -0.002508494184 -4.156537894e-25)
(-0.0001840593286 -0.0005053647794 4.261373154e-25)
(8.309697913e-05 0.0006075437702 0)
(-0.0004180045682 0.002930654988 -2.911695986e-25)
(-0.004639391318 0.008789266365 1.70784667e-23)
(-0.01135121935 0.01321758461 -8.148075961e-24)
(-0.0192923305 0.01576482666 -2.037300474e-25)
(-0.02742510876 0.01650214213 2.001446599e-25)
(-0.0350563815 0.01561921936 1.255010615e-26)
(-0.04164239584 0.01334012616 -1.41335778e-24)
(-0.04675852559 0.009907222673 -4.68310397e-25)
(-0.05007051281 0.005598314268 -1.075527078e-23)
(-0.05133458469 0.0007489725843 0)
(-0.0504056277 -0.004229462057 0)
(-0.04727362286 -0.008868720116 2.687859144e-23)
(-0.04210706254 -0.01265956811 2.830465466e-23)
(-0.03527468479 -0.01511303775 -1.659851562e-24)
(-0.02736283715 -0.01584111242 4.895641044e-23)
(-0.01915420596 -0.01465746462 9.520393214e-23)
(-0.01155384534 -0.01168437831 4.093501151e-23)
(-0.005463803243 -0.007448395036 4.537912731e-25)
(-0.001451756003 -0.002938781909 8.646206733e-26)
(-9.073230432e-05 0.0002223979 0)
(-0.0005013663833 0.006035008229 -4.245222116e-23)
(-0.006390387176 0.01634166577 -1.698025396e-23)
(-0.01550560008 0.0235172923 8.074829119e-24)
(-0.02623027174 0.02739338093 0)
(-0.03721964038 0.0282728505 0)
(-0.04760581805 0.02654496406 0)
(-0.05669891572 0.02259806146 -5.182488602e-26)
(-0.06394740682 0.01681554956 -1.993251009e-24)
(-0.06890055765 0.009615900683 0)
(-0.07119938964 0.00149931868 1.678644502e-24)
(-0.07060581053 -0.006915076385 2.830966181e-25)
(-0.06703792861 -0.01489809875 -2.838892991e-25)
(-0.06062023174 -0.02162825283 0)
(-0.05174449611 -0.02627466415 4.181792532e-23)
(-0.04110346826 -0.02812186073 -4.729992324e-23)
(-0.02968899274 -0.02674196683 -2.822109715e-23)
(-0.01871984271 -0.02219395799 -4.080644881e-23)
(-0.009480479901 -0.01520940379 7.782018014e-25)
(-0.002975203277 -0.007297944664 9.638835521e-23)
(-0.0002316689413 -0.0008695371185 0)
(-0.0005304554028 0.01007679967 4.265885937e-23)
(-0.00796832101 0.02590496478 4.765598303e-25)
(-0.01936065814 0.03636323775 -4.656769266e-25)
(-0.03276396408 0.04178172653 0)
(-0.04656400721 0.04282263933 7.725853993e-25)
(-0.05974904657 0.04013730753 -7.618739086e-25)
(-0.07151340263 0.03429853886 3.643657836e-23)
(-0.08119677937 0.02582631565 1.816727328e-23)
(-0.08822959611 0.01526337387 6.134055872e-24)
(-0.09211834611 0.00325752593 -1.680600265e-24)
(-0.09247303363 -0.009376923004 0)
(-0.08905537995 -0.02162773098 4.442986185e-25)
(-0.08185448501 -0.03230921061 1.036614478e-23)
(-0.07118160871 -0.04014926079 -4.40109378e-23)
(-0.05775280679 -0.04395909743 1.967891603e-24)
(-0.04273843018 -0.04289552024 4.340321399e-23)
(-0.02772533497 -0.0367946879 -4.04296631e-25)
(-0.0145361213 -0.02650509891 0)
(-0.004854944797 -0.01407769671 5.423956958e-23)
(-0.0003636543828 -0.002848646371 -2.547122606e-22)
(-0.0005261938899 0.01497187391 9.82205755e-23)
(-0.009361095483 0.03732236378 -4.89687906e-25)
(-0.02284170382 0.05161027675 0)
(-0.03876400477 0.05884041916 0)
(-0.05529444675 0.06015708658 -8.705041574e-23)
(-0.07131373658 0.05653280901 -8.466410015e-23)
(-0.08593288176 0.04873523656 -4.035913212e-23)
(-0.09840378789 0.03739807552 -1.487363335e-23)
(-0.1080397769 0.02314552448 -5.275655996e-24)
(-0.1141879786 0.006723214645 -8.100603229e-24)
(-0.1162522379 -0.01089325961 6.517509639e-24)
(-0.1137509956 -0.02842756727 8.665771135e-24)
(-0.1064206022 -0.04429219938 -1.885234866e-23)
(-0.09435880378 -0.05666622837 3.916497709e-24)
(-0.07818123442 -0.06369575582 0)
(-0.05916494546 -0.0638566517 -1.639635925e-23)
(-0.03929846082 -0.05647679412 -1.996708839e-27)
(-0.02112008623 -0.04231874772 0)
(-0.007311210364 -0.02396514988 -1.504068873e-22)
(-0.0005208492582 -0.00592416883 6.018494087e-22)
(-0.0004983475507 0.0206086982 -9.755153904e-23)
(-0.01051280051 0.050365133 2.826944979e-22)
(-0.0257892311 0.06900599072 1.523998052e-22)
(-0.04395412625 0.07836249923 3.610038252e-24)
(-0.0630136462 0.08016898444 -7.30559661e-23)
(-0.08178643921 0.07577074883 9.008509341e-23)
(-0.09934026423 0.06613199986 -3.576604988e-24)
(-0.1148706038 0.05196263874 -1.719851633e-24)
(-0.1275904995 0.03390302694 2.509727783e-24)
(-0.1366822309 0.0127161604 7.313300987e-24)
(-0.1413081016 -0.01054136675 -6.421482927e-24)
(-0.1406694789 -0.03438531221 -9.610838298e-24)
(-0.134132137 -0.05683062279 -3.25478683e-23)
(-0.1214203153 -0.07542230417 -3.543613394e-23)
(-0.1028644444 -0.08742815347 5.404045913e-25)
(-0.0796856425 -0.09028529761 0)
(-0.05421438776 -0.08235694626 0)
(-0.02984279345 -0.0639161898 -2.877790993e-24)
(-0.01065238247 -0.03795679279 2.941613067e-24)
(-0.0007340906587 -0.01049484543 1.026019335e-22)
(-0.0004476120388 0.02682639366 0)
(-0.01133451709 0.06469819839 1.99881847e-22)
(-0.02797962138 0.08815141392 8.948237825e-23)
(-0.04793709523 0.09996632976 0)
(-0.06911953317 0.1025561995 1.565891612e-22)
(-0.09033447568 0.09768375079 0)
(-0.1106548054 0.08650827846 -1.424158957e-22)
(-0.1292663814 0.06977252377 6.492849188e-24)
(-0.145324388 0.04805459104 0)
(-0.157877575 0.02202981659 0)
(-0.1658558842 -0.007283957011 -1.366539501e-24)
(-0.168114665 -0.03830371445 -9.237229339e-25)
(-0.1635636543 -0.06872727827 1.481506951e-22)
(-0.1513924928 -0.09545111032 -4.694947021e-23)
(-0.1314041266 -0.114689915 -2.530402932e-24)
(-0.1044734258 -0.1224349068 1.505807072e-24)
(-0.07303313893 -0.1154346553 -1.529560126e-24)
(-0.04131557084 -0.09274471657 0)
(-0.01523905578 -0.05735921734 3.186845107e-24)
(-0.001043075482 -0.01713485393 -1.008395374e-21)
(-0.0003746948832 0.03340952149 0)
(-0.01173920721 0.07986308583 -1.126080359e-22)
(-0.02917892935 0.1084727445 -6.180693122e-22)
(-0.05026857009 0.1230432408 -3.74857472e-22)
(-0.07289326405 0.1267363905 0)
(-0.09590038487 0.121774492 4.110099177e-22)
(-0.1184218927 0.1095168678 1.257187751e-22)
(-0.139696721 0.09070445594 -5.56427777e-24)
(-0.1588957648 0.06577946625 5.536737628e-24)
(-0.1750151353 0.03521851323 0)
(-0.1868239862 -0.0001447679287 2.902635542e-23)
(-0.1928875577 -0.03880730217 4.674883383e-24)
(-0.1916569101 -0.07831653283 -1.07072795e-22)
(-0.1816724454 -0.1150402389 7.947523178e-23)
(-0.1619551369 -0.1441001977 -2.406314622e-22)
(-0.1326219038 -0.1596948286 0)
(-0.09571653743 -0.1561666448 0)
(-0.05597842701 -0.1301853213 0)
(-0.02146314428 -0.08374331044 0)
(-0.001498927826 -0.02663521259 5.548782553e-22)
(-0.0002881995101 0.0401025262 0)
(-0.01168821299 0.09529870517 -3.487379656e-22)
(-0.02922824814 0.1292258434 8.9186689e-22)
(-0.05057938772 0.1467332898 3.610677755e-22)
(-0.07365609644 0.1517858839 0)
(-0.09739327555 0.1471112885 -3.853810955e-22)
(-0.1210376325 0.134290753 -3.166960488e-23)
(-0.1439549932 0.1140540372 3.325427209e-22)
(-0.1654317004 0.0866611779 1.765219207e-22)
(-0.1845396667 0.05229886384 -4.050213138e-23)
(-0.200046719 0.01146891122 1.654692358e-23)
(-0.2103769533 -0.03462275295 -8.23870546e-24)
(-0.213636996 -0.08364026046 3.362398403e-22)
(-0.207740185 -0.1317235616 0)
(-0.1907470506 -0.1731058528 2.407477136e-22)
(-0.1615649745 -0.2000837115 5.73444718e-24)
(-0.1211110215 -0.203846397 -5.819964972e-24)
(-0.07381319032 -0.1770755082 1.535698602e-22)
(-0.02970143427 -0.1187762313 -5.397730797e-24)
(-0.002177897353 -0.04002535884 0)
(-0.0002130906111 0.0466568841 0)
(-0.01125119592 0.1104081208 0)
(-0.0281548915 0.1495471897 -5.015054886e-22)
(-0.04873818236 0.1699472156 -1.878117383e-23)
(-0.07098792673 0.1764292252 2.034686074e-23)
(-0.09397571919 0.1722822177 -2.010662148e-23)
(-0.1171203776 0.159354872 -2.312036489e-23)
(-0.1399927339 0.1383934895 -3.02279286e-22)
(-0.1621074314 0.109476863 6.692278717e-23)
(-0.1827713926 0.07245956431 4.502000205e-23)
(-0.2009600767 0.02740039588 -4.566071664e-23)
(-0.2152035886 -0.0249975443 0)
(-0.223530929 -0.08286187444 -7.799557013e-23)
(-0.2234340205 -0.1425779466 0)
(-0.2120338817 -0.198014875 -3.729982912e-22)
(-0.1867058219 -0.2398995293 5.228090978e-22)
(-0.1464070207 -0.2559021501 0)
(-0.09391658959 -0.2329683142 -1.481624252e-22)
(-0.04020468145 -0.1638559908 1.924780885e-22)
(-0.003199350106 -0.05857309818 -3.398817033e-22)
(-0.0002033874293 0.05291895827 0)
(-0.01068078203 0.1246792584 9.171284472e-22)
(-0.02629919614 0.1685569764 -2.437411563e-23)
(-0.04503034979 0.191442888 9.181180903e-22)
(-0.06496832121 0.1990974519 -2.508387798e-23)
(-0.08539132759 0.1954425875 2.834015003e-23)
(-0.1059588377 0.1826601803 -2.808145114e-23)
(-0.1265248734 0.1615759539 -1.657889606e-23)
(-0.1469370073 0.1321416279 -5.250747894e-22)
(-0.1668877877 0.09390737955 -8.890333856e-24)
(-0.1857753886 0.0464570704 9.642884935e-24)
(-0.2025237868 -0.01015274978 3.308048787e-22)
(-0.2154573727 -0.07488552092 -5.810537842e-22)
(-0.2220541031 -0.1448965434 0)
(-0.2188234543 -0.2145238877 8.868991251e-22)
(-0.2016311117 -0.2738367614 -4.92503924e-22)
(-0.166856309 -0.3074121398 -1.56718293e-23)
(-0.1140079498 -0.2952249037 0)
(-0.05287359505 -0.2194639378 -1.877629794e-22)
(-0.004747522284 -0.08372740412 3.348095649e-22)
(-0.0003663928545 0.05897279163 1.54910722e-23)
(-0.01051054515 0.1378620384 -8.75314383e-22)
(-0.02444432517 0.1855076953 -1.155781334e-21)
(-0.04031213168 0.2099479084 -8.61758134e-22)
(-0.05636471361 0.2180515087 0)
(-0.07221698614 0.2144620292 3.508692799e-23)
(-0.08787064056 0.2017612871 -7.284058956e-23)
(-0.1035440764 0.180928284 5.859027696e-23)
(-0.1194947143 0.1518738277 3.016358544e-22)
(-0.1358964134 0.1139319613 -1.126515643e-23)
(-0.1527158423 0.06626723996 0)
(-0.1695598737 0.00825811439 -3.598380161e-22)
(-0.1853786888 -0.06005832454 7.505952065e-22)
(-0.1981364548 -0.1371583311 8.821826009e-22)
(-0.2044287319 -0.2187978656 -5.287359189e-22)
(-0.1991492752 -0.2958321341 5.15511585e-22)
(-0.1760878982 -0.3512599585 1.07393629e-23)
(-0.1300960045 -0.3582705233 -1.091182388e-23)
(-0.06688430275 -0.2842106133 -8.324518652e-23)
(-0.007082070027 -0.1169459973 0)
(-0.0009119717795 0.0653599884 -1.909449228e-23)
(-0.01169630586 0.150174888 -1.325710862e-21)
(-0.02393286435 0.1999152908 1.093035247e-21)
(-0.03608090486 0.2242526301 6.728411294e-22)
(-0.04666161732 0.2314951918 6.008523608e-22)
(-0.05587696719 0.2271000425 6.636705517e-22)
(-0.06423397598 0.2140750047 -4.453046846e-23)
(-0.07240935581 0.1935903247 -3.45736745e-22)
(-0.08111291801 0.1655870751 2.149725643e-22)
(-0.09102129635 0.129294065 0)
(-0.1027068359 0.08358559305 0)
(-0.1165128237 0.02727716117 2.65305548e-22)
(-0.132303266 -0.04052962309 8.20182918e-23)
(-0.1490575584 -0.1199155174 -2.81665596e-22)
(-0.1642422467 -0.208828423 -5.406176273e-23)
(-0.1728765413 -0.3005922549 1.303282301e-22)
(-0.1670904549 -0.3792181974 -3.394869944e-22)
(-0.1365585823 -0.4135265134 -1.641145935e-23)
(-0.08018877565 -0.3537271791 8.313142184e-23)
(-0.01050725655 -0.1593620277 -6.039456867e-22)
(-0.002262893866 0.07346097566 0)
(-0.01582765193 0.1625707298 2.143980423e-21)
(-0.02670417272 0.2116694599 0)
(-0.03430765974 0.2332549 -1.350641678e-21)
(-0.03770597006 0.2376393996 6.191283641e-23)
(-0.03813211873 0.2311381963 -6.186304598e-22)
(-0.03683551919 0.2171046511 -4.751602514e-22)
(-0.03505581652 0.1968476759 8.292444107e-22)
(-0.03396163109 0.1703266507 -1.883539605e-22)
(-0.03467458966 0.1367488339 0)
(-0.03828997487 0.09485027394 0)
(-0.04581869437 0.04311396904 2.414392238e-23)
(-0.05806802885 -0.02005817906 -6.002497682e-22)
(-0.07529336316 -0.09612624271 -4.306239068e-22)
(-0.09658185452 -0.1854779619 4.63567344e-22)
(-0.118453378 -0.2852806757 -6.482617139e-22)
(-0.1333507226 -0.3837590816 9.095127572e-23)
(-0.1265817945 -0.45035178 2.986880601e-23)
(-0.08900767026 -0.4197707992 5.662774356e-22)
(-0.01527009079 -0.211126032 6.028075861e-22)
(-0.005182958047 0.08596643275 0)
(-0.02528019578 0.1765763838 1.466167977e-22)
(-0.03489110462 0.2205096883 -4.913801293e-23)
(-0.03649157497 0.2353805862 7.637046827e-22)
(-0.03030805357 0.2342341128 -6.999585752e-22)
(-0.01931559278 0.2240679949 4.742441226e-23)
(-0.005782447635 0.2082853388 -1.018334613e-22)
(0.008390754524 0.188087999 -3.386537436e-22)
(0.02161403101 0.1633868765 2.061138724e-22)
(0.03244523841 0.1333487058 0)
(0.03940892721 0.09668756602 0)
(0.04100521333 0.05180120512 -2.900698928e-22)
(0.03563185807 -0.003189783731 0)
(0.02184270185 -0.07051921878 -5.510320869e-22)
(-0.001387736559 -0.1525153176 -1.48234902e-23)
(-0.03320812473 -0.2505433038 2.55842988e-23)
(-0.0691749957 -0.3598843197 2.200143069e-22)
(-0.09233237484 -0.457493911 4.799273983e-24)
(-0.08720289807 -0.4697585438 -5.791971957e-22)
(-0.02103357112 -0.2698617263 0)
(-0.01111740674 0.1085962176 0)
(-0.04250920744 0.1946902624 -8.843179523e-22)
(-0.04800525221 0.2257679689 -5.40884694e-22)
(-0.03927866174 0.2281437965 4.541939031e-22)
(-0.01889353487 0.2181581355 -1.71228849e-24)
(0.007522086817 0.2027546018 -4.558370635e-23)
(0.03651888402 0.1847116335 5.692312817e-22)
(0.06565792658 0.1646825025 -2.764747331e-23)
(0.09309585473 0.1423077147 -2.068063357e-22)
(0.1172180712 0.11664464 3.140053511e-23)
(0.1363848227 0.08644632168 -3.423882537e-23)
(0.1488188579 0.05022305651 -3.688925711e-23)
(0.1523956834 0.006210188937 3.204435999e-22)
(0.1448218922 -0.04791233627 6.117598606e-22)
(0.1234169425 -0.1152634495 -5.099842315e-22)
(0.08625371941 -0.2003867339 -1.616123693e-22)
(0.03191949292 -0.3067552975 1.530731568e-22)
(-0.02367227687 -0.4239582056 7.293817332e-23)
(-0.06494486172 -0.4871322737 1.913218672e-21)
(-0.02510257202 -0.3291317845 2.954909543e-21)
(-0.02004606668 0.1460795018 -4.388863739e-23)
(-0.06417335703 0.2112913269 4.416029133e-23)
(-0.05073211789 0.2177074601 9.998712915e-22)
(-0.0193967937 0.2014300612 -8.206399966e-24)
(0.02406110632 0.180862488 0)
(0.07143214583 0.1606496924 4.361322369e-23)
(0.1189419214 0.1416147361 -2.272372677e-22)
(0.1643361453 0.1232963694 -9.021685481e-23)
(0.2060799852 0.1048053999 3.678071155e-23)
(0.2428222638 0.08507999944 -1.700484541e-23)
(0.2730880376 0.06298240594 3.427933443e-23)
(0.2951352992 0.03729210171 -6.589579883e-23)
(0.3065941317 0.006567740742 -9.29980476e-23)
(0.3048870223 -0.03084625209 1.516720373e-22)
(0.2863230153 -0.07783683111 0)
(0.2470005703 -0.139912035 1.505740605e-22)
(0.1810466907 -0.2266218251 2.559761454e-22)
(0.09601048317 -0.3443794403 0)
(-0.006715005017 -0.4552103112 -3.675480205e-21)
(-0.01922692997 -0.3777438405 -2.892539602e-21)
(-0.02591742579 0.2276899921 -9.513435945e-22)
(-0.03997993326 0.2238265539 -1.388714754e-22)
(0.03655766187 0.181054205 -2.33481315e-22)
(0.1090316184 0.1450923752 -1.193250081e-22)
(0.1816807175 0.1172250491 -4.294929231e-23)
(0.2489497335 0.09625843122 9.778867895e-23)
(0.3099561083 0.0800074891 -1.4077678e-22)
(0.3645302197 0.06655636131 1.296297376e-22)
(0.4125277144 0.05448745353 -8.613938376e-23)
(0.4535274836 0.04271213699 1.131995287e-25)
(0.486696368 0.0303324961 1.526928039e-23)
(0.5106643434 0.01654279037 7.993436786e-23)
(0.5235931118 0.0005511479719 -1.810504787e-22)
(0.5231290517 -0.01861950501 -1.616819864e-22)
(0.5051950651 -0.04285331311 -4.262271559e-23)
(0.4658452882 -0.07632511487 0)
(0.3952506598 -0.1286066972 -1.845973352e-22)
(0.2915927975 -0.2208461694 8.148207621e-22)
(0.1197368439 -0.3525011013 1.631518643e-21)
(0.02670328019 -0.3775485058 2.172612233e-21)
(0.2142916213 0.1347468597 9.864139127e-22)
(0.2776378953 0.09870777901 0)
(0.4316667867 0.05810543397 -2.593869588e-22)
(0.5304780687 0.03846221297 -1.741375553e-22)
(0.6016908395 0.02623246124 0)
(0.6571032042 0.01831704406 -6.006615902e-23)
(0.7014943328 0.01313413462 6.374123898e-23)
(0.7375694799 0.009541102244 -1.798765218e-23)
(0.7668980425 0.00680460275 2.883782557e-23)
(0.79017197 0.004466042719 2.313367384e-23)
(0.8074206518 0.002223537979 0)
(0.8182338653 -0.0001472902245 -2.871580884e-23)
(0.8216298606 -0.002720920172 0)
(0.8162277682 -0.005710465174 2.73729572e-23)
(0.7991283715 -0.009610089074 1.421881186e-23)
(0.7679981564 -0.01500220679 -5.798857058e-23)
(0.7106568087 -0.02502577816 -2.535355546e-22)
(0.6235191855 -0.04204353125 -6.917667089e-22)
(0.4230090194 -0.09183038244 0)
(0.2705672597 -0.152402502 -2.119441205e-21)
)


// ************************************************************************* //
