/*--------------------------------*- C++ -*----------------------------------*\
  =========                 |
  \\      /  F ield         | OpenFOAM: The Open Source CFD Toolbox
   \\    /   O peration     | Website:  https://openfoam.org
    \\  /    A nd           | Version:  13
     \\/     M anipulation  |
\*---------------------------------------------------------------------------*/
FoamFile
{
    format      ascii;
    class       vectorField;
    location    "29.2";
    object      U_all;
}
// * * * * * * * * * * * * * * * * * * * * * * * * * * * * * * * * * * * * * //


400
(
(1.094840205e-05 -3.786985358e-05 0)
(-0.0006661539513 0.0004130333307 -1.547606089e-23)
(-0.002185379957 0.0009203860964 0)
(-0.00404781441 0.00131277019 0)
(-0.005971829592 0.001535054181 6.840061926e-25)
(-0.00776272781 0.00156983648 4.151794091e-24)
(-0.009284476734 0.001423553135 -7.356452029e-24)
(-0.01043586455 0.001119714513 7.548068484e-24)
(-0.01113673504 0.0006960767137 -2.096712289e-25)
(-0.01132703584 0.0002030757992 -3.996674096e-24)
(-0.01097170598 -0.0003002309599 5.805775569e-24)
(-0.01007227418 -0.0007475104277 -5.93131709e-23)
(-0.008679841627 -0.001075555334 -6.554477639e-23)
(-0.006902830653 -0.001233037794 -7.786187425e-23)
(-0.004910731071 -0.001192634467 4.574744911e-24)
(-0.002927237629 -0.0009619197973 -4.139116172e-24)
(-0.001205313323 -0.0005912143387 -1.999531201e-22)
(-1.908459776e-05 -0.000169887746 0)
(0.0005181419194 0.0001720801109 1.512916422e-25)
(0.0002227481652 0.0003059751138 -2.59594437e-24)
(-0.0002633888966 0.0008289104421 1.385909519e-25)
(-0.002703315639 0.003383791638 1.557339076e-23)
(-0.006907238928 0.005604439153 1.549560834e-25)
(-0.01195222992 0.007008138239 -8.484303098e-25)
(-0.01713490389 0.007553706745 1.160500551e-24)
(-0.02197517056 0.007294137647 1.30512558e-23)
(-0.02611054377 0.00632184501 1.405759239e-24)
(-0.02926540865 0.00475416047 -7.299336791e-24)
(-0.03122648308 0.002737137945 1.016118284e-23)
(-0.03184176878 0.0004524116525 4.512337954e-24)
(-0.03102739375 -0.001884119383 -6.321233056e-24)
(-0.02879297849 -0.004022988877 2.961464999e-24)
(-0.02527123715 -0.005708305147 3.896471877e-23)
(-0.02073184707 -0.00670735971 -1.955353431e-24)
(-0.01558956734 -0.006854098225 3.755672259e-24)
(-0.01038511089 -0.006097436851 -9.745024379e-23)
(-0.005730274419 -0.004546176728 9.641747452e-23)
(-0.002233381127 -0.002507425337 -3.967780516e-25)
(-0.0001817889476 -0.0005023884065 4.067848665e-25)
(8.343258287e-05 0.0006099132426 0)
(-0.0004188261766 0.002935036458 -2.913285319e-25)
(-0.00464784969 0.008803918246 1.705834334e-23)
(-0.01137187012 0.01324028755 -8.247599405e-24)
(-0.01932712272 0.01579188533 -2.069723174e-25)
(-0.02747387003 0.01652984412 2.033286925e-25)
(-0.03511747184 0.01564427719 7.366377891e-27)
(-0.04171307813 0.01335986743 -1.237724276e-24)
(-0.04683531304 0.009919703402 -4.562291708e-25)
(-0.05014947218 0.00560241146 -1.063981254e-23)
(-0.05141190925 0.0007444448487 0)
(-0.05047755043 -0.004241715531 0)
(-0.04733672705 -0.008887089797 2.671944517e-23)
(-0.04215900272 -0.01268165212 2.813908183e-23)
(-0.03531416446 -0.01513592947 -1.646753974e-24)
(-0.02738981958 -0.01586178458 4.847859416e-23)
(-0.01916997571 -0.01467325658 9.423205322e-23)
(-0.01156087101 -0.0116935543 3.979693873e-23)
(-0.005465404948 -0.007450730471 4.154988689e-25)
(-0.001451104538 -0.002936058228 1.06699386e-25)
(-9.07280464e-05 0.0002258587581 0)
(-0.0005024608069 0.006045283113 -4.25253711e-23)
(-0.006402685566 0.0163705845 -1.696052041e-23)
(-0.01553488265 0.02355909686 8.174464895e-24)
(-0.02627887622 0.02744135747 0)
(-0.03728712051 0.02832075622 0)
(-0.04768993592 0.02658749048 0)
(-0.0567961187 0.02263102126 -4.523032879e-26)
(-0.06405328048 0.01683597953 -2.127154018e-24)
(-0.0690102337 0.009622147955 0)
(-0.07130770402 0.001491092824 1.637698568e-24)
(-0.07070799265 -0.006936390682 2.804199996e-25)
(-0.06712990535 -0.01493001862 -2.812051691e-25)
(-0.06069863896 -0.02166707508 0)
(-0.05180717158 -0.02631583841 4.135213161e-23)
(-0.04114967055 -0.02816050272 -4.683513332e-23)
(-0.02971953959 -0.02677355359 -2.764009772e-23)
(-0.01873707558 -0.02221519162 -3.96490309e-23)
(-0.009487989679 -0.01521916969 7.795789192e-25)
(-0.002976872364 -0.007298193381 9.785962106e-23)
(-0.0002318791304 -0.000866185708 0)
(-0.0005316083634 0.01009491228 4.273220065e-23)
(-0.007983517611 0.02595193109 4.779488243e-25)
(-0.01939669143 0.03642846488 -4.670326294e-25)
(-0.03282351758 0.0418548036 0)
(-0.04664646094 0.04289445825 7.777164421e-25)
(-0.05985175813 0.04020039522 -7.669331208e-25)
(-0.07163228677 0.03434715044 3.670477161e-23)
(-0.08132682368 0.02585647437 1.846328542e-23)
(-0.08836529013 0.0152729283 6.23385639e-24)
(-0.09225397408 0.00324620468 -1.639606509e-24)
(-0.09260310562 -0.009407669764 0)
(-0.08917491863 -0.02167453097 4.373595764e-25)
(-0.08195923443 -0.03236714156 1.010020377e-23)
(-0.07126839151 -0.04021216582 -4.351369231e-23)
(-0.05781983019 -0.04402013779 1.934146209e-24)
(-0.04278557768 -0.04294801363 4.221337387e-23)
(-0.02775434857 -0.03683326357 -3.848243994e-25)
(-0.01455054687 -0.02652709252 0)
(-0.004859439088 -0.01408450858 5.436503285e-23)
(-0.0003641459371 -0.002846962245 -2.564619624e-22)
(-0.0005272163803 0.01499912769 9.837699191e-23)
(-0.009377839484 0.03738985231 -4.904801115e-25)
(-0.02288162016 0.05170172825 0)
(-0.03883008967 0.05894127901 0)
(-0.05538608655 0.0602552102 -8.730236208e-23)
(-0.07142816376 0.05661854294 -8.497250182e-23)
(-0.08606583859 0.04880132692 -4.065554718e-23)
(-0.09855008429 0.03743957723 -1.503456522e-23)
(-0.1081937131 0.0231597587 -5.364477881e-24)
(-0.1143436444 0.006709747672 -8.172505501e-24)
(-0.1164038134 -0.01093271291 6.598462696e-24)
(-0.1138929833 -0.02848912247 8.821789281e-24)
(-0.1065480186 -0.04437004666 -1.8922833e-23)
(-0.09446746055 -0.05675287431 4.58687048e-24)
(-0.07826810473 -0.06378252259 0)
(-0.05922861368 -0.0639345377 -1.575006471e-23)
(-0.03933959889 -0.05653783643 -2.362253205e-26)
(-0.02114177234 -0.04235788198 0)
(-0.007318663146 -0.02398220292 -1.520197363e-22)
(-0.0005216124718 -0.00592553763 6.055342477e-22)
(-0.0004990787032 0.02064554565 -9.770687771e-23)
(-0.01052942329 0.05045389963 2.831588132e-22)
(-0.02582936403 0.06912447294 1.526664909e-22)
(-0.04402103099 0.0784918755 3.618679029e-24)
(-0.06310689965 0.08029408369 -7.31922051e-23)
(-0.08190343199 0.07587983559 9.041585291e-23)
(-0.09947691231 0.06621644675 -3.589612702e-24)
(-0.1150219337 0.05201665471 -1.728857729e-24)
(-0.1277510633 0.03392346995 2.52369192e-24)
(-0.1368463851 0.01270240131 7.380295283e-24)
(-0.1414701874 -0.01058757888 -6.498360499e-24)
(-0.1408239933 -0.03445984651 -9.782727915e-24)
(-0.1342738401 -0.05692720088 -3.261778491e-23)
(-0.1215443612 -0.07553257196 -3.658194472e-23)
(-0.1029667189 -0.08754199585 5.63926988e-25)
(-0.07976328351 -0.09039152747 0)
(-0.05426654554 -0.08244466737 0)
(-0.02987145595 -0.0639770425 -2.905356789e-24)
(-0.01066279575 -0.03798778123 2.96979032e-24)
(-0.0007350883349 -0.01050086278 1.027862865e-22)
(-0.0004479148593 0.02687226326 0)
(-0.01134915506 0.0648069871 2.001961141e-22)
(-0.02801580612 0.08829539337 8.962046732e-23)
(-0.04799825065 0.100122648 0)
(-0.069205565 0.1027068388 1.569689349e-22)
(-0.09044315624 0.09781507367 0)
(-0.1107824906 0.0866104748 -1.428276816e-22)
(-0.1294086205 0.06983913976 6.514918299e-24)
(-0.1454763549 0.04808216837 0)
(-0.1580343461 0.02201761632 0)
(-0.1660125103 -0.007334174359 -1.374240834e-24)
(-0.1682663463 -0.03838794854 -9.315059172e-25)
(-0.1637057113 -0.06883916053 1.491755469e-22)
(-0.1515201941 -0.09558205638 -4.704638166e-23)
(-0.1315128742 -0.1148291197 -2.560276764e-24)
(-0.1045591491 -0.1225696187 1.534035365e-24)
(-0.07309317758 -0.1155511717 -1.558233671e-24)
(-0.04135003038 -0.09283069469 0)
(-0.01525223221 -0.05740741815 3.203439503e-24)
(-0.001044302511 -0.01714707949 -1.012817652e-21)
(-0.0003744674057 0.03346275814 0)
(-0.01175000306 0.07998851065 -1.128097932e-22)
(-0.02920693109 0.1086382012 -6.190739815e-22)
(-0.05031719323 0.1232224311 -3.755097291e-22)
(-0.07296280662 0.1269087713 0)
(-0.095989132 0.1219247504 4.119232169e-22)
(-0.1185267921 0.1096342275 1.260826495e-22)
(-0.1398140192 0.0907820357 -5.581482446e-24)
(-0.1590214867 0.06581374147 5.553857107e-24)
(-0.175145407 0.03520885718 0)
(-0.1869552989 -0.0001964744624 2.911978088e-23)
(-0.193016577 -0.03889706549 4.69547205e-24)
(-0.1917803329 -0.07843823496 -1.076691219e-22)
(-0.181786833 -0.1151857587 8.003072328e-23)
(-0.162056502 -0.1442590948 -2.41950631e-22)
(-0.1327057518 -0.1598540092 0)
(-0.09577854984 -0.1563105168 0)
(-0.05601612875 -0.1302975065 0)
(-0.02147850909 -0.08381098822 0)
(-0.001500376856 -0.02665505678 5.571632331e-22)
(-0.0002873940638 0.04016046611 0)
(-0.01169356759 0.09543537926 -3.492811175e-22)
(-0.02924429777 0.1294063896 8.932371322e-22)
(-0.05060931467 0.1469288618 3.616976302e-22)
(-0.0737005914 0.1519738524 0)
(-0.09745120502 0.1472749116 -3.862343769e-22)
(-0.1211066185 0.1344185027 -3.174285563e-23)
(-0.14403207 0.11413887 3.332978253e-22)
(-0.1655138872 0.08669985215 1.769409425e-22)
(-0.1846244016 0.05229126965 -4.060009174e-23)
(-0.2001321263 0.01141743281 1.656809983e-23)
(-0.210461792 -0.03471375749 -8.264852147e-24)
(-0.2137204076 -0.0837649701 3.37172349e-22)
(-0.2078211174 -0.1318748252 0)
(-0.190823445 -0.1732747087 2.42067522e-22)
(-0.1616332085 -0.2002584023 5.774028519e-24)
(-0.1211659746 -0.2040112858 -5.860136363e-24)
(-0.0738497023 -0.1772112668 1.548198112e-22)
(-0.02971778067 -0.1188637629 -5.434696508e-24)
(-0.002179536384 -0.04005383473 0)
(-0.000211727196 0.04671608261 0)
(-0.01125001728 0.110549055 0)
(-0.02815623771 0.1497344921 -5.022545042e-22)
(-0.04874475901 0.1701506641 -1.880928383e-23)
(-0.07100079954 0.1766246605 2.038305597e-23)
(-0.09399441765 0.1724517356 -2.014238958e-23)
(-0.1171433104 0.1594863869 -2.316805325e-23)
(-0.1400178192 0.1384800375 -3.029707969e-22)
(-0.1621327561 0.1095158559 6.698579729e-23)
(-0.182795775 0.07245190463 4.513015442e-23)
(-0.2009834318 0.02734955575 -4.577556226e-23)
(-0.2152269022 -0.02508650476 0)
(-0.223556087 -0.08298286766 -7.839060312e-23)
(-0.2234630643 -0.1427249464 0)
(-0.2120677618 -0.1981811966 -3.739422501e-22)
(-0.1867432543 -0.2400764204 5.244689578e-22)
(-0.146443634 -0.2560764056 0)
(-0.09394552209 -0.2331201351 -1.493751882e-22)
(-0.04021992815 -0.1639608032 1.937300025e-22)
(-0.003201090966 -0.05861043105 -3.411280293e-22)
(-0.0002015507602 0.05297554761 0)
(-0.01067266237 0.1248165019 9.182623622e-22)
(-0.0262845455 0.168741466 -2.44061306e-23)
(-0.0450111816 0.1916444289 9.193096638e-22)
(-0.06494609559 0.1992910618 -2.512013649e-23)
(-0.08536642104 0.1956095306 2.838766179e-23)
(-0.1059307183 0.1827879928 -2.812852951e-23)
(-0.1264925946 0.1616579051 -1.660875975e-23)
(-0.1468998862 0.1321760393 -5.260100018e-22)
(-0.1668460414 0.09389651865 -8.906412974e-24)
(-0.1857305442 0.04640603141 9.659975669e-24)
(-0.2024784127 -0.01023739783 3.313013853e-22)
(-0.2154156854 -0.07499760535 -5.820606295e-22)
(-0.2220211487 -0.1450304674 0)
(-0.2188033186 -0.2146752506 8.88705917e-22)
(-0.2016257811 -0.2740007622 -4.940638189e-22)
(-0.1668638786 -0.3075802926 -1.57214257e-23)
(-0.1140219343 -0.2953803559 0)
(-0.05288476022 -0.2195796361 -1.889937923e-22)
(-0.004749179294 -0.08377253707 3.360342377e-22)
(-0.0003642101373 0.05902290903 1.550972486e-23)
(-0.01049581836 0.1379874769 -8.763962712e-22)
(-0.02441405777 0.1856794869 -1.157033792e-21)
(-0.0402674841 0.2101374551 -8.628760356e-22)
(-0.05630760311 0.2182339083 0)
(-0.0721489317 0.2146181843 3.513726277e-23)
(-0.08779263629 0.2018785612 -7.294706254e-23)
(-0.1034567495 0.1810001699 5.86776077e-23)
(-0.1193989033 0.1518995806 3.021300342e-22)
(-0.1357937075 0.1139151419 -1.128174034e-23)
(-0.1526088078 0.06621452757 0)
(-0.1694527137 0.00817763129 -3.60385926e-22)
(-0.1852766085 -0.06015933788 7.515539706e-22)
(-0.1980453416 -0.1372740818 8.831563815e-22)
(-0.2043550228 -0.2189255044 -5.296494604e-22)
(-0.1990980369 -0.295970548 5.162564869e-22)
(-0.1760606794 -0.3514064714 1.078156211e-23)
(-0.1300891003 -0.3584143051 -1.09547002e-23)
(-0.0668880131 -0.284327025 -8.21770032e-23)
(-0.007083313276 -0.1169961719 0)
(-0.0009095902324 0.06540020021 -1.911448378e-23)
(-0.0116760258 0.1502810713 -1.326941449e-21)
(-0.02388905555 0.2000651507 1.094213687e-21)
(-0.0360137643 0.2244207919 6.734804404e-22)
(-0.04657355981 0.2316579475 6.014520243e-22)
(-0.05577095398 0.2272386217 6.643835367e-22)
(-0.06411310668 0.214176936 -4.458596398e-23)
(-0.07227633126 0.1936491176 -3.461280412e-22)
(-0.08097049489 0.1656027427 2.152129146e-22)
(-0.09087272167 0.1292708553 0)
(-0.1025555582 0.08353111279 0)
(-0.1163630206 0.02720051502 2.655363954e-22)
(-0.1321597272 -0.04061957992 8.19436611e-23)
(-0.1489259391 -0.1200123127 -2.821560863e-22)
(-0.1641290367 -0.2089295265 -5.411192292e-23)
(-0.1727882368 -0.3006986785 1.301953627e-22)
(-0.1670314478 -0.379332296 -3.400383125e-22)
(-0.1365294008 -0.4136445611 -1.594978507e-23)
(-0.0801825349 -0.3538320554 8.206469741e-23)
(-0.01050762098 -0.1594127836 -6.032378814e-22)
(-0.002260511088 0.07348868716 0)
(-0.01580368501 0.1626517427 2.145837944e-21)
(-0.02665071249 0.211789827 0)
(-0.0342238457 0.2333939789 -1.351784558e-21)
(-0.03759458257 0.2377759467 6.184090093e-23)
(-0.03799757454 0.231254723 -6.192980597e-22)
(-0.03668347573 0.2171894417 -4.756207845e-22)
(-0.03489124793 0.1968931996 8.301123641e-22)
(-0.03378930552 0.1703341931 -1.885668741e-22)
(-0.03449970494 0.136722246 0)
(-0.03811665945 0.09479701842 0)
(-0.04565082752 0.04304324262 2.410636435e-23)
(-0.05790889937 -0.02013738912 -6.007127051e-22)
(-0.07514677453 -0.09620607441 -4.309512923e-22)
(-0.09645244675 -0.1855552024 4.637808869e-22)
(-0.1183468356 -0.2853563697 -6.48861239e-22)
(-0.1332719625 -0.3838382268 9.119760493e-23)
(-0.126535349 -0.45043542 2.938530068e-23)
(-0.08899162719 -0.4198531929 5.660541582e-22)
(-0.01526918418 -0.2111717267 6.021011143e-22)
(-0.005180910458 0.08598038538 0)
(-0.02525563876 0.1766288379 1.465582686e-22)
(-0.03483438407 0.2205956933 -4.917072028e-23)
(-0.03640062667 0.2354853709 7.642807563e-22)
(-0.03018548802 0.2343401037 -7.005261925e-22)
(-0.01916659351 0.2241598914 4.746406766e-23)
(-0.005616044385 0.2083522213 -1.018597709e-22)
(0.008568651394 0.1881239116 -3.389837328e-22)
(0.02179787398 0.1633911002 2.062795792e-22)
(0.03262683808 0.1333244 0)
(0.03958364536 0.09664110818 0)
(0.04116924927 0.05174088604 -2.902636559e-22)
(0.03578401885 -0.003255048586 0)
(0.02198110152 -0.07058326504 -5.512135318e-22)
(-0.001265504556 -0.1525732395 -1.492323429e-23)
(-0.03310525317 -0.2505947078 2.55968012e-23)
(-0.06909280107 -0.3599338841 2.203039445e-22)
(-0.09227856 -0.4575421915 4.788702514e-24)
(-0.0871810171 -0.4698126489 -5.789516803e-22)
(-0.02103128377 -0.2698970388 0)
(-0.0111163213 0.108597491 0)
(-0.04248912621 0.1947150349 -8.848367636e-22)
(-0.04795555568 0.2258192755 -5.410978794e-22)
(-0.03919580392 0.2282131822 4.543757949e-22)
(-0.01877891785 0.218232413 -1.709995646e-24)
(0.0076635549 0.2028216729 -4.560982257e-23)
(0.03667907366 0.1847617046 5.696595898e-22)
(0.06582906612 0.1647116622 -2.766853074e-23)
(0.09327037081 0.1423127876 -2.069754479e-22)
(0.1173882452 0.1166275827 3.142176211e-23)
(0.1365453047 0.08641162284 -3.42588051e-23)
(0.1489661334 0.05017693618 -3.690559362e-23)
(0.1525268707 0.006159438524 3.205603767e-22)
(0.1449360867 -0.04796100928 6.119548449e-22)
(0.1235154471 -0.1153050672 -5.101116999e-22)
(0.08633489565 -0.2004193889 -1.616015719e-22)
(0.03199050935 -0.3067805227 1.531348365e-22)
(-0.02362150574 -0.423983577 7.293709249e-23)
(-0.06492424202 -0.4871611225 1.913299461e-21)
(-0.02509973234 -0.3291543522 2.955000343e-21)
(-0.02004680072 0.1460727763 -4.390172974e-23)
(-0.06416411155 0.2112955628 4.41734551e-23)
(-0.05070246416 0.2177299281 1.000178173e-21)
(-0.01934127097 0.201467796 -8.270197765e-24)
(0.02414420406 0.1809073766 0)
(0.07154063902 0.1606931009 4.363656479e-23)
(0.1190696551 0.1416493618 -2.273817814e-22)
(0.164475982 0.1233180639 -9.027819564e-23)
(0.2062243398 0.1048116936 3.680681514e-23)
(0.2429635421 0.08507144485 -1.70163586e-23)
(0.273220047 0.06296158683 3.429933775e-23)
(0.2952529765 0.03726309263 -6.592612949e-23)
(0.3066965534 0.006535241714 -9.303832189e-23)
(0.3049733649 -0.0308775329 1.517026711e-22)
(0.2863932452 -0.07786277037 0)
(0.2470565056 -0.1399299404 1.505563702e-22)
(0.1810919783 -0.2266299311 2.560018028e-22)
(0.0960443192 -0.3443894404 0)
(-0.006697709563 -0.4552209638 -3.675647614e-21)
(-0.01922409732 -0.3777537052 -2.892629519e-21)
(-0.02591950224 0.2276829178 -9.514181112e-22)
(-0.0399832274 0.2238216789 -1.388966778e-22)
(0.03656135041 0.1810585131 -2.335556078e-22)
(0.1090502052 0.1451058373 -1.193728623e-22)
(0.1817189153 0.1172444457 -4.295768448e-23)
(0.2490087575 0.09627896608 9.783000992e-23)
(0.3100332568 0.08002500968 -1.408566966e-22)
(0.3646204491 0.06656808973 1.297155075e-22)
(0.4126247282 0.0544917649 -8.619997244e-23)
(0.4536245082 0.04270896537 1.132188956e-25)
(0.4867873825 0.03032303415 1.527724541e-23)
(0.5107447035 0.01652909144 7.997120423e-23)
(0.523659388 0.0005365920962 -1.81110501e-22)
(0.5231795283 -0.01863365671 -1.617128823e-22)
(0.505232141 -0.04286472826 -4.262844848e-23)
(0.4658713664 -0.07633227326 0)
(0.3952695469 -0.1286089262 -1.846502049e-22)
(0.2916070273 -0.2208468062 8.148788122e-22)
(0.1197454636 -0.3525016869 1.631605636e-21)
(0.02670546075 -0.3775497908 2.172657911e-21)
(0.2142894586 0.1347447321 9.864963424e-22)
(0.2776311552 0.09870505041 0)
(0.4316592698 0.05810415487 -2.594297477e-22)
(0.5304749515 0.03846264731 -1.741644206e-22)
(0.6016965448 0.02623418206 0)
(0.6571198072 0.01831922313 -6.008976128e-23)
(0.7015212164 0.01313599842 6.377878807e-23)
(0.7376040646 0.009542120768 -1.800123694e-23)
(0.7669366345 0.006804464179 2.885924498e-23)
(0.7902104616 0.004464750633 2.314999001e-23)
(0.8074553144 0.002221331493 0)
(0.8182619837 -0.0001500602892 -2.872999862e-23)
(0.8216498632 -0.002723832825 0)
(0.8162393564 -0.005712656966 2.73809499e-23)
(0.7991332875 -0.009611375928 1.421641018e-23)
(0.7679986312 -0.01500254919 -5.799453165e-23)
(0.7106555815 -0.02502520258 -2.535675341e-22)
(0.6235184018 -0.04204285767 -6.918121068e-22)
(0.4230091014 -0.09182968455 0)
(0.2705674678 -0.1524021858 -2.119485727e-21)
)


// ************************************************************************* //
