/*--------------------------------*- C++ -*----------------------------------*\
  =========                 |
  \\      /  F ield         | OpenFOAM: The Open Source CFD Toolbox
   \\    /   O peration     | Website:  https://openfoam.org
    \\  /    A nd           | Version:  13
     \\/     M anipulation  |
\*---------------------------------------------------------------------------*/
FoamFile
{
    format      ascii;
    class       scalarField;
    location    "10.73";
    object      p_all;
}
// * * * * * * * * * * * * * * * * * * * * * * * * * * * * * * * * * * * * * //


400
(
-2.208747262e-07
-0.0005312829458
-0.0008587327435
-0.0009730561196
-0.00088338591
-0.0006217955688
-0.000225370017
0.0002704155758
0.0008296714747
0.001412722334
0.00197481554
0.002464257958
0.002826580529
0.00300931899
0.002970971447
0.002692700169
0.002192824322
0.001527135278
0.000884259396
0.0002991942933
0.0005698236577
5.985637211e-06
-0.000342833316
-0.0004717616224
-0.0004286414769
-0.0002399302323
6.508712648e-05
0.0004572144403
0.0009052794297
0.001372533257
0.001820174023
0.002197633083
0.002455326943
0.002546452929
0.002437053784
0.002117419854
0.001612393927
0.0009848208362
0.0004025632135
-0.0002506970772
0.0009185790997
0.0002937688491
-9.139044953e-05
-0.000223838564
-0.0002036502834
-6.070536173e-05
0.0001807284111
0.0004989874823
0.0008702560738
0.001263947273
0.001644346958
0.001962518376
0.002168120142
0.00221293783
0.002061845578
0.001704190884
0.001162266787
0.0004905999901
-0.0001925711883
-0.001015342944
0.0009328649944
0.0002363766771
-0.0001961107246
-0.0003334062195
-0.0003263571992
-0.0002115168137
-1.016325012e-05
0.0002641660766
0.0005970506797
0.0009669673434
0.001336295288
0.001659747986
0.001878409706
0.001932804798
0.001774492416
0.001379675501
0.0007589134775
-4.268480429e-05
-0.0009389591535
-0.002067112637
0.0004411679721
-0.0003021461245
-0.0007622869259
-0.0008974477702
-0.0008989638396
-0.0008080101896
-0.0006408106819
-0.0003995684287
-8.556991586e-05
0.0002906591646
0.0006991253396
0.001091894236
0.001399242102
0.001541833378
0.001444473367
0.001054438393
0.0003572392309
-0.0006161185348
-0.00180277133
-0.003303201711
-0.0007032995605
-0.001463215052
-0.001933310962
-0.002065642869
-0.002084319426
-0.002031917682
-0.001915679925
-0.001721256795
-0.001430079694
-0.001033764546
-0.0005484492324
-1.827128504e-05
0.0004756935372
0.0008260068564
0.000913266864
0.0006314140048
-8.401707706e-05
-0.001231266498
-0.002774923647
-0.00474786631
-0.002634698946
-0.003378953716
-0.003852067403
-0.003995513382
-0.004062284637
-0.004093258277
-0.004082014783
-0.003990760003
-0.003771137282
-0.003382673409
-0.002812885511
-0.00208733751
-0.001290697624
-0.0005620355266
-8.541569017e-05
-5.733271979e-05
-0.0006372344666
-0.00189030149
-0.003833837776
-0.00639027198
-0.005461890013
-0.006164517364
-0.006644343422
-0.006831863655
-0.007006013815
-0.007204017875
-0.00740185174
-0.007530947666
-0.007500735099
-0.007219972347
-0.006622958488
-0.005684805846
-0.004474313306
-0.0031516455
-0.001981699695
-0.001300377991
-0.001436671748
-0.002600315668
-0.004928082829
-0.008180649293
-0.009257268841
-0.009897774527
-0.01039648813
-0.0106767255
-0.01104249865
-0.01152839458
-0.01209160702
-0.012627322
-0.0129902495
-0.01301497251
-0.0125418338
-0.01147347623
-0.009794841724
-0.007656496759
-0.005400624238
-0.003551110945
-0.002712696786
-0.003377083525
-0.005944631667
-0.009971138667
-0.01404185605
-0.01460243939
-0.01513195506
-0.0155535182
-0.01620101748
-0.01711255441
-0.01823033074
-0.01941247385
-0.02045005139
-0.02108334665
-0.02102931525
-0.02003585487
-0.01795715317
-0.01485378594
-0.01109611307
-0.007412241837
-0.004799305857
-0.004238689027
-0.006662145029
-0.01143084317
-0.01977912074
-0.02023908099
-0.02079372395
-0.02137407655
-0.02236049286
-0.0238079113
-0.02565341446
-0.02772348157
-0.02974416161
-0.03134857181
-0.03209852914
-0.03153700859
-0.02930693654
-0.02526293679
-0.01969325914
-0.01346909757
-0.008049808397
-0.005154147136
-0.006674661357
-0.01190999858
-0.02638860007
-0.02671274235
-0.02724201714
-0.02792083537
-0.02921451364
-0.03121697827
-0.03387531229
-0.03699438303
-0.04024093738
-0.04314027973
-0.045086065
-0.04538067674
-0.04339831054
-0.03866238251
-0.03121460824
-0.02189812837
-0.01257394951
-0.005884435936
-0.005261178308
-0.01023101343
-0.03379272841
-0.03390331828
-0.03427150778
-0.03485116869
-0.03626966001
-0.03869134433
-0.04208977285
-0.04625674501
-0.05080625508
-0.05516284269
-0.05856123664
-0.06008665405
-0.05873009845
-0.05368382448
-0.0445619295
-0.03192075136
-0.01777662645
-0.005662365699
-0.001160820319
-0.004400735425
-0.04202107263
-0.04172616273
-0.04165147525
-0.04172970972
-0.04289012708
-0.04540451222
-0.04928243685
-0.05429957248
-0.06001270858
-0.06574920417
-0.07059339083
-0.07340907338
-0.07290494254
-0.06784107112
-0.05733491552
-0.04141336542
-0.02187309581
-0.002762342347
0.007774441604
0.00871070136
-0.05140929527
-0.05020292455
-0.04914497845
-0.04804370867
-0.04835141131
-0.05046816176
-0.05442379342
-0.05995027648
-0.0665190129
-0.07334497005
-0.07936065953
-0.08322475498
-0.08338480401
-0.07820976696
-0.06632548497
-0.04708924816
-0.02175537313
0.005829072803
0.0250000627
0.03375554572
-0.06308271958
-0.05966535184
-0.05661744238
-0.05330513
-0.05198439826
-0.05313189603
-0.05672557827
-0.06239759194
-0.06945797236
-0.07697665504
-0.08370625021
-0.08809158422
-0.08833790001
-0.08242012395
-0.06856374914
-0.04542302204
-0.01362095556
0.02453633174
0.05564137332
0.07742652747
-0.07968528411
-0.07062834169
-0.06373813992
-0.05682369539
-0.05308129099
-0.05279828052
-0.05574313537
-0.06129566214
-0.06856788267
-0.07640405747
-0.08334055846
-0.08757971602
-0.0870471541
-0.07939334829
-0.06237121026
-0.03406045975
0.005415384215
0.05861516684
0.1057633787
0.1479963285
-0.1101150194
-0.08552010534
-0.07135311553
-0.05876736758
-0.0517120285
-0.04960206709
-0.0517099935
-0.05700142196
-0.06426814017
-0.07208741311
-0.07875581412
-0.08223014606
-0.0802031994
-0.06971688417
-0.04822027145
-0.0128350588
0.03804380452
0.1069536539
0.1777945141
0.2562843903
-0.1681477615
-0.09966688385
-0.0748642891
-0.0547106305
-0.04452116781
-0.04140690325
-0.04342069082
-0.04896181886
-0.05650406656
-0.06441679414
-0.07082991304
-0.07352881192
-0.06979936226
-0.05686445661
-0.03103595142
0.01179659567
0.07538510327
0.1661676743
0.2759187737
0.4374748352
-0.3981458764
-0.1378815273
-0.0748558095
-0.04704146796
-0.03349808185
-0.02990374042
-0.03255988276
-0.0388999401
-0.04709614117
-0.05542728712
-0.06199875635
-0.06459741508
-0.06067851031
-0.04680209385
-0.01873390151
0.02983716419
0.1067737019
0.2332107624
0.41965423
0.7798054218
)


// ************************************************************************* //
