/*--------------------------------*- C++ -*----------------------------------*\
  =========                 |
  \\      /  F ield         | OpenFOAM: The Open Source CFD Toolbox
   \\    /   O peration     | Website:  https://openfoam.org
    \\  /    A nd           | Version:  13
     \\/     M anipulation  |
\*---------------------------------------------------------------------------*/
FoamFile
{
    format      ascii;
    class       scalarField;
    location    "18.87";
    object      p_all;
}
// * * * * * * * * * * * * * * * * * * * * * * * * * * * * * * * * * * * * * //


400
(
1.18728691e-06
-0.0005455899141
-0.0008871671002
-0.001014225994
-0.0009350200573
-0.000681876803
-0.0002923582969
0.0001975514607
0.0007513545536
0.001328597088
0.001883668758
0.002363748368
0.002713460644
0.002879728309
0.002821029126
0.00251934945
0.001995091494
0.001305352269
0.000646945195
5.139840545e-05
0.0005889579058
8.222912914e-06
-0.0003550506476
-0.0004969431842
-0.0004658821436
-0.0002884319223
6.021465596e-06
0.0003881857811
0.0008266645779
0.001284218149
0.001721030448
0.002085970886
0.002328684096
0.002401818301
0.002271502127
0.001928939979
0.001400826915
0.0007521502921
0.0001550052237
-0.0005073727815
0.0009527124493
0.0003089374484
-9.180841821e-05
-0.0002376846177
-0.0002311055311
-0.0001021390883
0.0001251647753
0.0004295065218
0.0007871552447
0.001166171512
0.001534560964
0.001838428723
0.002027803313
0.002053978674
0.001881827646
0.001501511074
0.0009369556094
0.0002446549796
-0.0004533192441
-0.001289840725
0.0009761167609
0.0002586474014
-0.0001910297747
-0.0003428273167
-0.0003515547432
-0.0002540001202
-7.081691154e-05
0.0001853789934
0.0005010179518
0.0008557957193
0.001208707036
0.001516684851
0.001719006828
0.001755180623
0.001576357927
0.001159143202
0.0005153169828
-0.0003084402054
-0.001223167444
-0.002373251409
0.0004806049771
-0.0002841720627
-0.0007624704941
-0.0009136273195
-0.0009340143267
-0.0008648640998
-0.0007211828437
-0.0005034736688
-0.0002115014273
0.000145439619
0.0005369372093
0.0009147214502
0.001207616379
0.001334790817
0.001219876027
0.0008096920811
9.017090734e-05
-0.0009066666335
-0.002115926665
-0.003643556995
-0.0006854817744
-0.00146560376
-0.001954043772
-0.002104489281
-0.002146484544
-0.002122200825
-0.002036799472
-0.001873158283
-0.00161011503
-0.001237313594
-0.0007703051142
-0.0002536185676
0.0002301775578
0.0005713330316
0.0006480179857
0.0003521619792
-0.0003818029096
-0.001552108285
-0.003122062628
-0.005128241294
-0.002659492723
-0.003420654588
-0.003911920635
-0.004076594413
-0.004172974603
-0.004240808234
-0.004270475939
-0.004220070355
-0.004037256009
-0.00367834296
-0.003128837837
-0.002414493887
-0.001621161211
-0.000891151469
-0.0004126146803
-0.0003864290203
-0.0009756910642
-0.002247456599
-0.004218747353
-0.006813118031
-0.005550539311
-0.006265084667
-0.006762784014
-0.0069758872
-0.007188016532
-0.007434324473
-0.007686254134
-0.00786953771
-0.007887913658
-0.007645124834
-0.007071113801
-0.006142969573
-0.004927410301
-0.003589057572
-0.002398798059
-0.00169996391
-0.001828914445
-0.003000510476
-0.005353170143
-0.008645695917
-0.009428023171
-0.01007419032
-0.01059048475
-0.01090170956
-0.01131552603
-0.01186338091
-0.01249647469
-0.01310254972
-0.0135286546
-0.01360264
-0.01316078614
-0.01209923289
-0.01040661704
-0.008236203192
-0.005937377263
-0.004044375293
-0.003173708131
-0.00382700351
-0.006409927366
-0.01047393361
-0.01430667644
-0.01486573896
-0.01541217833
-0.01587023331
-0.01657615091
-0.01756380135
-0.01876785783
-0.02003715966
-0.02115311451
-0.02184722436
-0.02182986053
-0.02084452858
-0.01874490105
-0.01559460788
-0.01177169267
-0.008016267184
-0.005340853746
-0.004742354895
-0.007163467765
-0.01196066529
-0.02014099033
-0.0205915476
-0.02116125106
-0.02178194735
-0.02283511946
-0.02437051966
-0.0263161494
-0.02848727752
-0.03059832005
-0.03227205797
-0.03306256964
-0.03250786926
-0.03025057665
-0.02614866772
-0.02049748861
-0.0141795243
-0.008670026725
-0.005707253367
-0.007200772492
-0.0124475886
-0.0268400852
-0.02714644216
-0.02768653161
-0.02840564757
-0.02976956383
-0.03186644812
-0.03463275545
-0.03786005651
-0.04120132791
-0.04417027374
-0.04615227127
-0.04644315772
-0.04442854807
-0.03962761912
-0.03209144241
-0.02267242775
-0.01324355773
-0.006465722526
-0.005790081801
-0.01074711764
-0.034316102
-0.03440038102
-0.03477162381
-0.03538560726
-0.03687076838
-0.0393859135
-0.04289248691
-0.04716672299
-0.05180627556
-0.05622275203
-0.05964349703
-0.06115518774
-0.05974562538
-0.05462432464
-0.04541248214
-0.03267419272
-0.01843069363
-0.006226332112
-0.001656527565
-0.004857416913
-0.04258976983
-0.04226046902
-0.04217697915
-0.04227662475
-0.04349259965
-0.04609256192
-0.05007251001
-0.05519015211
-0.06098234876
-0.06676216987
-0.07160623749
-0.07438057394
-0.07380259544
-0.06864786929
-0.0580479271
-0.0420404985
-0.02242115825
-0.003240493292
0.007361757849
0.008354370452
-0.0519898933
-0.05074190536
-0.04965953353
-0.04856058634
-0.04890723479
-0.05109831638
-0.0551479401
-0.06076848205
-0.06740558433
-0.07425917317
-0.08025286997
-0.08404860373
-0.08410641315
-0.07881699339
-0.0668256774
-0.04750882564
-0.02211468631
0.005513277149
0.02472560864
0.03353591242
-0.06363637741
-0.06017122945
-0.0570807723
-0.05374850751
-0.05244901186
-0.0536616183
-0.05734312059
-0.06311434547
-0.07023632428
-0.07777425523
-0.08446722699
-0.08876339901
-0.08888022124
-0.08282565816
-0.06884079397
-0.04561356214
-0.01374617318
0.02442196719
0.05554426606
0.07735951387
-0.08016921485
-0.07105949065
-0.06410775304
-0.05715339605
-0.05341932411
-0.05320141007
-0.05624205199
-0.06189398081
-0.06923680908
-0.07709422427
-0.08399084853
-0.08813344615
-0.08746599005
-0.07964734884
-0.06247496984
-0.03404948549
0.005561988575
0.05859572719
0.1058227168
0.1480670499
-0.1104940247
-0.08584315916
-0.07159767155
-0.05896433122
-0.05190665834
-0.04987405502
-0.05209040229
-0.05749303314
-0.0648412651
-0.07268930804
-0.07932195414
-0.08269846757
-0.08050938231
-0.0698809359
-0.04823087066
-0.01272473189
0.03823166842
0.1071279717
0.1779745057
0.2564721107
-0.168427432
-0.09990022848
-0.0750033739
-0.05479477388
-0.04461557733
-0.0415796297
-0.04370857415
-0.04936873575
-0.05700152228
-0.06495389142
-0.07134553542
-0.07396641546
-0.07011912045
-0.0570081269
-0.03102757229
0.01192661269
0.07559433005
0.1663984051
0.2761560422
0.4376987476
-0.3984189553
-0.1380921165
-0.07496645429
-0.04708658588
-0.03354750207
-0.03002597936
-0.03279458487
-0.03925362267
-0.047544422
-0.05592350926
-0.06248492336
-0.0650162205
-0.06098510674
-0.04696357259
-0.01875486888
0.02993378126
0.1069514977
0.2334220423
0.4198747501
0.7800181963
)


// ************************************************************************* //
