/*--------------------------------*- C++ -*----------------------------------*\
  =========                 |
  \\      /  F ield         | OpenFOAM: The Open Source CFD Toolbox
   \\    /   O peration     | Website:  https://openfoam.org
    \\  /    A nd           | Version:  13
     \\/     M anipulation  |
\*---------------------------------------------------------------------------*/
FoamFile
{
    format      ascii;
    class       vectorField;
    location    "36.97";
    object      U_all;
}
// * * * * * * * * * * * * * * * * * * * * * * * * * * * * * * * * * * * * * //


400
(
(1.09970733e-05 -3.783788893e-05 0)
(-0.0006661045909 0.0004130416253 -1.550704737e-23)
(-0.002185376692 0.0009203936168 0)
(-0.004047832944 0.001312780904 0)
(-0.005971867415 0.001535065381 6.844834439e-25)
(-0.007762782202 0.001569846757 4.150609278e-24)
(-0.009284544281 0.00142356228 -7.370220478e-24)
(-0.01043594023 0.001119722713 7.533708716e-24)
(-0.01113681246 0.0006960834042 -2.095558701e-25)
(-0.0113271088 0.0002030795392 -3.994966451e-24)
(-0.01097176963 -0.0003002316677 5.803887668e-24)
(-0.01007232524 -0.0007475154072 -5.929755766e-23)
(-0.008679878385 -0.001075562922 -6.552926154e-23)
(-0.006902852541 -0.001233045349 -7.784647561e-23)
(-0.004910738609 -0.001192639502 4.57379415e-24)
(-0.002927232823 -0.0009619209739 -4.138126712e-24)
(-0.001205299888 -0.0005912118107 -1.99886516e-22)
(-1.906871746e-05 -0.0001698830218 0)
(0.0005181540204 0.0001720851941 1.510138327e-25)
(0.000222751482 0.000305978673 -2.560118425e-24)
(-0.0002633670765 0.0008289611357 1.383446692e-25)
(-0.002703309119 0.003383837318 1.560492221e-23)
(-0.006907277899 0.005604497714 1.554358909e-25)
(-0.01195231925 0.007008204831 -8.493876593e-25)
(-0.01713504193 0.00755377377 1.161931218e-24)
(-0.02197534954 0.007294197538 1.306680298e-23)
(-0.026110754 0.006321892243 1.390184225e-24)
(-0.02926563959 0.00475419182 -7.285390552e-24)
(-0.03122672256 0.002737151565 1.015400651e-23)
(-0.0318420031 0.0004524066718 4.510364668e-24)
(-0.03102760831 -0.001884142955 -6.319185835e-24)
(-0.02879316056 -0.004023027415 2.961312861e-24)
(-0.02527137894 -0.005708352628 3.89565027e-23)
(-0.02073194593 -0.006707408253 -1.954843583e-24)
(-0.01558962547 -0.006854139699 3.754639963e-24)
(-0.01038513443 -0.006097464816 -9.741496964e-23)
(-0.005730272824 -0.00454618792 9.638243555e-23)
(-0.002233367129 -0.002507420915 -3.962129155e-25)
(-0.00018177488 -0.0005023740717 4.062054869e-25)
(8.343578042e-05 0.0006099248684 0)
(-0.0004188244577 0.002935075982 -2.910842288e-25)
(-0.00464787613 0.008804009794 1.702603573e-23)
(-0.01137195935 0.01324041749 -8.278502109e-24)
(-0.01932728783 0.01579203501 -2.074345373e-25)
(-0.02747411155 0.01652999552 2.037828073e-25)
(-0.03511778014 0.01564441305 6.892299221e-27)
(-0.04171343743 0.01335997296 -1.22265227e-24)
(-0.04683570454 0.009919768432 -4.552596147e-25)
(-0.05014987583 0.005602431328 -1.063228535e-23)
(-0.05141230569 0.0007444197391 0)
(-0.05047791992 -0.004241779351 0)
(-0.04733705172 -0.008887184155 2.671157844e-23)
(-0.04215927039 -0.01268176545 2.813142464e-23)
(-0.03531436842 -0.01513604768 -1.646240839e-24)
(-0.02738995957 -0.01586189235 4.846119998e-23)
(-0.01917005779 -0.01467333981 9.419782826e-23)
(-0.01156090688 -0.01169360334 3.97612396e-23)
(-0.005465411168 -0.007450743653 4.143503274e-25)
(-0.001451098771 -0.00293604459 1.072882726e-25)
(-9.072693388e-05 0.0002258759374 0)
(-0.0005024639041 0.006045347023 -4.249545987e-23)
(-0.006402739899 0.01637074917 -1.692826132e-23)
(-0.01553502153 0.02355932648 8.205342325e-24)
(-0.02627911418 0.02744161579 0)
(-0.03728745796 0.02832101214 0)
(-0.04769036249 0.02658771763 0)
(-0.05679661574 0.0226311979 -4.476370324e-26)
(-0.06405382391 0.0168360896 -2.135168026e-24)
(-0.06901079736 0.009622182589 0)
(-0.07130826027 0.001491051129 1.635702862e-24)
(-0.07070851703 -0.006936500668 2.802974082e-25)
(-0.06713037796 -0.0149301835 -2.810822345e-25)
(-0.06069904303 -0.02166727548 0)
(-0.05180749597 -0.02631605099 4.133587987e-23)
(-0.04114991071 -0.02816070242 -4.681825013e-23)
(-0.02971969853 -0.0267737169 -2.76218204e-23)
(-0.01873716429 -0.02221530116 -3.961277459e-23)
(-0.009488026557 -0.01521921964 7.795790682e-25)
(-0.002976879134 -0.007298194283 9.789769434e-23)
(-0.0002318797109 -0.0008661684762 0)
(-0.000531613403 0.01009501217 4.270210487e-23)
(-0.007983591619 0.02595218677 4.784324888e-25)
(-0.0193968706 0.03642881625 -4.675052536e-25)
(-0.03282381614 0.04185519338 0)
(-0.04664687739 0.04289483868 7.782025844e-25)
(-0.0598522806 0.04020072849 -7.674125146e-25)
(-0.07163289529 0.03434740776 3.671973943e-23)
(-0.08132749219 0.02585663541 1.847881671e-23)
(-0.08836598888 0.01527298172 6.238040672e-24)
(-0.09225467235 0.003246149157 -1.637608471e-24)
(-0.09260377473 -0.009407826978 0)
(-0.08917553355 -0.02167477204 4.371074529e-25)
(-0.08195977421 -0.03236744053 1.009173858e-23)
(-0.07126884026 -0.04021249043 -4.349639887e-23)
(-0.05782017806 -0.0440204524 1.933083342e-24)
(-0.04278582269 -0.04294828363 4.217789136e-23)
(-0.02775449857 -0.03683346137 -3.842550785e-25)
(-0.01455062024 -0.02652720474 0)
(-0.004859461272 -0.01408454297 5.436533679e-23)
(-0.0003641483382 -0.002846953218 -2.565013315e-22)
(-0.0005272206366 0.01499927178 9.840948112e-23)
(-0.009377922906 0.03739021007 -4.907251477e-25)
(-0.02288182221 0.05170221354 0)
(-0.03883042551 0.05894181328 0)
(-0.05538655346 0.06025572859 -8.731817216e-23)
(-0.07142874839 0.05661899491 -8.498808486e-23)
(-0.08606652014 0.04880167534 -4.06719924e-23)
(-0.09855083655 0.03743979712 -1.50420726e-23)
(-0.1081945061 0.02315983653 -5.368178919e-24)
(-0.1143444468 0.006709681252 -8.174613375e-24)
(-0.1164045944 -0.01093291473 6.600715201e-24)
(-0.1138937147 -0.02848943953 8.825919005e-24)
(-0.1065486755 -0.04437044864 -1.892315213e-23)
(-0.09446802203 -0.05675332199 4.604077897e-24)
(-0.07826855487 -0.0637829706 0)
(-0.0592289441 -0.06393493928 -1.573175474e-23)
(-0.03933981206 -0.05653815065 -2.419210231e-26)
(-0.02114188414 -0.04235808315 0)
(-0.007318701328 -0.02398229044 -1.520586001e-22)
(-0.0005216164066 -0.005925544353 6.056140234e-22)
(-0.0004990816573 0.0206457388 -9.773906255e-23)
(-0.01052950694 0.05045436483 2.831925553e-22)
(-0.0258295681 0.06912509519 1.526829849e-22)
(-0.04402137265 0.07849255582 3.619177018e-24)
(-0.063107377 0.08029474186 -7.319313976e-23)
(-0.08190403197 0.07588040961 9.043246158e-23)
(-0.09947761442 0.06621689145 -3.590124867e-24)
(-0.1150227126 0.0520169402 -1.729126896e-24)
(-0.1277518909 0.03392358026 2.524095564e-24)
(-0.1368472316 0.01270233339 7.382270091e-24)
(-0.1414710233 -0.01058781584 -6.500486076e-24)
(-0.1408247901 -0.0344602311 -9.787264193e-24)
(-0.1342745713 -0.05692770046 -3.261749225e-23)
(-0.1215450022 -0.07553314292 -3.660934798e-23)
(-0.1029672484 -0.08754258533 5.644823073e-25)
(-0.07976368602 -0.09039207723 0)
(-0.05426681596 -0.08244512106 0)
(-0.02987160442 -0.06397735714 -2.905962887e-24)
(-0.01066284965 -0.0379879414 2.970409854e-24)
(-0.0007350934879 -0.01050089376 1.027871711e-22)
(-0.0004479165498 0.02687250339 0)
(-0.0113492299 0.06480755571 2.00197945e-22)
(-0.0280159907 0.08829614605 8.962085269e-23)
(-0.04799856328 0.100123466 0)
(-0.06920600583 0.102707628 1.569851942e-22)
(-0.09044371441 0.09781576266 0)
(-0.1107831478 0.08661101204 -1.428372442e-22)
(-0.1294093537 0.06983949142 6.515472459e-24)
(-0.1454771389 0.04808231646 0)
(-0.158035155 0.02201755704 0)
(-0.1660133185 -0.007334431874 -1.374389266e-24)
(-0.1682671291 -0.03838838354 -9.316517475e-25)
(-0.1637064448 -0.06883973992 1.491948263e-22)
(-0.1515208542 -0.09558273537 -4.70465257e-23)
(-0.1315134371 -0.1148298418 -2.560867009e-24)
(-0.1045595932 -0.1225703175 1.534626341e-24)
(-0.07309348876 -0.115551776 -1.558833954e-24)
(-0.04135020901 -0.09283114058 0)
(-0.01525230052 -0.05740766806 3.203761738e-24)
(-0.001044308826 -0.01714714283 -1.012901309e-21)
(-0.0003744668123 0.03346303577 0)
(-0.01175005903 0.07998916539 -1.128265811e-22)
(-0.02920707464 0.1086390646 -6.191095169e-22)
(-0.05031744196 0.1232233665 -3.755279762e-22)
(-0.07296316268 0.1269096719 0)
(-0.0959895875 0.1219255367 4.119424732e-22)
(-0.118527332 0.1096348431 1.260910915e-22)
(-0.1398146243 0.09078244455 -5.581792647e-24)
(-0.159022136 0.06581392504 5.554165771e-24)
(-0.1751460799 0.03520881201 0)
(-0.186955977 -0.0001967388246 2.912115956e-23)
(-0.1930172432 -0.03889752849 4.69579782e-24)
(-0.1917809705 -0.07843886489 -1.076793599e-22)
(-0.1817874244 -0.1151865132 8.004054954e-23)
(-0.1620570266 -0.1442599193 -2.419717209e-22)
(-0.132706186 -0.1598548354 0)
(-0.09577887111 -0.1563112637 0)
(-0.0560163241 -0.1302980889 0)
(-0.02147858868 -0.08381133949 0)
(-0.001500384309 -0.02665515975 5.572052725e-22)
(-0.0002873900799 0.04016076707 0)
(-0.01169359542 0.0954360912 -3.492986578e-22)
(-0.02924438039 0.1294073306 8.932742569e-22)
(-0.05060946768 0.1469298814 3.617152957e-22)
(-0.07370081858 0.151974833 0)
(-0.09745150141 0.1472757662 -3.862524504e-22)
(-0.1211069727 0.1344191716 -3.174410638e-23)
(-0.1440324672 0.1141393163 3.333088847e-22)
(-0.1655143116 0.0867000589 1.769467257e-22)
(-0.1846248395 0.05229123597 -4.060137633e-23)
(-0.2001325676 0.01141717074 1.656820779e-23)
(-0.2104622302 -0.03471422572 -8.265210451e-24)
(-0.2137208386 -0.08376561448 3.371845447e-22)
(-0.2078215358 -0.1318756086 0)
(-0.1908238403 -0.1732755843 2.420886221e-22)
(-0.1616335618 -0.2002593088 5.774687603e-24)
(-0.1211662593 -0.2040121418 -5.860805281e-24)
(-0.07384989143 -0.1772119716 1.548417446e-22)
(-0.02971786531 -0.1188642173 -5.435364353e-24)
(-0.002179544831 -0.04005398253 0)
(-0.000211719939 0.04671638969 0)
(-0.01125001109 0.1105497876 0)
(-0.02815624457 0.1497354668 -5.022728456e-22)
(-0.04874479184 0.1701517235 -1.880988847e-23)
(-0.07100086375 0.176625679 2.038369336e-23)
(-0.09399451141 0.1724526201 -2.014301944e-23)
(-0.1171434263 0.1594870746 -2.316873558e-23)
(-0.140017947 0.1384804923 -3.02980888e-22)
(-0.1621328859 0.1095160642 6.698608881e-23)
(-0.1827959006 0.07245187093 4.513161393e-23)
(-0.2009835522 0.02734929765 -4.577705228e-23)
(-0.2152270224 -0.02508696146 0)
(-0.2235562167 -0.08298349171 -7.839623894e-23)
(-0.2234632143 -0.1427257067 0)
(-0.2120679371 -0.1981820583 -3.739547964e-22)
(-0.1867434482 -0.2400773379 5.244925787e-22)
(-0.1464438238 -0.2560773101 0)
(-0.09394567203 -0.2331209234 -1.493964502e-22)
(-0.04022000714 -0.1639613474 1.937519967e-22)
(-0.003201099964 -0.05861062483 -3.411499293e-22)
(-0.0002015412122 0.05297584127 0)
(-0.01067262046 0.1248172145 9.182840006e-22)
(-0.02628446972 0.168742425 -2.440676577e-23)
(-0.04501108152 0.1916454774 9.193311795e-22)
(-0.06494597858 0.1992920699 -2.512077903e-23)
(-0.08536628942 0.195610401 2.838834896e-23)
(-0.1059305699 0.1827886606 -2.812921041e-23)
(-0.1264924251 0.1616583355 -1.6609131e-23)
(-0.1468996922 0.1321762233 -5.26021447e-22)
(-0.166845824 0.09389646805 -8.906604649e-24)
(-0.1857303112 0.04640577219 9.660173927e-24)
(-0.2024781772 -0.01023783204 3.313071231e-22)
(-0.2154154692 -0.07499818293 -5.820727042e-22)
(-0.2220209777 -0.1450311596 0)
(-0.2188032142 -0.2146760344 8.887296558e-22)
(-0.2016257536 -0.2740016127 -4.940860133e-22)
(-0.166863918 -0.3075811654 -1.57221435e-23)
(-0.1140220069 -0.2953811632 0)
(-0.05288481814 -0.219580237 -1.89015418e-22)
(-0.004749187874 -0.08377277138 3.360557596e-22)
(-0.0003641991577 0.05902316908 1.551005704e-23)
(-0.01049574269 0.1379881281 -8.764168976e-22)
(-0.02441390141 0.1856803793 -1.157056373e-21)
(-0.04026725239 0.2101384406 -8.628962375e-22)
(-0.05630730585 0.2182348575 0)
(-0.07214857698 0.214618998 3.513796686e-23)
(-0.0877922296 0.2018791736 -7.294848885e-23)
(-0.1034562945 0.1810005473 5.86787082e-23)
(-0.1193984046 0.151899719 3.021359374e-22)
(-0.1357931735 0.1139150596 -1.12819336e-23)
(-0.1526082519 0.06621425886 0)
(-0.1694521577 0.008177217949 -3.603922643e-22)
(-0.1852760792 -0.06015985863 7.515655077e-22)
(-0.1980448692 -0.1372746801 8.831689131e-22)
(-0.2043546406 -0.2189261655 -5.296613664e-22)
(-0.1990977713 -0.295971266 5.16267574e-22)
(-0.1760605385 -0.3514072322 1.07822397e-23)
(-0.1300890647 -0.3584150522 -1.095538866e-23)
(-0.06688803244 -0.2843276298 -8.215628241e-23)
(-0.007083319718 -0.1169964325 0)
(-0.0009095783486 0.06540040855 -1.911482051e-23)
(-0.0116759216 0.1502816224 -1.326962628e-21)
(-0.02388882931 0.200065929 1.094234927e-21)
(-0.03601341639 0.224421666 6.734917223e-22)
(-0.0465731027 0.2316587944 6.014620554e-22)
(-0.05577040314 0.2272393438 6.643944578e-22)
(-0.06411247819 0.2141774683 -4.458668978e-23)
(-0.07227563943 0.1936494265 -3.461331229e-22)
(-0.08096975436 0.1656028279 2.152158906e-22)
(-0.09087194943 0.1292707388 0)
(-0.1025547723 0.08353083376 0)
(-0.1163622428 0.02720012043 2.655393228e-22)
(-0.1321589823 -0.04062004431 8.194327065e-23)
(-0.1489252562 -0.1200128134 -2.821617184e-22)
(-0.1641284492 -0.2089300505 -5.411262699e-23)
(-0.1727877785 -0.3006992309 1.301951131e-22)
(-0.1670311417 -0.3793328889 -3.400489457e-22)
(-0.1365292495 -0.4136451749 -1.593995798e-23)
(-0.08018250262 -0.3538326007 8.204400495e-23)
(-0.01050762287 -0.1594130474 -6.032191457e-22)
(-0.002260499098 0.0734888303 0)
(-0.01580356163 0.1626521629 2.145870041e-21)
(-0.0266504363 0.2117904522 0)
(-0.03422341159 0.233394702 -1.351805415e-21)
(-0.03759400503 0.2377766577 6.184050952e-23)
(-0.03799687653 0.2312553305 -6.19308298e-22)
(-0.03668268616 0.2171898846 -4.75627638e-22)
(-0.03489039283 0.1968934396 8.301241193e-22)
(-0.03378841004 0.1703342356 -1.885694915e-22)
(-0.03449879596 0.1367221111 0)
(-0.03811575869 0.09479674481 0)
(-0.0456499552 0.04304287784 2.410618467e-23)
(-0.05790807266 -0.02013779846 -6.007190305e-22)
(-0.07514601309 -0.09620648782 -4.309560709e-22)
(-0.09645177453 -0.1855556031 4.637855637e-22)
(-0.1183462821 -0.285356763 -6.48872014e-22)
(-0.1332715534 -0.3838386384 9.119933907e-23)
(-0.1265351078 -0.4504358554 2.937490216e-23)
(-0.08899154394 -0.4198536218 5.660459227e-22)
(-0.01526917948 -0.2111719644 6.020824139e-22)
(-0.005180900111 0.08598045699 0)
(-0.02525551213 0.1766291095 1.465579548e-22)
(-0.03483409084 0.2205961399 -4.917135546e-23)
(-0.03640015571 0.2354859159 7.642916346e-22)
(-0.03018485299 0.2343406558 -7.005365036e-22)
(-0.01916582149 0.224160371 4.746472702e-23)
(-0.005615180451 0.2083525713 -1.018608332e-22)
(0.008569575629 0.188124101 -3.389883195e-22)
(0.02179882857 0.1633911249 2.062819975e-22)
(0.03262778181 0.1333242765 0)
(0.03958455371 0.09664086929 0)
(0.04117010242 0.05174057463 -2.902664099e-22)
(0.03578481007 -0.00325538647 0)
(0.02198182107 -0.07058359702 -5.512180278e-22)
(-0.00126486889 -0.1525735401 -1.492374111e-23)
(-0.03310471806 -0.2505949751 2.559731776e-23)
(-0.06909237359 -0.3599341421 2.203127598e-22)
(-0.09227828014 -0.4575424433 4.788183951e-24)
(-0.08718090333 -0.4698129309 -5.789428677e-22)
(-0.02103127191 -0.2698972228 0)
(-0.01111631597 0.1085974969 0)
(-0.04248902262 0.1947151624 -8.848464108e-22)
(-0.04795529862 0.2258195416 -5.411031121e-22)
(-0.03919537494 0.228213543 4.543808378e-22)
(-0.01877832425 0.2182328 -1.709980078e-24)
(0.007664287644 0.202822023 -4.561041069e-23)
(0.03667990429 0.1847619673 5.696672185e-22)
(0.06582995426 0.1647118157 -2.766886489e-23)
(0.09327127683 0.1423128164 -2.069778838e-22)
(0.1173891294 0.1166274966 3.142209466e-23)
(0.136546139 0.0864114449 -3.425913047e-23)
(0.1489668993 0.05017669843 -3.690589959e-23)
(0.1525275534 0.006159175985 3.205629788e-22)
(0.1449366814 -0.04796126149 6.119598592e-22)
(0.1235159602 -0.1153052832 -5.101163932e-22)
(0.0863353187 -0.2004195587 -1.616051354e-22)
(0.03199087918 -0.3067806542 1.531314978e-22)
(-0.02362124139 -0.4239837094 7.293662371e-23)
(-0.06492413451 -0.4871612732 1.913293059e-21)
(-0.02509971758 -0.3291544699 2.954993103e-21)
(-0.02004680491 0.146072741 -4.39020317e-23)
(-0.06416406401 0.2112955834 4.417375895e-23)
(-0.05070231063 0.2177300441 1.000187084e-21)
(-0.01934098364 0.2014679918 -8.270555638e-24)
(0.02414463409 0.1809076101 0)
(0.07154120056 0.1606933273 4.363713675e-23)
(0.1190703169 0.1416495435 -2.273847806e-22)
(0.1644767072 0.1233181787 -9.027940088e-23)
(0.206225089 0.1048117287 3.680728167e-23)
(0.242964276 0.08507140278 -1.70165298e-23)
(0.2732207333 0.0629614808 3.42996635e-23)
(0.2952535889 0.0372629436 -6.592672862e-23)
(0.3066970867 0.006535074072 -9.303897672e-23)
(0.3049738149 -0.03087769481 1.517041657e-22)
(0.2863936115 -0.07786290499 0)
(0.2470567976 -0.1399300336 1.50560351e-22)
(0.1810922148 -0.2266299737 2.560014772e-22)
(0.09604449585 -0.3443894928 0)
(-0.006697619261 -0.4552210197 -3.675637207e-21)
(-0.01922408257 -0.3777537568 -2.892622522e-21)
(-0.02591951327 0.2276828805 -9.514201851e-22)
(-0.0399832445 0.2238216525 -1.388975208e-22)
(0.03656137015 0.1810585354 -2.335577943e-22)
(0.1090503016 0.1451059071 -1.193740196e-22)
(0.1817191128 0.1172445465 -4.29581733e-23)
(0.2490090628 0.09627907324 9.78315498e-23)
(0.3100336564 0.08002510169 -1.408588703e-22)
(0.3646209169 0.06656815194 1.297172797e-22)
(0.4126252318 0.05449178874 -8.620105812e-23)
(0.4536250123 0.04270895028 1.132195363e-25)
(0.4867878558 0.03032298615 1.527739673e-23)
(0.5107451218 0.01652902111 7.997194711e-23)
(0.5236597334 0.0005365169085 -1.811121424e-22)
(0.5231797919 -0.01863373007 -1.617143808e-22)
(0.5052323349 -0.04286478762 -4.262937512e-23)
(0.4658715031 -0.07633231063 0)
(0.395269646 -0.128608938 -1.846481937e-22)
(0.291607102 -0.2208468096 8.148767982e-22)
(0.1197455089 -0.3525016901 1.631602334e-21)
(0.02670547216 -0.3775497976 2.172656285e-21)
(0.2142894472 0.1347447208 9.864986474e-22)
(0.2776311199 0.09870503612 0)
(0.431659231 0.05810414838 -2.594317679e-22)
(0.5304749357 0.0384626496 -1.741663236e-22)
(0.6016965747 0.02623419108 0)
(0.6571198936 0.01831923462 -6.009074804e-23)
(0.7015213561 0.01313600838 6.377984281e-23)
(0.7376042444 0.009542126367 -1.800152076e-23)
(0.7669368352 0.006804463773 2.885967641e-23)
(0.790210662 0.004464744193 2.315028833e-23)
(0.807455495 0.002221320232 0)
(0.8182621305 -0.0001500745548 -2.873028781e-23)
(0.8216499679 -0.00272384786 0)
(0.8162394174 -0.005712668348 2.738142721e-23)
(0.7991333137 -0.009611382664 1.421683783e-23)
(0.7679986342 -0.01500255104 -5.799411936e-23)
(0.7106555755 -0.02502519965 -2.535663573e-22)
(0.623518398 -0.04204285419 -6.918105322e-22)
(0.423009102 -0.09182968092 0)
(0.2705674689 -0.1524021842 -2.11948414e-21)
)


// ************************************************************************* //
