/*--------------------------------*- C++ -*----------------------------------*\
  =========                 |
  \\      /  F ield         | OpenFOAM: The Open Source CFD Toolbox
   \\    /   O peration     | Website:  https://openfoam.org
    \\  /    A nd           | Version:  13
     \\/     M anipulation  |
\*---------------------------------------------------------------------------*/
FoamFile
{
    format      ascii;
    class       vectorField;
    location    "43.52";
    object      U_all;
}
// * * * * * * * * * * * * * * * * * * * * * * * * * * * * * * * * * * * * * //


400
(
(1.100652514e-05 -3.783143143e-05 0)
(-0.0006660943726 0.0004130425108 -1.551315005e-23)
(-0.002185373969 0.0009203936323 0)
(-0.004047833064 0.001312782173 0)
(-0.005971868843 0.001535067801 6.845684786e-25)
(-0.007762782755 0.001569848523 4.150899081e-24)
(-0.009284543831 0.001423561459 -7.373708194e-24)
(-0.01043594076 0.001119719324 7.530440203e-24)
(-0.01113681579 0.0006960795475 -2.095357642e-25)
(-0.01132711445 0.0002030775809 -3.994621876e-24)
(-0.01097177501 -0.0003002309874 5.803587909e-24)
(-0.01007232792 -0.000747513323 -5.929553534e-23)
(-0.008679877782 -0.001075561248 -6.552676538e-23)
(-0.006902850004 -0.001233045156 -7.784277559e-23)
(-0.004910736136 -0.001192640623 4.573561713e-24)
(-0.002927231502 -0.000961922505 -4.137903168e-24)
(-0.001205299415 -0.0005912129721 -1.998737135e-22)
(-1.906820653e-05 -0.0001698835343 0)
(0.0005181549358 0.0001720851117 1.509493367e-25)
(0.0002227518986 0.0003059787779 -2.551446786e-24)
(-0.000263362714 0.0008289708454 1.382964315e-25)
(-0.00270330439 0.003383842169 1.56111239e-23)
(-0.00690727475 0.005604500479 1.555370974e-25)
(-0.01195231859 0.00700820751 -8.495793687e-25)
(-0.01713504622 0.007553778221 1.162192934e-24)
(-0.02197535822 0.007294202854 1.306927808e-23)
(-0.02611076378 0.006321895621 1.388019993e-24)
(-0.0292656474 0.004754191461 -7.282166736e-24)
(-0.03122672804 0.002737148438 1.015261784e-23)
(-0.03184200806 0.0004524034528 4.509962405e-24)
(-0.03102761439 -0.001884144247 -6.318857434e-24)
(-0.02879316758 -0.004023027163 2.961725967e-24)
(-0.02527138505 -0.005708352395 3.895529642e-23)
(-0.02073194937 -0.006707409387 -1.954760877e-24)
(-0.01558962598 -0.006854142269 3.754463546e-24)
(-0.01038513321 -0.006097467754 -9.740925535e-23)
(-0.005730271283 -0.004546190062 9.637583153e-23)
(-0.002233365897 -0.00250742179 -3.961065073e-25)
(-0.0001817735905 -0.0005023740489 4.060963857e-25)
(8.343653965e-05 0.000609924815 0)
(-0.000418823712 0.002935080807 -2.910390172e-25)
(-0.004647875349 0.008804017372 1.702026581e-23)
(-0.0113719603 0.01324042439 -8.28377555e-24)
(-0.01932728981 0.0157920395 -2.075482997e-25)
(-0.02747411637 0.01652999917 2.03894535e-25)
(-0.03511778956 0.01564441813 6.806779846e-27)
(-0.04171345134 0.01335997968 -1.220520345e-24)
(-0.04683572059 0.009919774536 -4.551279449e-25)
(-0.05014989112 0.005602434194 -1.063081437e-23)
(-0.05141231852 0.0007444187421 0)
(-0.05047793072 -0.00424178334 0)
(-0.04733706147 -0.008887189116 2.671000219e-23)
(-0.04215927917 -0.01268177004 2.81301002e-23)
(-0.03531437556 -0.01513605168 -1.646157558e-24)
(-0.02738996416 -0.0158618961 4.845850733e-23)
(-0.01917005969 -0.01467334335 9.419230434e-23)
(-0.01156090682 -0.01169360609 3.975674253e-23)
(-0.005465410152 -0.007450745033 4.141740225e-25)
(-0.001451097467 -0.002936044712 1.073846313e-25)
(-9.072610159e-05 0.0002258756852 0)
(-0.0005024629829 0.006045350308 -4.248865021e-23)
(-0.006402740559 0.01637075822 -1.692249953e-23)
(-0.01553502648 0.02355933911 8.210616395e-24)
(-0.02627912175 0.02744162776 0)
(-0.03728746749 0.02832102114 0)
(-0.0476903745 0.02658772396 0)
(-0.0567966313 0.02263120307 -4.466592047e-26)
(-0.0640538431 0.01683609428 -2.13678119e-24)
(-0.06901081834 0.009622185809 0)
(-0.071308281 0.001491051379 1.635418088e-24)
(-0.0707085357 -0.006936504296 2.80275613e-25)
(-0.06713039357 -0.01493019013 -2.810603782e-25)
(-0.06069905591 -0.0216672836 0)
(-0.05180750652 -0.02631605914 4.1332578e-23)
(-0.04114991879 -0.02816070972 -4.681564049e-23)
(-0.02971970372 -0.02677372293 -2.761933989e-23)
(-0.0187371666 -0.02221530554 -3.960819527e-23)
(-0.009488026746 -0.01521922208 7.795928857e-25)
(-0.002976878193 -0.007298195132 9.790379661e-23)
(-0.000231878901 -0.0008661688651 0)
(-0.0005316121673 0.01009501528 4.269525818e-23)
(-0.007983591924 0.0259521956 4.785362911e-25)
(-0.01939687599 0.0364288311 -4.676066787e-25)
(-0.03282382687 0.04185521117 0)
(-0.04664689217 0.04289485558 7.78287918e-25)
(-0.05985229801 0.0402007417 -7.67496673e-25)
(-0.07163291482 0.03434741648 3.672269368e-23)
(-0.0813275141 0.02585664034 1.848195016e-23)
(-0.08836601308 0.01527298355 6.238816133e-24)
(-0.09225469769 0.00324614763 -1.637323372e-24)
(-0.09260379925 -0.00940783192 0)
(-0.08917555544 -0.02167478038 4.370597669e-25)
(-0.08195979264 -0.03236745146 1.009002583e-23)
(-0.07126885521 -0.04021250247 -4.349288934e-23)
(-0.05782018974 -0.04402046399 1.932893315e-24)
(-0.04278583103 -0.0429482935 4.21725822e-23)
(-0.02775450347 -0.03683346867 -3.84175699e-25)
(-0.0145506222 -0.02652720918 0)
(-0.00485946125 -0.01408454496 5.436537334e-23)
(-0.0003641477863 -0.002846953851 -2.565079054e-22)
(-0.0005272203498 0.01499927792 9.841510253e-23)
(-0.009377924335 0.03739022227 -4.90774875e-25)
(-0.02288182719 0.05170223049 0)
(-0.03883043626 0.0589418336 0)
(-0.05538657007 0.06025574983 -8.7321129e-23)
(-0.07142876956 0.05661901393 -8.499078209e-23)
(-0.08606654413 0.04880168955 -4.067522661e-23)
(-0.09855086222 0.03743980537 -1.504359202e-23)
(-0.1081945331 0.02315983903 -5.368861146e-24)
(-0.1143444746 0.006709678621 -8.174963418e-24)
(-0.1164046221 -0.01093292183 6.601099902e-24)
(-0.1138937409 -0.0284894506 8.826676394e-24)
(-0.1065486987 -0.04437046292 -1.892319809e-23)
(-0.09446804155 -0.05675333817 4.607667509e-24)
(-0.07826857038 -0.06378298698 0)
(-0.05922895551 -0.06393495404 -1.572875131e-23)
(-0.03933981937 -0.05653816225 -2.428978174e-26)
(-0.02114188784 -0.04235809078 0)
(-0.007318702317 -0.02398229422 -1.520648096e-22)
(-0.000521616201 -0.005925545337 6.05627204e-22)
(-0.000499082601 0.02064574759 -9.774462422e-23)
(-0.01052951036 0.05045438313 2.83198206e-22)
(-0.02582957402 0.06912511766 1.526860116e-22)
(-0.044021383 0.07849258003 3.619280805e-24)
(-0.06310739281 0.08029476614 -7.319354787e-23)
(-0.08190405315 0.07588043202 9.043533461e-23)
(-0.09947763976 0.06621690969 -3.590213886e-24)
(-0.1150227404 0.05201695226 -1.729168414e-24)
(-0.1277519199 0.03392358516 2.524157907e-24)
(-0.136847261 0.01270233124 7.382599557e-24)
(-0.1414710523 -0.01058782432 -6.500848165e-24)
(-0.1408248181 -0.03446024491 -9.788097496e-24)
(-0.1342745971 -0.05692771843 -3.26173145e-23)
(-0.1215450249 -0.07553316359 -3.661494343e-23)
(-0.102967267 -0.08754260686 5.645966498e-25)
(-0.07976370013 -0.09039209748 0)
(-0.05426682538 -0.08244513791 0)
(-0.02987160954 -0.063977369 -2.90606629e-24)
(-0.01066285141 -0.03798794773 2.970515555e-24)
(-0.0007350935137 -0.01050089541 1.027872719e-22)
(-0.0004479172784 0.02687251224 0)
(-0.01134923345 0.06480757796 2.001983655e-22)
(-0.02801599743 0.08829617456 8.962057875e-23)
(-0.04799857353 0.1001234959 0)
(-0.06920602018 0.1027076565 1.569884579e-22)
(-0.09044373324 0.09781578806 0)
(-0.1107831708 0.08661103278 -1.42838976e-22)
(-0.12940938 0.06983950593 6.51556508e-24)
(-0.145477167 0.04808232345 0)
(-0.1580351837 0.02201755601 0)
(-0.1660133467 -0.007334440623 -1.37441138e-24)
(-0.1682671563 -0.03838839908 -9.316786434e-25)
(-0.1637064704 -0.06883976087 1.491981232e-22)
(-0.1515208774 -0.09558276004 -4.704628731e-23)
(-0.131513457 -0.1148298682 -2.560977026e-24)
(-0.1045596089 -0.1225703432 1.534733619e-24)
(-0.07309349967 -0.1155517984 -1.558942939e-24)
(-0.04135021517 -0.09283115722 0)
(-0.01525230276 -0.05740767757 3.203814743e-24)
(-0.001044308925 -0.01714714552 -1.012914804e-21)
(-0.0003744664798 0.03346304453 0)
(-0.01175006089 0.07998918885 -1.128292132e-22)
(-0.02920708019 0.1086390967 -6.191153655e-22)
(-0.05031745085 0.1232234013 -3.755308888e-22)
(-0.07296317474 0.1269097051 0)
(-0.0959896027 0.1219255655 4.119459439e-22)
(-0.1185273504 0.1096348661 1.260926254e-22)
(-0.1398146455 0.0907824606 -5.581838864e-24)
(-0.1590221591 0.06581393324 5.55421176e-24)
(-0.1751461039 0.03520881186 0)
(-0.186956001 -0.0001967472999 2.912131439e-23)
(-0.1930172665 -0.03889754461 4.695841247e-24)
(-0.1917809927 -0.0784388874 -1.076809597e-22)
(-0.1817874451 -0.1151865404 8.004220116e-23)
(-0.1620570451 -0.1442599492 -2.419748047e-22)
(-0.1327062014 -0.1598548655 0)
(-0.09577888241 -0.156311291 0)
(-0.05601633081 -0.1302981104 0)
(-0.02147859123 -0.08381135254 0)
(-0.001500384401 -0.02665516381 5.572120062e-22)
(-0.0002873894011 0.04016077708 0)
(-0.01169359573 0.09543611546 -3.493018836e-22)
(-0.02924438318 0.1294073641 8.932804768e-22)
(-0.0506094732 0.1469299187 3.617181126e-22)
(-0.07370082653 0.1519748692 0)
(-0.09745151142 0.1472757978 -3.862557084e-22)
(-0.1211069846 0.1344191965 -3.174432111e-23)
(-0.1440324807 0.1141393334 3.333106754e-22)
(-0.1655143265 0.08670006768 1.769475559e-22)
(-0.1846248551 0.05229123628 -4.060153458e-23)
(-0.2001325833 0.01141716271 1.656822027e-23)
(-0.2104622457 -0.03471424151 -8.265250903e-24)
(-0.2137208537 -0.08376563701 3.371859393e-22)
(-0.2078215506 -0.1318756364 0)
(-0.1908238543 -0.1732756157 2.420917074e-22)
(-0.1616335744 -0.2002593415 5.774782128e-24)
(-0.1211662694 -0.2040121728 -5.860901212e-24)
(-0.07384989797 -0.1772119973 1.548449626e-22)
(-0.02971786802 -0.1188642339 -5.435465563e-24)
(-0.00217954494 -0.04005398811 0)
(-0.0002117197195 0.04671640085 0)
(-0.01125001068 0.110549813 0)
(-0.02815624437 0.1497355009 -5.022759571e-22)
(-0.04874479273 0.1701517613 -1.880998701e-23)
(-0.07100086582 0.176625716 2.038379475e-23)
(-0.09399451443 0.1724526526 -2.014311963e-23)
(-0.1171434299 0.1594871001 -2.316884628e-23)
(-0.1400179511 0.1384805095 -3.029825136e-22)
(-0.1621328903 0.1095160729 6.69861497e-23)
(-0.182795905 0.07245187118 4.513179492e-23)
(-0.2009835567 0.02734928998 -4.577721995e-23)
(-0.2152270269 -0.02508697638 0)
(-0.2235562214 -0.08298351298 -7.83968655e-23)
(-0.2234632198 -0.1427257332 0)
(-0.2120679434 -0.1981820888 -3.739563693e-22)
(-0.1867434552 -0.2400773707 5.244956756e-22)
(-0.1464438306 -0.2560773425 0)
(-0.0939456773 -0.2331209518 -1.493995665e-22)
(-0.04022000978 -0.163961367 1.937552288e-22)
(-0.003201100147 -0.05861063192 -3.41153186e-22)
(-0.0002015413323 0.05297585201 0)
(-0.01067261944 0.1248172399 9.182873634e-22)
(-0.02628446691 0.1687424588 -2.440686445e-23)
(-0.04501107761 0.1916455145 9.193342207e-22)
(-0.06494597398 0.199292106 -2.512087406e-23)
(-0.08536628432 0.1956104326 2.838845537e-23)
(-0.1059305643 0.1827886853 -2.812931585e-23)
(-0.1264924187 0.1616583518 -1.660918704e-23)
(-0.1468996851 0.1321762309 -5.260231278e-22)
(-0.1668458162 0.09389646752 -8.906631968e-24)
(-0.185730303 0.04640576442 9.660199138e-24)
(-0.2024781691 -0.01023784604 3.313078841e-22)
(-0.2154154617 -0.07499820226 -5.820741952e-22)
(-0.2220209719 -0.1450311833 0)
(-0.2188032107 -0.2146760619 8.887326985e-22)
(-0.2016257528 -0.2740016429 -4.940889237e-22)
(-0.1668639196 -0.3075811966 -1.572223976e-23)
(-0.1140220095 -0.2953811922 0)
(-0.0528848202 -0.2195802586 -1.890185955e-22)
(-0.004749188141 -0.08377277977 3.360589601e-22)
(-0.0003641990948 0.0590231781 1.551011041e-23)
(-0.01049574059 0.1379881514 -8.764201105e-22)
(-0.02441389618 0.1856804111 -1.157059552e-21)
(-0.04026724404 0.2101384756 -8.62899091e-22)
(-0.05630729475 0.2182348914 0)
(-0.07214856373 0.2146190274 3.513806907e-23)
(-0.08779221467 0.2018791962 -7.294869864e-23)
(-0.103456278 0.1810005617 5.867887219e-23)
(-0.1193983867 0.1518997249 3.021368097e-22)
(-0.1357931544 0.1139150577 -1.1281962e-23)
(-0.1526082321 0.06621425043 0)
(-0.1694521379 0.008177204413 -3.603931001e-22)
(-0.1852760604 -0.06015987608 7.515670787e-22)
(-0.1980448526 -0.1372747005 8.831706892e-22)
(-0.2043546273 -0.2189261885 -5.296629273e-22)
(-0.199097762 -0.2959712913 5.162691675e-22)
(-0.1760605336 -0.3514072593 1.078233745e-23)
(-0.1300890635 -0.358415079 -1.095548799e-23)
(-0.06688803326 -0.2843276516 -8.215308586e-23)
(-0.007083319994 -0.1169964418 0)
(-0.000909577947 0.06540041544 -1.911487597e-23)
(-0.01167591819 0.1502816419 -1.326966043e-21)
(-0.02388882171 0.2000659569 1.094237915e-21)
(-0.03601340416 0.2244216975 6.734932184e-22)
(-0.04657308604 0.2316588249 6.014633653e-22)
(-0.05577038278 0.22723937 6.643959121e-22)
(-0.0641124551 0.2141774879 -4.458679236e-23)
(-0.07227561429 0.1936494383 -3.461338303e-22)
(-0.08096972761 0.1656028318 2.152163127e-22)
(-0.09087192156 0.1292707355 0)
(-0.1025547439 0.08353082463 0)
(-0.1163622148 0.02720010716 2.655397616e-22)
(-0.1321589555 -0.04062006015 8.194326622e-23)
(-0.1489252318 -0.1200128307 -2.821624511e-22)
(-0.1641284284 -0.2089300688 -5.411273178e-23)
(-0.1727877623 -0.3006992505 1.301952108e-22)
(-0.1670311309 -0.3793329101 -3.400506254e-22)
(-0.1365292443 -0.413645197 -1.593837594e-23)
(-0.08018250165 -0.3538326204 8.204081276e-23)
(-0.01050762302 -0.1594130568 -6.032159938e-22)
(-0.002260498618 0.07348883502 0)
(-0.0158035573 0.1626521774 2.145875276e-21)
(-0.02665042667 0.2117904744 0)
(-0.0342233963 0.2333947282 -1.351808306e-21)
(-0.03759398433 0.2377766836 6.184054941e-23)
(-0.03799685114 0.2312553527 -6.193096614e-22)
(-0.03668265728 0.2171899009 -4.756285535e-22)
(-0.03489036161 0.1968934487 8.301257209e-22)
(-0.03378837744 0.1703342377 -1.885698645e-22)
(-0.03449876291 0.1367221069 0)
(-0.03811572595 0.09479673563 0)
(-0.04564992355 0.04304286535 2.410615566e-23)
(-0.05790804277 -0.02013781263 -6.007199959e-22)
(-0.07514598567 -0.09620650226 -4.309568029e-22)
(-0.09645175041 -0.1855556172 4.637863493e-22)
(-0.1183462623 -0.285356777 -6.488737043e-22)
(-0.1332715388 -0.3838386532 9.11994716e-23)
(-0.1265350992 -0.4504358712 2.937322339e-23)
(-0.08899154111 -0.4198536374 5.660444489e-22)
(-0.0152691794 -0.211171973 6.02079268e-22)
(-0.005180899822 0.08598045929 0)
(-0.02525550775 0.1766291189 1.465579381e-22)
(-0.03483408036 0.2205961554 -4.917145527e-23)
(-0.03640013881 0.2354859354 7.64293215e-22)
(-0.03018483028 0.234340676 -7.0053794e-22)
(-0.01916579381 0.2241603888 4.746481706e-23)
(-0.00561514927 0.2083525844 -1.018609932e-22)
(0.00856960921 0.1881241083 -3.38988932e-22)
(0.02179886341 0.1633911263 2.062823092e-22)
(0.03262781634 0.1333242725 0)
(0.03958458696 0.09664086118 0)
(0.0411701336 0.05174056389 -2.902668207e-22)
(0.03578483885 -0.003255398244 0)
(0.02198184711 -0.0705836087 -5.512187897e-22)
(-0.001264845976 -0.1525735508 -1.49237737e-23)
(-0.03310469883 -0.2505949847 2.559741233e-23)
(-0.06909235825 -0.3599341515 2.203143038e-22)
(-0.09227827013 -0.4575424525 4.788087733e-24)
(-0.08718089934 -0.4698129413 -5.789412964e-22)
(-0.02103127155 -0.2698972295 0)
(-0.01111631583 0.1085974965 0)
(-0.04248901917 0.194715167 -8.848480527e-22)
(-0.04795528957 0.2258195508 -5.411040403e-22)
(-0.03919535936 0.2282135555 4.543817355e-22)
(-0.01877830277 0.2182328137 -1.709982998e-24)
(0.007664313959 0.2028220359 -4.561050422e-23)
(0.03667993408 0.1847619774 5.696682913e-22)
(0.06582998626 0.1647118219 -2.766890834e-23)
(0.0932713097 0.1423128181 -2.069781979e-22)
(0.1173891617 0.116627494 3.142213964e-23)
(0.1365461696 0.08641143898 -3.425917638e-23)
(0.1489669273 0.05017669028 -3.69059462e-23)
(0.1525275783 0.006159166844 3.205633987e-22)
(0.144936703 -0.04796127037 6.119607142e-22)
(0.1235159787 -0.1153052909 -5.101172402e-22)
(0.08633533392 -0.2004195649 -1.616058651e-22)
(0.0319908925 -0.306780659 1.531307696e-22)
(-0.02362123187 -0.4239837144 7.293652981e-23)
(-0.06492413071 -0.4871612788 1.913291694e-21)
(-0.0250997171 -0.3291544743 2.954991556e-21)
(-0.02004680468 0.1460727385 -4.390208023e-23)
(-0.0641640622 0.2112955843 4.417380776e-23)
(-0.0507023056 0.2177300484 1.000188696e-21)
(-0.01934097342 0.2014679989 -8.270559573e-24)
(0.02414464973 0.1809076185 0)
(0.07154122098 0.1606933356 4.363723073e-23)
(0.1190703408 0.1416495504 -2.273852355e-22)
(0.1644767334 0.1233181834 -9.027959051e-23)
(0.2062251161 0.1048117306 3.680735348e-23)
(0.2429643026 0.08507140184 -1.701655217e-23)
(0.2732207583 0.06296147746 3.429970946e-23)
(0.2952536111 0.0372629386 -6.592682368e-23)
(0.3066971061 0.006535068294 -9.30390699e-23)
(0.3049738312 -0.03087770049 1.517044433e-22)
(0.2863936247 -0.07786290979 0)
(0.2470568081 -0.139930037 1.505611707e-22)
(0.1810922233 -0.2266299753 2.560013934e-22)
(0.09604450223 -0.3443894948 0)
(-0.006697616024 -0.4552210218 -3.67563496e-21)
(-0.01922408207 -0.3777537588 -2.892621026e-21)
(-0.02591951281 0.2276828781 -9.514204587e-22)
(-0.03998324417 0.223821651 -1.38897655e-22)
(0.0365613708 0.1810585358 -2.335582253e-22)
(0.1090503049 0.1451059097 -1.193742302e-22)
(0.1817191199 0.1172445504 -4.295827193e-23)
(0.2490090739 0.09627907738 9.783185259e-23)
(0.3100336709 0.08002510535 -1.408592735e-22)
(0.364620934 0.06656815458 1.297175686e-22)
(0.41262525 0.05449179004 -8.620122846e-23)
(0.4536250306 0.04270895016 1.13218852e-25)
(0.4867878729 0.03032298478 1.527742108e-23)
(0.5107451369 0.01652901885 7.997206715e-23)
(0.5236597459 0.0005365143898 -1.811124246e-22)
(0.5231798015 -0.01863373262 -1.61714657e-22)
(0.505232342 -0.04286478974 -4.262955845e-23)
(0.465871508 -0.07633231201 0)
(0.3952696496 -0.1286089385 -1.846477427e-22)
(0.2916071047 -0.2208468098 8.148763452e-22)
(0.1197455105 -0.3525016903 1.631601593e-21)
(0.02670547256 -0.3775497979 2.172655918e-21)
(0.2142894472 0.13474472 9.864989568e-22)
(0.2776311199 0.09870503488 0)
(0.4316592307 0.05810414747 -2.594321251e-22)
(0.5304749358 0.0384626494 -1.741667027e-22)
(0.6016965761 0.0262341914 0)
(0.6571198969 0.01831923515 -6.009094652e-23)
(0.7015213612 0.0131360089 6.378004295e-23)
(0.7376042508 0.009542126742 -1.800157243e-23)
(0.7669368423 0.006804463926 2.885975225e-23)
(0.7902106691 0.004464744111 2.31503388e-23)
(0.8074555014 0.002221319952 0)
(0.8182621357 -0.0001500749767 -2.873033613e-23)
(0.8216499715 -0.002723848341 0)
(0.8162394195 -0.005712668725 2.738151842e-23)
(0.7991333146 -0.009611382895 1.421692574e-23)
(0.7679986342 -0.0150025511 -5.799403151e-23)
(0.7106555752 -0.02502519955 -2.535660945e-22)
(0.6235183978 -0.04204285407 -6.918101779e-22)
(0.4230091019 -0.09182968079 0)
(0.2705674689 -0.1524021841 -2.119483782e-21)
)


// ************************************************************************* //
