/*--------------------------------*- C++ -*----------------------------------*\
  =========                 |
  \\      /  F ield         | OpenFOAM: The Open Source CFD Toolbox
   \\    /   O peration     | Website:  https://openfoam.org
    \\  /    A nd           | Version:  13
     \\/     M anipulation  |
\*---------------------------------------------------------------------------*/
FoamFile
{
    format      ascii;
    class       scalarField;
    location    "8.4";
    object      p_all;
}
// * * * * * * * * * * * * * * * * * * * * * * * * * * * * * * * * * * * * * //


400
(
9.510283694e-07
-0.0005030821294
-0.0008067139141
-0.0008994578913
-0.0007919118756
-0.0005156851946
-0.0001071497151
0.0003990390005
0.0009680186356
0.001561328642
0.002135838645
0.002641553861
0.003025667793
0.003236730821
0.00323326599
0.002994998753
0.002536706191
0.001912249854
0.001294457489
0.00072734756
0.0005443417853
8.243487914e-06
-0.0003166614934
-0.0004238862271
-0.0003605058003
-0.0001528060044
0.0001700748111
0.0005791669862
0.001043660139
0.001526902335
0.001993990869
0.002393085566
0.002676635135
0.002798740859
0.002725235209
0.002444790867
0.001979111133
0.001387481843
0.0008261759981
0.0001960862441
0.000869202497
0.0002753904502
-8.413276742e-05
-0.0001943051102
-0.000151575289
1.450520839e-05
0.0002793837453
0.0006208893727
0.001015041863
0.001433062061
0.001834824099
0.002177838925
0.002411582783
0.002488673142
0.002373906762
0.002055164398
0.001551954492
0.0009156441435
0.0002570423974
-0.0005417574721
0.0008681244143
0.0002061694288
-0.0001979797275
-0.0003113823317
-0.0002784905389
-0.000135371917
9.582181855e-05
0.0004001494755
0.0007619032797
0.001158736114
0.001555073182
0.001905429113
0.002152691999
0.002238975086
0.002116390444
0.001760346004
0.001179270206
0.0004156890234
-0.0004493315198
-0.001540222675
0.0003813911097
-0.000326181134
-0.0007562225468
-0.0008651561687
-0.0008359784581
-0.0007095943011
-0.0005039961274
-0.000224015123
0.0001265900606
0.000535590622
0.0009731607533
0.001392584831
0.00172584679
0.001896133356
0.00183002456
0.001475477966
0.0008172314665
-0.0001154043624
-0.001263207616
-0.002716794715
-0.0007295589885
-0.001455221889
-0.00189468702
-0.001997371578
-0.001978178484
-0.001880088386
-0.001713446968
-0.001468247157
-0.001130128197
-0.0006938357764
-0.0001769677233
0.0003779118701
0.0008910539809
0.001259085686
0.001366419374
0.00111028299
0.0004280443911
-0.0006785714356
-0.002176467441
-0.004091791062
-0.002593026375
-0.003307895284
-0.003750444679
-0.003859085024
-0.003877572842
-0.003848287561
-0.003769686728
-0.003610498475
-0.003328755766
-0.002889312024
-0.002285368176
-0.001537693656
-0.0007331141834
-4.019494129e-06
0.0004720037603
0.0005058182805
-5.583358893e-05
-0.001275007878
-0.003169543644
-0.005659592232
-0.005316666899
-0.005997698798
-0.006447179533
-0.006592533749
-0.006704242638
-0.006822505313
-0.006930361014
-0.006968474874
-0.006855667954
-0.006510884354
-0.005888295055
-0.004915660245
-0.003708617314
-0.002409104514
-0.001270787789
-0.0006166173835
-0.0007628304662
-0.001910414822
-0.004193259386
-0.00737507701
-0.00897697898
-0.009605997908
-0.01007461522
-0.01030334988
-0.01058925381
-0.01097153874
-0.01141676342
-0.01183223047
-0.01208571088
-0.01202196727
-0.01147636173
-0.01040710041
-0.008751412005
-0.006665851556
-0.004481470957
-0.002704485385
-0.001919184931
-0.002600178097
-0.005138441517
-0.009097480277
-0.01360474555
-0.01416575334
-0.01466604675
-0.01502637424
-0.01557566511
-0.01635838321
-0.01732864756
-0.01835992886
-0.0192599927
-0.01978464073
-0.01966026485
-0.01864889063
-0.01660233109
-0.01357731895
-0.009930697473
-0.006369428525
-0.00386322498
-0.00336631128
-0.005790761762
-0.01050672214
-0.01917806853
-0.01965180067
-0.02018012564
-0.0206920532
-0.02156497586
-0.02286169239
-0.02453374616
-0.02642626087
-0.02828540027
-0.02976292208
-0.03043485346
-0.02985467591
-0.02766693852
-0.02372086168
-0.0182923272
-0.01223219667
-0.006970512926
-0.004191511985
-0.005756322868
-0.01096811903
-0.025634053
-0.02598641006
-0.02649634193
-0.02710602505
-0.02827899563
-0.0301179323
-0.03258691112
-0.03551307674
-0.03858706992
-0.04135544059
-0.04322763173
-0.04351781976
-0.04158718321
-0.03696234682
-0.02966983433
-0.02053603371
-0.01139823603
-0.004866035344
-0.004332929977
-0.009322133821
-0.03291307927
-0.03306678711
-0.03342868258
-0.03394867515
-0.03525140927
-0.03750967586
-0.04071640629
-0.04468966969
-0.04907187074
-0.05331144449
-0.05665816346
-0.05819875795
-0.05692548398
-0.05200761577
-0.04304492331
-0.03057977193
-0.01661556636
-0.004666337258
-0.000284944559
-0.003591988592
-0.04106069737
-0.04082325181
-0.04076248101
-0.0408026894
-0.04186562022
-0.04422929353
-0.04792486634
-0.05275871955
-0.05832195728
-0.06396869801
-0.06879890155
-0.07167548679
-0.07129264527
-0.0663853837
-0.05604564433
-0.0402824438
-0.02088712861
-0.001909204732
0.00851017351
0.009345399945
-0.05042545135
-0.04928956231
-0.04827248882
-0.04716602341
-0.04740450398
-0.04939012467
-0.05317686509
-0.05853151723
-0.06496860909
-0.07173238639
-0.07777297967
-0.08174633941
-0.08207728087
-0.0771010982
-0.06540674276
-0.04632267777
-0.02109755583
0.006407077703
0.02550010216
0.0341496204
-0.06214315743
-0.05880748647
-0.05583207662
-0.05255378448
-0.05119396263
-0.05222726356
-0.05566126988
-0.06115734982
-0.06809675967
-0.07556847044
-0.08234931119
-0.08687984531
-0.08733199548
-0.08166577892
-0.06804436785
-0.04507074099
-0.01336865028
0.02475505392
0.05583563698
0.07754559816
-0.07886518691
-0.06989896065
-0.06311441014
-0.05627126408
-0.05251024642
-0.05211625101
-0.0548902308
-0.0602625829
-0.06740108795
-0.07518880716
-0.08218456824
-0.08658668548
-0.08630223264
-0.07891778685
-0.06216223081
-0.03405648537
0.005282925834
0.05851787003
0.1056550338
0.1478548318
-0.1094765847
-0.08497807561
-0.07094682212
-0.05845855353
-0.05137959056
-0.04915001329
-0.0510665537
-0.05615770627
-0.06327288869
-0.07103126171
-0.07775221132
-0.08139065327
-0.07965090576
-0.06940927733
-0.0481878617
-0.01302628306
0.03771689236
0.1066011946
0.1774649346
0.2559370636
-0.1676807903
-0.09927983688
-0.07464020522
-0.05458457
-0.04437676218
-0.04113007627
-0.04294032911
-0.04826830969
-0.05564413556
-0.06347758258
-0.06991815793
-0.07274462338
-0.0692119504
-0.0565976163
-0.03104182826
0.01156833515
0.07500975368
0.1657344094
0.2754824706
0.4370622562
-0.3976901084
-0.1375337996
-0.07468168632
-0.04698315636
-0.03343205534
-0.02971318128
-0.03217206957
-0.03830018872
-0.04632399182
-0.0545624906
-0.06114275825
-0.06385271579
-0.0601276972
-0.04650804888
-0.01869076208
0.02966598573
0.1064523704
0.2328183731
0.4192485922
0.7794141792
)


// ************************************************************************* //
