/*--------------------------------*- C++ -*----------------------------------*\
  =========                 |
  \\      /  F ield         | OpenFOAM: The Open Source CFD Toolbox
   \\    /   O peration     | Website:  https://openfoam.org
    \\  /    A nd           | Version:  13
     \\/     M anipulation  |
\*---------------------------------------------------------------------------*/
FoamFile
{
    format      ascii;
    class       vectorField;
    location    "19.46";
    object      U_all;
}
// * * * * * * * * * * * * * * * * * * * * * * * * * * * * * * * * * * * * * //


400
(
(1.11084409e-05 -3.760221734e-05 0)
(-0.0006657504749 0.0004129569433 -1.561277772e-23)
(-0.002184378746 0.0009199918105 0)
(-0.004045894865 0.001312142312 0)
(-0.005968936572 0.001534293031 6.849260766e-25)
(-0.007758957248 0.001569054367 4.146630396e-24)
(-0.009280024101 0.001422856952 -7.375482455e-24)
(-0.01043099186 0.00111919134 7.532631242e-24)
(-0.01113174702 0.0006957824987 -2.096122074e-25)
(-0.01132225216 0.000203025664 -3.99620333e-24)
(-0.01096744045 -0.0003000570572 5.805924799e-24)
(-0.01006880032 -0.0007471754309 -5.931887123e-23)
(-0.008677348553 -0.001075148377 -6.556049101e-23)
(-0.006901395924 -0.001232661747 -7.788428167e-23)
(-0.004910297649 -0.001192384842 4.576993119e-24)
(-0.002927607323 -0.0009618625915 -4.142397189e-24)
(-0.001206180584 -0.0005913635238 -2.002445536e-22)
(-2.002852554e-05 -0.0001701879649 0)
(0.000517465656 0.0001717139128 1.52990322e-25)
(0.0002225749658 0.0003057342679 -2.822753015e-24)
(-0.0002631392028 0.0008288990819 1.372922874e-25)
(-0.002701776005 0.003382250282 1.571271498e-23)
(-0.006903359817 0.005601521513 1.571410422e-25)
(-0.01194552271 0.007004367952 -8.514791165e-25)
(-0.01712534256 0.007549654166 1.164701976e-24)
(-0.02196307163 0.007290333532 1.308095626e-23)
(-0.02609647849 0.006318738653 1.380261927e-24)
(-0.02925012226 0.004752090388 -7.284489672e-24)
(-0.03121082441 0.002736302927 1.015764696e-23)
(-0.03182660487 0.0004528425973 4.511758048e-24)
(-0.03101355344 -0.001882492655 -6.321453198e-24)
(-0.02878117634 -0.004020457838 2.957346208e-24)
(-0.02526197248 -0.005705276486 3.896845553e-23)
(-0.02072535248 -0.006704312923 -1.956578467e-24)
(-0.01558576054 -0.006851514538 3.758626694e-24)
(-0.0103835865 -0.006095710793 -9.759209743e-23)
(-0.005730353142 -0.004545523312 9.657506479e-23)
(-0.00223419615 -0.002507779083 -4.001211735e-25)
(-0.000182541979 -0.0005033790832 4.102127901e-25)
(8.332231374e-05 0.0006091242405 0)
(-0.0004185093554 0.002933673323 -2.898570712e-25)
(-0.004644946697 0.008799106896 1.687523568e-23)
(-0.0113648944 0.01323276195 -8.395032943e-24)
(-0.01931543545 0.01578288717 -2.0872271e-25)
(-0.02745753231 0.01652062046 2.050481841e-25)
(-0.03509703016 0.01563592991 6.373802072e-27)
(-0.04168944451 0.01335329062 -1.212758666e-24)
(-0.04680965051 0.009915547346 -4.549615858e-25)
(-0.05012309326 0.005601052219 -1.063601669e-23)
(-0.05138608147 0.0007459639445 0)
(-0.05045352965 -0.004237620321 0)
(-0.04731565409 -0.00888095526 2.672763873e-23)
(-0.04214165852 -0.01267427964 2.815127411e-23)
(-0.03530098051 -0.01512828855 -1.648282014e-24)
(-0.02738080726 -0.01585488462 4.854300787e-23)
(-0.01916470584 -0.01466798441 9.436991633e-23)
(-0.01155851986 -0.01169048826 3.999171985e-23)
(-0.005464865323 -0.007449945353 4.223376066e-25)
(-0.001451318422 -0.002936960828 1.029751153e-25)
(-9.072845497e-05 0.0002247074648 0)
(-0.0005020712671 0.006041918456 -4.23136961e-23)
(-0.006398532497 0.01636099832 -1.67774354e-23)
(-0.01552505155 0.02354519378 8.321650506e-24)
(-0.02626259699 0.0274253807 0)
(-0.03726454876 0.02830479567 0)
(-0.0476618214 0.02657332244 0)
(-0.05676364752 0.0226200447 -4.477611457e-26)
(-0.06401792517 0.01682918287 -2.12698441e-24)
(-0.06897361736 0.00962008185 0)
(-0.07127155059 0.001493853697 1.640825195e-24)
(-0.07067389223 -0.006929267851 2.806375722e-25)
(-0.06709921334 -0.01491936181 -2.814233553e-25)
(-0.06067247673 -0.02165411923 0)
(-0.05178625927 -0.0263021004 4.141657176e-23)
(-0.04113425433 -0.02814761034 -4.689803151e-23)
(-0.02970934576 -0.02676301398 -2.773806735e-23)
(-0.01873132285 -0.02220810373 -3.984742387e-23)
(-0.009485480962 -0.01521590509 7.790982356e-25)
(-0.002976313384 -0.007298102706 9.755972337e-23)
(-0.0002318088626 -0.000867298724 0)
(-0.0005312090324 0.01008891105 4.251934916e-23)
(-0.007978418007 0.02593630699 4.80470338e-25)
(-0.01938463105 0.03640674008 -4.694964515e-25)
(-0.03280360644 0.04183045193 0)
(-0.04661891224 0.04287052289 7.787445557e-25)
(-0.05981745803 0.04017937352 -7.679471668e-25)
(-0.07159260077 0.03433096045 3.669680395e-23)
(-0.08128342479 0.02584644148 1.844946139e-23)
(-0.08832001589 0.01526976737 6.222739743e-24)
(-0.09220873043 0.003250003056 -1.642736848e-24)
(-0.09255972196 -0.009397396472 0)
(-0.0891350526 -0.02165890914 4.382929458e-25)
(-0.08192430347 -0.03234781295 1.014273212e-23)
(-0.07123945343 -0.04019118251 -4.35828781e-23)
(-0.05779748131 -0.04399977837 1.939657668e-24)
(-0.0427698558 -0.04293050437 4.242446248e-23)
(-0.02774467238 -0.036820394 -3.883751207e-25)
(-0.0145457346 -0.02651975074 0)
(-0.004857939112 -0.01408222864 5.432277894e-23)
(-0.0003639822758 -0.002847518 -2.56071749e-22)
(-0.0005268658397 0.01499006288 9.851838321e-23)
(-0.009372236337 0.03736736786 -4.917182141e-25)
(-0.02286828215 0.05167124848 0)
(-0.03880802038 0.05890766031 0)
(-0.05535549538 0.06022250662 -8.730527694e-23)
(-0.0713899782 0.05658997699 -8.495199762e-23)
(-0.08602148211 0.04877931824 -4.064611604e-23)
(-0.09850128953 0.03742577263 -1.502133449e-23)
(-0.1081423806 0.0231550474 -5.354444137e-24)
(-0.1142917438 0.006714269928 -8.159122882e-24)
(-0.1163532835 -0.01091953182 6.582930389e-24)
(-0.1138456545 -0.0284685795 8.791058964e-24)
(-0.10650555 -0.0443440791 -1.88992122e-23)
(-0.09443124628 -0.05672397911 4.453772551e-24)
(-0.07823915195 -0.06375359046 0)
(-0.05920739339 -0.06390856707 -1.586987238e-23)
(-0.03932588688 -0.05651748006 -1.935323965e-26)
(-0.021134543 -0.04234482763 0)
(-0.007316178189 -0.02397650906 -1.516746936e-22)
(-0.0005213584897 -0.005925074811 6.046940414e-22)
(-0.0004988289117 0.02063327332 -9.784677402e-23)
(-0.01052386959 0.05042430929 2.831934579e-22)
(-0.02581596735 0.06908497275 1.52669347e-22)
(-0.04399870638 0.07844874736 3.618568109e-24)
(-0.06307579185 0.08025239062 -7.314931548e-23)
(-0.08186441475 0.07584349266 9.039323879e-23)
(-0.09943135063 0.06618832938 -3.587896875e-24)
(-0.1149714876 0.05199868971 -1.727166499e-24)
(-0.1276975489 0.03391669912 2.52100185e-24)
(-0.1367916823 0.01270702856 7.367902051e-24)
(-0.1414161801 -0.01057214094 -6.483521063e-24)
(-0.1407725132 -0.03443497691 -9.748790772e-24)
(-0.134226631 -0.05689499267 -3.259005141e-23)
(-0.1215030355 -0.07549580817 -3.634095033e-23)
(-0.1029326458 -0.08750404525 5.589343592e-25)
(-0.07973741616 -0.09035611585 0)
(-0.05424916732 -0.082415424 0)
(-0.02986190509 -0.06395675263 -2.899157698e-24)
(-0.01065932547 -0.03797744384 2.963453579e-24)
(-0.0007347564314 -0.01049885 1.027260537e-22)
(-0.0004478106693 0.02685697928 0)
(-0.01134427054 0.0647707179 2.000932554e-22)
(-0.02800373718 0.08824739102 8.957125244e-23)
(-0.04797785875 0.1000705403 0)
(-0.06917688494 0.1026566385 1.569290637e-22)
(-0.09040693345 0.09777132879 0)
(-0.1107399423 0.08657645299 -1.427355428e-22)
(-0.1293612315 0.06981698658 6.510186488e-24)
(-0.1454257335 0.04807302935 0)
(-0.1579821315 0.02202173077 0)
(-0.165960349 -0.007317398333 -1.37235473e-24)
(-0.1682158345 -0.03835984724 -9.296032144e-25)
(-0.1636584056 -0.06880185633 1.489238912e-22)
(-0.1514776682 -0.09553840816 -4.701093368e-23)
(-0.1314766585 -0.1147827252 -2.553147496e-24)
(-0.1045305991 -0.1225247238 1.52751304e-24)
(-0.0730731802 -0.1155123397 -1.55160842e-24)
(-0.04133855157 -0.09280203715 0)
(-0.01524784247 -0.05739134748 3.199443476e-24)
(-0.001043894242 -0.01714299801 -1.011737983e-21)
(-0.0003745416649 0.03344501684 0)
(-0.01174640486 0.07994669714 -1.128363075e-22)
(-0.0291975996 0.1085830431 -6.189220994e-22)
(-0.05030099254 0.1231627057 -3.753820927e-22)
(-0.07293964052 0.1268513335 0)
(-0.09595957405 0.1218747059 4.117084792e-22)
(-0.118491861 0.1095951643 1.260011965e-22)
(-0.1397749661 0.0907562397 -5.577088639e-24)
(-0.1589796355 0.0658023787 5.549485087e-24)
(-0.1751020465 0.03521212863 0)
(-0.1869115956 -0.0001792011561 2.90940743e-23)
(-0.192973638 -0.03886712438 4.689976664e-24)
(-0.191739255 -0.07839766456 -1.075158919e-22)
(-0.1817487592 -0.1151372628 7.989016689e-23)
(-0.1620227592 -0.1442061487 -2.416011151e-22)
(-0.1326778369 -0.1598009717 0)
(-0.09575790196 -0.1562625795 0)
(-0.05600357382 -0.1302601242 0)
(-0.02147339176 -0.08378843219 0)
(-0.001499894632 -0.02664843795 5.565981866e-22)
(-0.0002876613975 0.04014115762 0)
(-0.01169178634 0.0953898208 -3.491910938e-22)
(-0.02923895742 0.1293462095 8.929647013e-22)
(-0.05059935612 0.1468636857 3.615746114e-22)
(-0.07368578685 0.1519112302 0)
(-0.09743193334 0.1472204247 -3.86034244e-22)
(-0.1210836726 0.1343759884 -3.172388261e-23)
(-0.1440064375 0.1141106666 3.330911114e-22)
(-0.1654865597 0.08668703003 1.768237169e-22)
(-0.1845962303 0.05229385672 -4.057219964e-23)
(-0.2001037331 0.01143462872 1.656103758e-23)
(-0.2104335867 -0.03468340717 -8.257499459e-24)
(-0.2136926727 -0.08372340497 3.369066966e-22)
(-0.2077942007 -0.1318244253 0)
(-0.1907980309 -0.173218456 2.417178363e-22)
(-0.1616105034 -0.2002002094 5.763727791e-24)
(-0.1211476847 -0.203956358 -5.849682001e-24)
(-0.07383754771 -0.1771660402 1.545029049e-22)
(-0.02971233811 -0.1188345984 -5.425459786e-24)
(-0.002178990968 -0.04004434221 0)
(-0.0002121802238 0.04669635695 0)
(-0.01125041478 0.1105020833 0)
(-0.02815580209 0.1496720695 -5.020945238e-22)
(-0.04874258904 0.1700828736 -1.880277886e-23)
(-0.07099654126 0.1765595609 2.037381488e-23)
(-0.09398822784 0.1723952947 -2.013325757e-23)
(-0.117135719 0.159442627 -2.315492256e-23)
(-0.1400095184 0.1384512694 -3.027812299e-22)
(-0.162124381 0.1095029318 6.696490358e-23)
(-0.1827877168 0.07245451444 4.50988824e-23)
(-0.2009757155 0.02736653673 -4.574272483e-23)
(-0.2152191966 -0.02505684054 0)
(-0.2235477611 -0.0829425486 -7.828083662e-23)
(-0.223453436 -0.1426759769 0)
(-0.2120565135 -0.1981257995 -3.736756893e-22)
(-0.1867308135 -0.2400175067 5.24011006e-22)
(-0.1464314571 -0.2560183697 0)
(-0.09393589528 -0.2330695686 -1.490675776e-22)
(-0.04021485356 -0.1639258897 1.934129554e-22)
(-0.003200511776 -0.05859799092 -3.408127658e-22)
(-0.0002021612141 0.05295669462 0)
(-0.01067537285 0.1247707672 9.179839356e-22)
(-0.0262894418 0.1686799901 -2.439840832e-23)
(-0.04501759267 0.191577284 9.190089285e-22)
(-0.06495353493 0.1992265798 -2.511091758e-23)
(-0.08537476184 0.1955539556 2.837465094e-23)
(-0.1059401366 0.1827454723 -2.811563735e-23)
(-0.1265034033 0.1616306712 -1.660018677e-23)
(-0.1469123101 0.132164642 -5.257400788e-22)
(-0.166860006 0.09390019308 -8.901736643e-24)
(-0.1857455379 0.0464230742 9.654958927e-24)
(-0.2024935789 -0.01020917776 3.311556601e-22)
(-0.2154296178 -0.07496026222 -5.817676391e-22)
(-0.2220321647 -0.1449858627 0)
(-0.2188100576 -0.2146248461 8.881943617e-22)
(-0.2016275816 -0.2739461526 -4.936334258e-22)
(-0.1668613752 -0.3075243001 -1.570783837e-23)
(-0.1140172873 -0.2953285899 0)
(-0.05288104632 -0.2195411045 -1.886821005e-22)
(-0.004748628306 -0.08375750223 3.357244679e-22)
(-0.0003649358946 0.05900621554 1.550501177e-23)
(-0.01050072947 0.1379456825 -8.761305277e-22)
(-0.0244241559 0.1856222501 -1.156717749e-21)
(-0.04028238231 0.2100743143 -8.625939883e-22)
(-0.05632666194 0.218173168 0)
(-0.0721716426 0.2145662082 3.512332607e-23)
(-0.08781866641 0.2018395541 -7.291718734e-23)
(-0.1034858856 0.180976287 5.865265993e-23)
(-0.1194308626 0.1518910643 3.019865822e-22)
(-0.1358279608 0.1139207967 -1.127689499e-23)
(-0.1526444989 0.06623212251 0)
(-0.1694884406 0.008204458267 -3.602251383e-22)
(-0.1853106369 -0.0601256887 7.51275808e-22)
(-0.1980757121 -0.1372355364 8.828794918e-22)
(-0.2043795921 -0.2188830083 -5.293904017e-22)
(-0.1991151181 -0.2959244674 5.160546569e-22)
(-0.1760697569 -0.3513576938 1.077045648e-23)
(-0.1300914082 -0.3583664336 -1.094341621e-23)
(-0.0668867823 -0.284288263 -8.243482544e-23)
(-0.007082900391 -0.1169794615 0)
(-0.000910382382 0.06538680881 -1.910932662e-23)
(-0.01168278569 0.1502456976 -1.326626479e-21)
(-0.02390366182 0.200015227 1.093916283e-21)
(-0.03603615048 0.2243647804 6.733171459e-22)
(-0.04660292018 0.231603754 6.012953276e-22)
(-0.05580629904 0.2271925014 6.641911637e-22)
(-0.0641534045 0.2141430402 -4.457025294e-23)
(-0.07232067357 0.1936295887 -3.460168018e-22)
(-0.08101795763 0.1655975801 2.151436922e-22)
(-0.09092222827 0.1292786328 0)
(-0.1026059596 0.08354929146 0)
(-0.1164129261 0.02722606057 2.654704506e-22)
(-0.132207541 -0.04058961792 8.196864382e-23)
(-0.1489697792 -0.1199800837 -2.820121274e-22)
(-0.164166744 -0.2088958707 -5.40980534e-23)
(-0.1728176489 -0.3006632548 1.302426149e-22)
(-0.167051102 -0.3792943171 -3.399047137e-22)
(-0.1365391223 -0.4136052634 -1.605568511e-23)
(-0.08018461699 -0.35379714 8.232216697e-23)
(-0.01050750097 -0.1593958824 -6.033761608e-22)
(-0.002261303732 0.07347946032 0)
(-0.01581167137 0.1626247575 2.145363256e-21)
(-0.02666853004 0.2117497331 0)
(-0.03425177949 0.233347659 -1.351496728e-21)
(-0.03763170377 0.2377304845 6.186431555e-23)
(-0.03804240692 0.2312159488 -6.191180267e-22)
(-0.03673414519 0.2171612632 -4.754950597e-22)
(-0.03494608161 0.1968780666 8.29868125e-22)
(-0.03384670185 0.1703317251 -1.885054478e-22)
(-0.03455794912 0.1367311402 0)
(-0.03817437527 0.09481478174 0)
(-0.04570672631 0.04306680923 2.411891293e-23)
(-0.0579618833 -0.02011101565 -6.005834909e-22)
(-0.07519557947 -0.09617949797 -4.308619455e-22)
(-0.0964955316 -0.1855294942 4.637326597e-22)
(-0.1183823079 -0.2853311793 -6.487108436e-22)
(-0.1332981834 -0.3838118882 9.111857588e-23)
(-0.1265508119 -0.4504075788 2.949551983e-23)
(-0.08899697086 -0.4198257661 5.660829637e-22)
(-0.01526948705 -0.2111565125 6.022391326e-22)
(-0.005181591509 0.08597574095 0)
(-0.0252638196 0.1766113668 1.465770899e-22)
(-0.03485328301 0.2205670476 -4.916272968e-23)
(-0.03643092939 0.235450475 7.641378607e-22)
(-0.03022631907 0.2343048152 -7.003825262e-22)
(-0.01921621326 0.2241293091 4.745364283e-23)
(-0.005671506414 0.2083299819 -1.018563189e-22)
(0.008509370515 0.1881119889 -3.388913857e-22)
(0.02173667404 0.1633897344 2.062338564e-22)
(0.03256637931 0.1333325301 0)
(0.03952547968 0.09665660622 0)
(0.04111463585 0.05176099111 -2.902101262e-22)
(0.03573337174 -0.003233299121 0)
(0.02193504287 -0.07056193811 -5.511757131e-22)
(-0.001306186686 -0.1525539609 -1.489001544e-23)
(-0.03313949427 -0.2505776041 2.559553583e-23)
(-0.06912015511 -0.3599173953 2.202544654e-22)
(-0.0922964691 -0.4575261175 4.789245294e-24)
(-0.08718830286 -0.4697946398 -5.789849176e-22)
(-0.02103204543 -0.2698852825 0)
(-0.01111668241 0.1085970694 0)
(-0.04249581519 0.194706784 -8.847079778e-22)
(-0.04797211176 0.2258021873 -5.410523772e-22)
(-0.03922340821 0.228190076 4.543402437e-22)
(-0.0188170992 0.2182076813 -1.710760377e-24)
(0.007616439811 0.2027993459 -4.560386672e-23)
(0.03662571359 0.1847450315 5.695497896e-22)
(0.06577206758 0.1647019967 -2.766287349e-23)
(0.09321227449 0.1423111342 -2.069285947e-22)
(0.1173315998 0.116633293 3.141604953e-23)
(0.1364918944 0.08642320085 -3.425351773e-23)
(0.1489171287 0.05019231026 -3.690154224e-23)
(0.1524832174 0.006176352324 3.205340693e-22)
(0.1448980774 -0.04794480133 6.1191537e-22)
(0.1234826644 -0.1152912156 -5.100950201e-22)
(0.08630787706 -0.2004085247 -1.616282843e-22)
(0.03196688589 -0.3067721306 1.530909401e-22)
(-0.02363839298 -0.4239751368 7.293447603e-23)
(-0.06493110975 -0.4871515229 1.913228916e-21)
(-0.02510067789 -0.329146841 2.954920615e-21)
(-0.02004655674 0.1460750189 -4.389879689e-23)
(-0.0641671913 0.211294152 4.41705026e-23)
(-0.0507123415 0.2177224444 1.000120868e-21)
(-0.01935976782 0.2014552296 -8.249235281e-24)
(0.02411652413 0.1808924315 0)
(0.07150450842 0.1606786535 4.363151639e-23)
(0.1190271168 0.1416378373 -2.273472324e-22)
(0.1644294187 0.1233108607 -9.026317727e-23)
(0.2061762862 0.1048096173 3.680015213e-23)
(0.2429165201 0.08507431145 -1.701320505e-23)
(0.2731761175 0.06296853353 3.429404412e-23)
(0.2952138214 0.03727276069 -6.591879318e-23)
(0.3066624804 0.0065460624 -9.302772e-23)
(0.3049446426 -0.03086711999 1.517009409e-22)
(0.2863698846 -0.07785413805 0)
(0.2470378996 -0.1399239833 1.50588268e-22)
(0.1810769162 -0.2266272298 2.559903789e-22)
(0.09603306569 -0.3443861186 0)
(-0.006703464449 -0.4552174213 -3.675519797e-21)
(-0.01922503975 -0.3777504235 -2.892551679e-21)
(-0.02591881232 0.2276852762 -9.514031202e-22)
(-0.03998213169 0.2238233037 -1.388925111e-22)
(0.03656012234 0.1810570785 -2.335421092e-22)
(0.1090440148 0.1451013534 -1.193624796e-22)
(0.1817061942 0.1172379885 -4.295759765e-23)
(0.2489891038 0.09627213197 9.782438908e-23)
(0.310007569 0.0800191791 -1.408409178e-22)
(0.3645904084 0.06656419274 1.296950598e-22)
(0.4125924368 0.0544903379 -8.618454388e-23)
(0.4535922199 0.04271002977 1.132103243e-25)
(0.4867571011 0.03032619146 1.52752812e-23)
(0.5107179743 0.01653365718 7.996239791e-23)
(0.5236373478 0.0005414417374 -1.810989089e-22)
(0.5231627414 -0.01862894432 -1.617110713e-22)
(0.5052198133 -0.04286092896 -4.2632233e-23)
(0.4658626968 -0.07632989231 0)
(0.3952632698 -0.1286081852 -1.846180052e-22)
(0.2916022977 -0.2208465964 8.148447703e-22)
(0.1197425968 -0.3525014925 1.63155274e-21)
(0.02670473536 -0.3775493634 2.172630826e-21)
(0.2142901778 0.1347454416 9.864798931e-22)
(0.277633399 0.09870596066 0)
(0.4316617744 0.05810458193 -2.594262996e-22)
(0.5304759917 0.03846250319 -1.741661869e-22)
(0.6016946474 0.02623360968 0)
(0.6571142823 0.01831849847 -6.008723416e-23)
(0.7015122694 0.0131353786 6.37716142e-23)
(0.7375925546 0.009541783356 -1.799804967e-23)
(0.7669237936 0.00680451191 2.885410987e-23)
(0.790197657 0.004465182256 2.314589543e-23)
(0.807443787 0.00222206696 0)
(0.8182526361 -0.0001491381001 -2.872663376e-23)
(0.8216432176 -0.002722865351 0)
(0.81623551 -0.005711928829 2.738105897e-23)
(0.7991316602 -0.009610948501 1.422001411e-23)
(0.767998479 -0.01500243592 -5.798972776e-23)
(0.710655994 -0.0250253946 -2.535483297e-22)
(0.6235186651 -0.04204308248 -6.917854582e-22)
(0.4230090746 -0.09182991693 0)
(0.2705673986 -0.152402291 -2.119459287e-21)
)


// ************************************************************************* //
