/*--------------------------------*- C++ -*----------------------------------*\
  =========                 |
  \\      /  F ield         | OpenFOAM: The Open Source CFD Toolbox
   \\    /   O peration     | Website:  https://openfoam.org
    \\  /    A nd           | Version:  13
     \\/     M anipulation  |
\*---------------------------------------------------------------------------*/
FoamFile
{
    format      ascii;
    class       vectorField;
    location    "42.17";
    object      U_all;
}
// * * * * * * * * * * * * * * * * * * * * * * * * * * * * * * * * * * * * * //


400
(
(1.100559726e-05 -3.783214614e-05 0)
(-0.0006660954551 0.0004130427628 -1.551229997e-23)
(-0.002185374167 0.0009203936535 0)
(-0.004047832259 0.001312780799 0)
(-0.005971868085 0.001535065705 6.845471651e-25)
(-0.007762783395 0.001569848008 4.150586266e-24)
(-0.009284545388 0.001423563963 -7.372982873e-24)
(-0.01043594136 0.001119723681 7.531132741e-24)
(-0.01113681421 0.0006960828932 -2.095304325e-25)
(-0.01132711154 0.0002030778188 -3.994593413e-24)
(-0.01097177309 -0.0003002334152 5.803554396e-24)
(-0.01007232871 -0.000747516308 -5.929585423e-23)
(-0.008679880987 -0.001075562668 -6.55272808e-23)
(-0.006902853724 -0.001233044353 -7.784365785e-23)
(-0.004910738394 -0.001192638496 4.573597927e-24)
(-0.002927231675 -0.0009619204441 -4.137933362e-24)
(-0.001205298383 -0.0005912117508 -1.998759232e-22)
(-1.90674754e-05 -0.0001698831036 0)
(0.0005181547126 0.0001720853342 1.509849151e-25)
(0.0002227517865 0.0003059785762 -2.556460803e-24)
(-0.0002633628754 0.000828969483 1.38303524e-25)
(-0.002703305154 0.003383841982 1.561025389e-23)
(-0.0069072767 0.005604501302 1.555225315e-25)
(-0.01195231939 0.007008207235 -8.495936679e-25)
(-0.01713504391 0.007553775795 1.16220957e-24)
(-0.0219753541 0.007294200019 1.306871793e-23)
(-0.02611076101 0.006321895068 1.388361153e-24)
(-0.02926564791 0.004754194039 -7.282831873e-24)
(-0.03122673083 0.00273715234 1.015305646e-23)
(-0.03184201038 0.0004524061208 4.509930788e-24)
(-0.03102761475 -0.001884144594 -6.318818685e-24)
(-0.02879316663 -0.004023029274 2.961838427e-24)
(-0.02527138429 -0.005708354115 3.895582453e-23)
(-0.02073194984 -0.006707409288 -1.954777851e-24)
(-0.01558962735 -0.006854140526 3.754496047e-24)
(-0.01038513435 -0.006097465601 -9.740927465e-23)
(-0.005730271531 -0.004546188566 9.637680946e-23)
(-0.002233365645 -0.002507421227 -3.961350513e-25)
(-0.0001817742658 -0.0005023739643 4.061256931e-25)
(8.343587323e-05 0.0006099247033 0)
(-0.0004188232504 0.002935079597 -2.910442701e-25)
(-0.004647874733 0.00880401527 1.702066917e-23)
(-0.0113719607 0.01324042447 -8.282703621e-24)
(-0.01932729142 0.01579204162 -2.075394765e-25)
(-0.02747411716 0.01653000063 2.038858624e-25)
(-0.03511778794 0.0156444167 6.795571252e-27)
(-0.0417134477 0.01335997581 -1.220867197e-24)
(-0.04683571701 0.009919770883 -4.551308662e-25)
(-0.05014988939 0.005602433133 -1.063127682e-23)
(-0.05141231956 0.0007444203754 0)
(-0.05047793326 -0.004241780617 0)
(-0.04733706335 -0.008887187147 2.670994061e-23)
(-0.04215927984 -0.01268176951 2.813010272e-23)
(-0.03531437535 -0.01513605198 -1.646152714e-24)
(-0.02738996381 -0.01586189625 4.84582111e-23)
(-0.01917005955 -0.01467334297 9.419229706e-23)
(-0.01156090684 -0.01169360562 3.975530208e-23)
(-0.005465410344 -0.007450745022 4.141712457e-25)
(-0.001451098232 -0.00293604517 1.073765928e-25)
(-9.072678079e-05 0.0002258757262 0)
(-0.0005024631509 0.006045350229 -4.24896161e-23)
(-0.00640273994 0.01637075575 -1.6922884e-23)
(-0.01553502461 0.02355933615 8.209530817e-24)
(-0.02627912096 0.02744162679 0)
(-0.03728746797 0.02832102249 0)
(-0.047690375 0.02658772585 0)
(-0.05679663031 0.02263120339 -4.466340849e-26)
(-0.06405384042 0.01683609246 -2.136774662e-24)
(-0.06901081543 0.009622183084 0)
(-0.07130827921 0.001491049287 1.635446114e-24)
(-0.07070853563 -0.00693650428 2.802808267e-25)
(-0.06713039489 -0.01493018865 -2.810656075e-25)
(-0.0606990573 -0.02166728178 0)
(-0.05180750707 -0.02631605783 4.133296129e-23)
(-0.04114991853 -0.02816070905 -4.6815349e-23)
(-0.02971970329 -0.02677372262 -2.76186921e-23)
(-0.01873716653 -0.02221530548 -3.960674916e-23)
(-0.009488027088 -0.01521922233 7.795740412e-25)
(-0.002976879055 -0.007298195433 9.79034997e-23)
(-0.0002318796152 -0.0008661686742 0)
(-0.0005316133401 0.01009501633 4.269622419e-23)
(-0.007983592981 0.02595219602 4.785373256e-25)
(-0.0193968749 0.03642882876 -4.676076492e-25)
(-0.0328238247 0.04185520769 0)
(-0.04664689034 0.04289485311 7.782674082e-25)
(-0.05985229721 0.04020074124 -7.674764653e-25)
(-0.07163291453 0.03434741732 3.67221146e-23)
(-0.08132751326 0.02585664097 1.84817789e-23)
(-0.08836601132 0.01527298312 6.238815642e-24)
(-0.09225469549 0.003246146604 -1.63735143e-24)
(-0.09260379761 -0.009407832787 0)
(-0.08917555502 -0.02167478029 4.370728834e-25)
(-0.08195979309 -0.03236745042 1.009053928e-23)
(-0.07126885573 -0.04021250108 -4.349331054e-23)
(-0.0578201898 -0.04402046288 1.932901281e-24)
(-0.04278583078 -0.04294829293 4.217188484e-23)
(-0.02775450337 -0.03683346857 -3.841578323e-25)
(-0.01455062236 -0.0265272093 0)
(-0.004859461836 -0.01408454493 5.436555163e-23)
(-0.0003641484196 -0.002846953331 -2.565072944e-22)
(-0.000527221257 0.01499927739 9.841396847e-23)
(-0.009377925666 0.03739022358 -4.907630899e-25)
(-0.02288182806 0.05170223074 0)
(-0.03883043538 0.0589418318 0)
(-0.05538656784 0.0602557467 -8.732105539e-23)
(-0.07142876711 0.05661901103 -8.499050946e-23)
(-0.08606654234 0.04880168801 -4.067460356e-23)
(-0.09855086109 0.0374398052 -1.50434527e-23)
(-0.1081945321 0.02315983944 -5.368865354e-24)
(-0.1143444733 0.006709678993 -8.174969583e-24)
(-0.1164046207 -0.01093292172 6.601080174e-24)
(-0.1138937398 -0.02848945038 8.826535289e-24)
(-0.1065486982 -0.04437046222 -1.892318977e-23)
(-0.09446804144 -0.05675333698 4.606485579e-24)
(-0.07826857033 -0.0637829856 0)
(-0.0592289554 -0.06393495287 -1.572869122e-23)
(-0.03933981933 -0.05653816145 -2.428600667e-26)
(-0.02114188784 -0.04235809021 0)
(-0.007318702554 -0.02398229365 -1.520646948e-22)
(-0.0005216166479 -0.005925544478 6.056262468e-22)
(-0.0004990821012 0.02064574543 -9.774350385e-23)
(-0.01052951008 0.0504543819 2.831972084e-22)
(-0.02582957501 0.06912511758 1.52685493e-22)
(-0.04402138346 0.07849257973 3.61927504e-24)
(-0.06310739194 0.08029476467 -7.319335821e-23)
(-0.08190405104 0.07588042951 9.043503881e-23)
(-0.0994776372 0.06621690705 -3.590206596e-24)
(-0.1150227382 0.05201695046 -1.729165776e-24)
(-0.1277519183 0.03392358454 2.524155191e-24)
(-0.1368472598 0.01270233153 7.382605827e-24)
(-0.1414710513 -0.01058782353 -6.50083169e-24)
(-0.1408248171 -0.03446024389 -9.787941655e-24)
(-0.1342745963 -0.05692771718 -3.261749039e-23)
(-0.1215450243 -0.07553316203 -3.661317488e-23)
(-0.1029672666 -0.08754260504 5.645597685e-25)
(-0.07976369996 -0.09039209558 0)
(-0.05426682537 -0.08244513615 0)
(-0.02987160955 -0.06397736749 -2.906059675e-24)
(-0.01066285148 -0.03798794649 2.970508808e-24)
(-0.0007350938006 -0.01050089425 1.027872038e-22)
(-0.0004479163324 0.02687251122 0)
(-0.01134923237 0.06480757519 2.001989644e-22)
(-0.02801599715 0.08829617252 8.96208209e-23)
(-0.04799857369 0.1001234948 0)
(-0.06920602011 0.1027076557 1.569882003e-22)
(-0.09044373233 0.09781578671 0)
(-0.110783169 0.08661103084 -1.428387479e-22)
(-0.1294093777 0.06983950392 6.515558178e-24)
(-0.1454771648 0.04808232207 0)
(-0.1580351821 0.02201755564 0)
(-0.1660133456 -0.007334440001 -1.374411078e-24)
(-0.1682671555 -0.03838839773 -9.316730642e-25)
(-0.1637064697 -0.06883975908 1.491975723e-22)
(-0.1515208767 -0.09558275796 -4.704653575e-23)
(-0.1315134565 -0.1148298659 -2.560948984e-24)
(-0.1045596086 -0.1225703407 1.534710843e-24)
(-0.07309349962 -0.1155517959 -1.558919783e-24)
(-0.04135021526 -0.092831155 0)
(-0.01525230288 -0.05740767578 3.203810372e-24)
(-0.001044309147 -0.01714714422 -1.0129138e-21)
(-0.0003744664544 0.03346304516 0)
(-0.01175006067 0.07998918725 -1.128290375e-22)
(-0.02920707936 0.1086390942 -6.191150019e-22)
(-0.0503174502 0.123223399 -3.755306965e-22)
(-0.0729631744 0.1269097035 0)
(-0.09598960232 0.1219255643 4.119452401e-22)
(-0.1185273495 0.1096348648 1.260924232e-22)
(-0.1398146439 0.0907824592 -5.581836809e-24)
(-0.1590221572 0.06581393199 5.554209714e-24)
(-0.1751461022 0.03520881118 0)
(-0.1869559997 -0.0001967471131 2.912133545e-23)
(-0.1930172656 -0.03889754355 4.695841835e-24)
(-0.191780992 -0.07843888567 -1.076807959e-22)
(-0.1817874444 -0.1151865382 8.004190604e-23)
(-0.1620570445 -0.1442599468 -2.41974497e-22)
(-0.132706201 -0.1598548629 0)
(-0.09577888228 -0.1563112884 0)
(-0.05601633094 -0.1302981079 0)
(-0.02147859146 -0.08381135058 0)
(-0.001500384625 -0.02665516254 5.572114199e-22)
(-0.0002873900333 0.0401607776 0)
(-0.01169359638 0.0954361154 -3.493016796e-22)
(-0.02924438293 0.1294073627 8.932803232e-22)
(-0.05060947251 0.1469299166 3.61717922e-22)
(-0.07370082591 0.1519748672 0)
(-0.09745151101 0.1472757963 -3.862550479e-22)
(-0.1211069842 0.1344191953 -3.174427419e-23)
(-0.1440324799 0.1141393324 3.333102903e-22)
(-0.1655143253 0.08670006676 1.769474476e-22)
(-0.1846248538 0.05229123557 -4.060153207e-23)
(-0.2001325822 0.01141716249 1.656821087e-23)
(-0.2104622448 -0.03471424106 -8.265255036e-24)
(-0.2137208531 -0.08376563588 3.371860293e-22)
(-0.20782155 -0.1318756348 0)
(-0.1908238537 -0.1732756136 2.420913995e-22)
(-0.1616335739 -0.2002593392 5.774773242e-24)
(-0.1211662691 -0.2040121705 -5.860892191e-24)
(-0.07384989802 -0.1772119951 1.548446256e-22)
(-0.02971786828 -0.1188642321 -5.435454085e-24)
(-0.002179545153 -0.04005398706 0)
(-0.0002117199472 0.04671640043 0)
(-0.01125001111 0.1105498131 0)
(-0.02815624474 0.1497355003 -5.022758785e-22)
(-0.04874479264 0.17015176 -1.880998495e-23)
(-0.07100086553 0.1766257144 2.038378158e-23)
(-0.09399451416 0.1724526511 -2.014310662e-23)
(-0.1171434297 0.159487099 -2.316881931e-23)
(-0.1400179508 0.1384805086 -3.029821709e-22)
(-0.1621328898 0.1095160721 6.698607705e-23)
(-0.1827959043 0.07245187045 4.513179209e-23)
(-0.2009835559 0.02734928941 -4.577723165e-23)
(-0.2152270262 -0.02508697658 0)
(-0.2235562209 -0.08298351264 -7.839695344e-23)
(-0.2234632192 -0.1427257323 0)
(-0.2120679429 -0.1981820875 -3.739563118e-22)
(-0.1867434547 -0.2400773691 5.244954934e-22)
(-0.1464438303 -0.2560773408 0)
(-0.09394567721 -0.2331209501 -1.49399241e-22)
(-0.04022000992 -0.1639613657 1.937549001e-22)
(-0.003201100294 -0.05861063121 -3.411528581e-22)
(-0.0002015408991 0.05297585143 0)
(-0.01067261916 0.1248172393 9.182868635e-22)
(-0.02628446727 0.1687424582 -2.440685354e-23)
(-0.04501107802 0.1916455137 9.193342832e-22)
(-0.06494597437 0.1992921049 -2.512087313e-23)
(-0.08536628462 0.1956104314 2.838843738e-23)
(-0.1059305645 0.1827886842 -2.812929803e-23)
(-0.1264924189 0.1616583509 -1.660917389e-23)
(-0.1468996852 0.1321762302 -5.260227679e-22)
(-0.1668458163 0.09389646685 -8.906626323e-24)
(-0.1857303029 0.04640576375 9.660196458e-24)
(-0.2024781689 -0.01023784657 3.313077807e-22)
(-0.2154154615 -0.07499820248 -5.820741153e-22)
(-0.2220209716 -0.1450311831 0)
(-0.2188032104 -0.2146760613 8.887325184e-22)
(-0.2016257524 -0.2740016419 -4.940887516e-22)
(-0.1668639192 -0.3075811954 -1.57222326e-23)
(-0.1140220093 -0.295381191 0)
(-0.05288482018 -0.2195802576 -1.890182726e-22)
(-0.004749188187 -0.08377277941 3.360586382e-22)
(-0.0003641985702 0.05902317814 1.551010236e-23)
(-0.01049574004 0.1379881506 -8.764196234e-22)
(-0.0244138962 0.1856804102 -1.157059403e-21)
(-0.04026724458 0.2101384748 -8.628991551e-22)
(-0.05630729575 0.2182348906 0)
(-0.07214856483 0.2146190264 3.513805814e-23)
(-0.08779221558 0.2018791952 -7.294866891e-23)
(-0.1034562788 0.1810005608 5.867884144e-23)
(-0.1193983874 0.1518997242 3.021366113e-22)
(-0.1357931551 0.1139150572 -1.128195558e-23)
(-0.1526082327 0.06621424999 0)
(-0.1694521384 0.008177204019 -3.603929907e-22)
(-0.1852760607 -0.06015987635 7.515668727e-22)
(-0.1980448527 -0.1372747006 8.831704522e-22)
(-0.2043546272 -0.2189261883 -5.296628016e-22)
(-0.1990977619 -0.2959712909 5.162689985e-22)
(-0.1760605334 -0.3514072586 1.078232809e-23)
(-0.1300890633 -0.3584150781 -1.095547847e-23)
(-0.06688803313 -0.2843276509 -8.215339499e-23)
(-0.007083319953 -0.1169964417 0)
(-0.0009095777705 0.06540041596 -1.911486686e-23)
(-0.01167591794 0.1502816414 -1.326965523e-21)
(-0.02388882165 0.2000659559 1.094237776e-21)
(-0.03601340472 0.2244216963 6.734932384e-22)
(-0.04657308736 0.2316588239 6.014634177e-22)
(-0.05577038453 0.2272393691 6.643959193e-22)
(-0.06411245682 0.2141774871 -4.4586781e-23)
(-0.07227561579 0.1936494377 -3.461337574e-22)
(-0.08096972898 0.1656028313 2.152162506e-22)
(-0.09087192293 0.1292707352 0)
(-0.1025547453 0.08353082452 0)
(-0.116362216 0.02720010712 2.655396802e-22)
(-0.1321589564 -0.04062006015 8.194326122e-23)
(-0.1489252324 -0.1200128307 -2.821623618e-22)
(-0.1641284287 -0.2089300687 -5.411271732e-23)
(-0.1727877625 -0.3006992502 1.301951893e-22)
(-0.1670311309 -0.3793329097 -3.400504449e-22)
(-0.1365292442 -0.4136451964 -1.593853981e-23)
(-0.08018250149 -0.3538326199 8.204112146e-23)
(-0.01050762293 -0.1594130568 -6.032163142e-22)
(-0.002260498686 0.0734888355 0)
(-0.0158035574 0.1626521773 2.145874435e-21)
(-0.02665042692 0.2117904738 0)
(-0.03422339708 0.2333947271 -1.351808203e-21)
(-0.03759398575 0.2377766823 6.18404589e-23)
(-0.03799685309 0.2312553517 -6.193096689e-22)
(-0.03668265946 0.2171899002 -4.75628543e-22)
(-0.03489036376 0.1968934483 8.301256136e-22)
(-0.03378837948 0.1703342375 -1.885698067e-22)
(-0.03449876485 0.1367221069 0)
(-0.03811572777 0.09479673577 0)
(-0.04564992514 0.04304286555 2.41061817e-23)
(-0.05790804404 -0.0201378124 -6.007198369e-22)
(-0.07514598658 -0.09620650205 -4.309566983e-22)
(-0.096451751 -0.185555617 4.637862614e-22)
(-0.1183462626 -0.2853567768 -6.488735138e-22)
(-0.133271539 -0.383838653 9.119945471e-23)
(-0.1265350993 -0.4504358709 2.93733973e-23)
(-0.08899154099 -0.419853637 5.660446028e-22)
(-0.0152691793 -0.2111719729 6.020795877e-22)
(-0.005180899867 0.08598045961 0)
(-0.0252555079 0.1766291189 1.465579349e-22)
(-0.03483408096 0.2205961553 -4.917143937e-23)
(-0.03640014007 0.2354859348 7.642930809e-22)
(-0.03018483191 0.2343406749 -7.005379062e-22)
(-0.01916579568 0.2241603877 4.746481637e-23)
(-0.005615151367 0.2083525836 -1.01860995e-22)
(0.008569606929 0.1881241079 -3.389889086e-22)
(0.02179886104 0.1633911262 2.062823118e-22)
(0.03262781403 0.1333242726 0)
(0.03958458485 0.0966408614 0)
(0.04117013181 0.05174056416 -2.902667651e-22)
(0.03578483748 -0.003255397972 0)
(0.02198184616 -0.07058360845 -5.512187192e-22)
(-0.00126484659 -0.1525735506 -1.492375649e-23)
(-0.0331046992 -0.2505949845 2.559740264e-23)
(-0.06909235847 -0.3599341514 2.203141404e-22)
(-0.09227827021 -0.4575424524 4.788097756e-24)
(-0.08718089928 -0.4698129411 -5.789414604e-22)
(-0.02103127146 -0.2698972294 0)
(-0.01111631591 0.1085974971 0)
(-0.04248901927 0.1947151668 -8.848477579e-22)
(-0.04795529012 0.2258195507 -5.411038451e-22)
(-0.03919536086 0.2282135553 4.543815459e-22)
(-0.01877830468 0.2182328132 -1.709976106e-24)
(0.007664312017 0.202822035 -4.561049264e-23)
(0.03667993214 0.1847619764 5.69668268e-22)
(0.06582998422 0.1647118212 -2.766890951e-23)
(0.09327130753 0.1423128177 -2.069781991e-22)
(0.1173891595 0.1166274939 3.142213904e-23)
(0.1365461675 0.08641143902 -3.425917477e-23)
(0.1489669256 0.05017669045 -3.690594346e-23)
(0.152527577 0.006159167075 3.205633686e-22)
(0.1449367022 -0.04796127013 6.11960636e-22)
(0.1235159783 -0.1153052907 -5.101171617e-22)
(0.08633533373 -0.2004195648 -1.616057975e-22)
(0.03199089239 -0.306780659 1.531308418e-22)
(-0.02362123191 -0.4239837143 7.29365397e-23)
(-0.06492413065 -0.4871612787 1.913291843e-21)
(-0.02509971702 -0.3291544743 2.954991735e-21)
(-0.02004680512 0.1460727397 -4.390207666e-23)
(-0.0641640627 0.2112955844 4.417380418e-23)
(-0.0507023059 0.2177300477 1.000188393e-21)
(-0.0193409744 0.2014679982 -8.270528225e-24)
(0.0241446481 0.1809076179 0)
(0.07154121912 0.1606933349 4.36372201e-23)
(0.119070339 0.1416495497 -2.273852059e-22)
(0.1644767316 0.1233181827 -9.027957043e-23)
(0.2062251143 0.10481173 3.680734524e-23)
(0.2429643009 0.08507140151 -1.701655236e-23)
(0.2732207567 0.06296147736 3.429970785e-23)
(0.2952536099 0.03726293868 -6.592681412e-23)
(0.3066971052 0.006535068487 -9.303906878e-23)
(0.3049738307 -0.03087770027 1.517044137e-22)
(0.2863936245 -0.0778629096 0)
(0.2470568082 -0.1399300369 1.505610946e-22)
(0.1810922234 -0.2266299753 2.560014021e-22)
(0.09604450231 -0.3443894948 0)
(-0.006697615945 -0.4552210218 -3.675635205e-21)
(-0.01922408201 -0.3777537588 -2.892621199e-21)
(-0.02591951357 0.2276828791 -9.51420511e-22)
(-0.03998324577 0.2238216518 -1.388976562e-22)
(0.03656136978 0.1810585359 -2.335581067e-22)
(0.1090503044 0.1451059092 -1.193741642e-22)
(0.181719119 0.1172445498 -4.295825713e-23)
(0.2490090728 0.09627907678 9.783180008e-23)
(0.3100336696 0.08002510481 -1.408592026e-22)
(0.3646209326 0.06656815409 1.297175326e-22)
(0.4126252488 0.05449178963 -8.620120618e-23)
(0.4536250295 0.04270894986 1.132196722e-25)
(0.4867878721 0.03032298462 1.527741771e-23)
(0.5107451363 0.01652901882 7.997205337e-23)
(0.5236597455 0.0005365144486 -1.811123944e-22)
(0.5231798014 -0.01863373251 -1.617146312e-22)
(0.5052323421 -0.04286478964 -4.262953713e-23)
(0.4658715083 -0.07633231195 0)
(0.3952696499 -0.1286089385 -1.846477871e-22)
(0.2916071049 -0.2208468099 8.148763922e-22)
(0.1197455106 -0.3525016904 1.631601674e-21)
(0.02670547261 -0.377549798 2.172655959e-21)
(0.2142894469 0.1347447203 9.864990097e-22)
(0.2776311187 0.09870503549 0)
(0.4316592291 0.0581041482 -2.594321041e-22)
(0.5304749347 0.03846264963 -1.741666586e-22)
(0.6016965752 0.02623419135 0)
(0.6571198961 0.018319235 -6.009091143e-23)
(0.7015213605 0.01313600874 6.378000542e-23)
(0.7376042502 0.009542126585 -1.800156116e-23)
(0.7669368418 0.006804463783 2.885973717e-23)
(0.7902106687 0.004464743988 2.315032898e-23)
(0.8074555012 0.002221319856 0)
(0.8182621357 -0.0001500750412 -2.873032872e-23)
(0.8216499717 -0.002723848374 0)
(0.8162394199 -0.00571266873 2.738150664e-23)
(0.799133315 -0.009611382892 1.421691664e-23)
(0.7679986347 -0.01500255111 -5.799404096e-23)
(0.7106555757 -0.02502519957 -2.535661214e-22)
(0.6235183982 -0.0420428541 -6.918102148e-22)
(0.4230091021 -0.09182968083 0)
(0.270567469 -0.1524021841 -2.119483823e-21)
)


// ************************************************************************* //
