/*--------------------------------*- C++ -*----------------------------------*\
  =========                 |
  \\      /  F ield         | OpenFOAM: The Open Source CFD Toolbox
   \\    /   O peration     | Website:  https://openfoam.org
    \\  /    A nd           | Version:  13
     \\/     M anipulation  |
\*---------------------------------------------------------------------------*/
FoamFile
{
    format      ascii;
    class       vectorField;
    location    "13.65";
    object      U_all;
}
// * * * * * * * * * * * * * * * * * * * * * * * * * * * * * * * * * * * * * //


400
(
(1.028775027e-05 -3.647585216e-05 0)
(-0.0006642010403 0.0004117691641 -1.547598748e-23)
(-0.002174683897 0.0009156663365 0)
(-0.004025849386 0.001305316726 0)
(-0.005938125853 0.001526046804 6.718596314e-25)
(-0.007718479125 0.001560584462 4.130706437e-24)
(-0.009232019136 0.001415301621 -6.907783332e-24)
(-0.01037832746 0.001113486409 8.034869062e-24)
(-0.01107776558 0.0006925431544 -2.140576471e-25)
(-0.01127046564 0.0002024400891 -4.067060069e-24)
(-0.01092127856 -0.0002982006781 5.888964588e-24)
(-0.01003123984 -0.0007435518258 -6.004210407e-23)
(-0.008650454513 -0.001070732068 -6.640627372e-23)
(-0.006886015256 -0.001228580682 -7.883706416e-23)
(-0.004905808147 -0.001189686225 4.644849832e-24)
(-0.00293184558 -0.000961268322 -4.221749501e-24)
(-0.001215810308 -0.0005930234586 -2.061927881e-22)
(-3.045149168e-05 -0.000173492179 0)
(0.0005100121217 0.0001677016828 1.824932344e-25)
(0.0002206683678 0.0003030942144 -6.713399576e-24)
(-0.0002617691828 0.0008262951034 1.362234869e-25)
(-0.002686556413 0.00336458932 1.557626984e-23)
(-0.006862454412 0.005569417232 1.554757282e-25)
(-0.01187367121 0.006963216232 -8.360943166e-25)
(-0.01702229207 0.007505526544 1.139387023e-24)
(-0.02183227881 0.007248934375 1.267196197e-23)
(-0.02594413999 0.006284913571 1.797201536e-24)
(-0.02908432447 0.004729505177 -7.774707137e-24)
(-0.0310407997 0.002727138135 1.043474485e-23)
(-0.03166184597 0.0004574910499 4.593309985e-24)
(-0.03086313526 -0.001864842337 -6.41215485e-24)
(-0.02865290455 -0.003992937733 2.906258536e-24)
(-0.02516133315 -0.005672312099 3.936345824e-23)
(-0.02065490353 -0.006671142648 -1.99193512e-24)
(-0.01554460986 -0.006823403166 3.835255955e-24)
(-0.01036730366 -0.006076977056 -1.006140506e-22)
(-0.005731508325 -0.004538519111 9.974279052e-23)
(-0.002243306059 -0.002511781003 -4.585964351e-25)
(-0.0001908945572 -0.0005143169133 4.701622412e-25)
(8.208579807e-05 0.0006004439758 0)
(-0.0004154890615 0.002917892035 -2.868846334e-25)
(-0.004614288262 0.008746107052 1.658136225e-23)
(-0.01129003709 0.01315054211 -8.42078364e-24)
(-0.01918926819 0.01568478738 -2.036735966e-25)
(-0.02728062244 0.01642008031 2.000878539e-25)
(-0.03487526966 0.01554488362 1.759790305e-26)
(-0.04143271863 0.01328146369 -1.61485761e-24)
(-0.04653058622 0.009870038114 -4.832391519e-25)
(-0.04983595455 0.005585981433 -1.092637317e-23)
(-0.05110481091 0.000762227604 0)
(-0.05019186974 -0.004193167445 0)
(-0.04708599944 -0.008814180713 2.716632708e-23)
(-0.04195261936 -0.01259393351 2.861940499e-23)
(-0.03515732106 -0.01504497355 -1.687038569e-24)
(-0.02728268265 -0.01577965336 4.998301938e-23)
(-0.01910743785 -0.01461055542 9.730395776e-23)
(-0.01153309997 -0.0116572012 4.351817895e-23)
(-0.005459171099 -0.007441613248 5.414686033e-25)
(-0.001453779082 -0.002947057207 3.974432521e-26)
(-9.076045467e-05 0.0002120108695 0)
(-0.0004980532435 0.0060047799 -4.165531944e-23)
(-0.006353865342 0.01625623199 -1.648111961e-23)
(-0.01541873003 0.02339359699 8.34568462e-24)
(-0.02608606779 0.0272512357 0)
(-0.03701934718 0.02813071834 0)
(-0.04735599594 0.02641859198 0)
(-0.05641004558 0.02249992025 -6.073051032e-26)
(-0.06363256664 0.01675451365 -1.778169529e-24)
(-0.06857422821 0.009596966488 0)
(-0.0708768714 0.00152341198 1.756521561e-24)
(-0.07030135699 -0.006851919091 2.882645647e-25)
(-0.06676380801 -0.01480326192 -2.890717199e-25)
(-0.06038650515 -0.02151276398 0)
(-0.05155765451 -0.02615210057 4.28302752e-23)
(-0.04096575503 -0.02800681343 -4.829950994e-23)
(-0.02959798342 -0.02664795624 -2.954285371e-23)
(-0.01866854953 -0.02213084354 -4.343444371e-23)
(-0.009458173234 -0.01518050923 7.741596389e-25)
(-0.002970280337 -0.0072974139 9.285523739e-23)
(-0.0002310474199 -0.000879634216 0)
(-0.0005269726167 0.01002330709 4.185809525e-23)
(-0.00792313347 0.02576593147 4.82686087e-25)
(-0.01925357049 0.03616992151 -4.716617863e-25)
(-0.03258693611 0.04156488951 0)
(-0.04631878559 0.04260924039 7.679111734e-25)
(-0.0594433839 0.03994953419 -7.572639542e-25)
(-0.07115936305 0.03415352856 3.597279392e-23)
(-0.08080922843 0.02573601499 1.763891065e-23)
(-0.08782493872 0.01523433805 5.930460233e-24)
(-0.091713625 0.003290724518 -1.758567991e-24)
(-0.09208468226 -0.009285760293 0)
(-0.08869833971 -0.02148856904 4.592534103e-25)
(-0.08154152934 -0.03213670293 1.096743822e-23)
(-0.07092229118 -0.03996179284 -4.509319429e-23)
(-0.05755252947 -0.04377712048 2.044350132e-24)
(-0.0425975673 -0.04273903123 4.615390787e-23)
(-0.02763868501 -0.03667976098 -4.495930288e-25)
(-0.0144930719 -0.02643969873 0)
(-0.004841557472 -0.01405760292 5.38560226e-23)
(-0.0003621910227 -0.002853800326 -2.503517306e-22)
(-0.0005231027459 0.01489118342 9.84544828e-23)
(-0.009311214613 0.03712225098 -4.926599039e-25)
(-0.02272282314 0.0513388428 0)
(-0.03856713296 0.05854071715 0)
(-0.05502130513 0.05986509683 -8.664728503e-23)
(-0.07097245137 0.05627722501 -8.408347202e-23)
(-0.08553604397 0.04853773227 -3.984417672e-23)
(-0.09796681695 0.03727354359 -1.456386291e-23)
(-0.1075796716 0.02310215352 -5.093908338e-24)
(-0.1137224147 0.006762503959 -7.931188356e-24)
(-0.1157986796 -0.01077628041 6.32452245e-24)
(-0.113325972 -0.02824439528 8.289961216e-24)
(-0.1060391015 -0.0440601506 -1.864296617e-23)
(-0.09403343019 -0.0564077077 2.296771259e-24)
(-0.07792109763 -0.06343674695 0)
(-0.05897431135 -0.06362412365 -1.791209515e-23)
(-0.03917532094 -0.05629460314 4.972581249e-26)
(-0.02105520411 -0.04220205338 0)
(-0.007288935288 -0.02391443388 -1.464533407e-22)
(-0.0005185729132 -0.005920206711 5.925788976e-22)
(-0.0004961228033 0.02049939169 -9.778205168e-23)
(-0.01046315923 0.05010154352 2.820376035e-22)
(-0.02566940717 0.06865384978 1.51963354e-22)
(-0.04375431837 0.07797754 3.59536487e-24)
(-0.06273500905 0.07979619574 -7.266762337e-23)
(-0.08143664071 0.07544505326 8.946002906e-23)
(-0.09893140264 0.06587922124 -3.548819988e-24)
(-0.1144174873 0.05180026767 -1.698594072e-24)
(-0.1271094144 0.03384070822 2.476471716e-24)
(-0.1361901051 0.01275603494 7.155766108e-24)
(-0.1408219661 -0.010404323 -6.237848905e-24)
(-0.1402059196 -0.03416333543 -9.196470144e-24)
(-0.1337069447 -0.05654243667 -3.232201739e-23)
(-0.1210480918 -0.07509291745 -3.261268892e-23)
(-0.1025575741 -0.08708789288 4.823315902e-25)
(-0.07945272806 -0.08996771948 0)
(-0.05405796902 -0.08209472669 0)
(-0.0297568737 -0.06373437794 -2.808686322e-24)
(-0.01062119172 -0.03786432332 2.870975718e-24)
(-0.0007311096149 -0.01047696927 1.020524266e-22)
(-0.0004466589891 0.0266900988 0)
(-0.01129065717 0.06437471228 1.9897689e-22)
(-0.02787124957 0.08772293872 8.906765878e-23)
(-0.04775391226 0.09950060341 0)
(-0.06886172433 0.1021067009 1.558119597e-22)
(-0.09000859368 0.09729110644 0)
(-0.1102716683 0.08620190306 -1.413786868e-22)
(-0.1288392773 0.06957196626 6.438201293e-24)
(-0.1448677872 0.04797051382 0)
(-0.1574062933 0.02206474264 0)
(-0.1653848864 -0.007135061099 -1.346456531e-24)
(-0.1676584667 -0.03805265147 -9.034353772e-25)
(-0.1631363879 -0.06839307069 1.45474502e-22)
(-0.1510084506 -0.09505949628 -4.664800878e-23)
(-0.1310771643 -0.1142733394 -2.453382631e-24)
(-0.1042157776 -0.1220316676 1.434112638e-24)
(-0.07285276598 -0.1150858873 -1.456734683e-24)
(-0.04121209669 -0.09248743939 0)
(-0.01519951897 -0.05721509046 3.144073634e-24)
(-0.001039402253 -0.01709836493 -9.969319217e-22)
(-0.0003753194717 0.03325110258 0)
(-0.01170668594 0.07948964737 -1.12371959e-22)
(-0.02909468274 0.1079797449 -6.158133432e-22)
(-0.05012231919 0.1225087132 -3.732814134e-22)
(-0.07268404476 0.126221364 0)
(-0.09563325118 0.1213246318 4.086601528e-22)
(-0.1181059331 0.1091645376 1.248021078e-22)
(-0.1393431849 0.09047056139 -5.518592367e-24)
(-0.1585166233 0.06567493266 5.491278509e-24)
(-0.1746221059 0.03524558202 0)
(-0.1864277096 8.540498768e-06 2.877041641e-23)
(-0.192498188 -0.03853953455 4.61925923e-24)
(-0.1912845182 -0.07795259841 -1.054871616e-22)
(-0.18132746 -0.1146045294 7.800847745e-23)
(-0.1616495999 -0.1436241176 -2.370829924e-22)
(-0.1323693337 -0.1592177635 0)
(-0.0955298731 -0.1557354559 0)
(-0.05586502101 -0.1298491792 0)
(-0.02141696636 -0.08354063472 0)
(-0.001494581997 -0.02657584965 5.489207208e-22)
(-0.0002905500095 0.03992987681 0)
(-0.01167184931 0.09489127389 -3.47486474e-22)
(-0.02917947687 0.1286872524 8.885314698e-22)
(-0.0504886306 0.1461492174 3.595468399e-22)
(-0.07352124526 0.1512236177 0)
(-0.09721768639 0.1466208046 -3.831878228e-22)
(-0.1208284178 0.1339067215 -3.147358669e-23)
(-0.143721096 0.1137979276 3.304734618e-22)
(-0.1651821523 0.08654311061 1.75363401e-22)
(-0.184282268 0.05231958355 -4.022937428e-23)
(-0.1997872439 0.01162157731 1.648338631e-23)
(-0.2101192805 -0.03435105353 -8.166434384e-24)
(-0.2133838607 -0.08326693013 3.336469444e-22)
(-0.207494874 -0.1312701253 0)
(-0.1905158306 -0.1725993294 2.371975215e-22)
(-0.1613587616 -0.1995595384 5.628810549e-24)
(-0.1209451777 -0.2033516366 -5.712752903e-24)
(-0.07370313516 -0.1766682489 1.502720061e-22)
(-0.02965222193 -0.1185137636 -5.300836987e-24)
(-0.002172973435 -0.03994004042 0)
(-0.0002171150599 0.04648025924 0)
(-0.01125431826 0.109987505 0)
(-0.02814995835 0.1489878306 -4.996373402e-22)
(-0.04871705013 0.1693389619 -1.870899977e-23)
(-0.07094739904 0.1758439771 2.025039704e-23)
(-0.0939172141 0.1717734682 -2.001129689e-23)
(-0.1170486893 0.1589590131 -2.298926673e-23)
(-0.1399142245 0.1381318357 -3.00383255e-22)
(-0.1620279708 0.1093575654 6.673351508e-23)
(-0.1826946258 0.072480367 4.471369785e-23)
(-0.200886409 0.02755120126 -4.534056548e-23)
(-0.2151301891 -0.02473175628 0)
(-0.2234522812 -0.08249929786 -7.691096268e-23)
(-0.2233441207 -0.142136785 0)
(-0.2119299506 -0.1975153578 -3.703816603e-22)
(-0.1865917623 -0.2393681258 5.182568773e-22)
(-0.1462959686 -0.2553786828 0)
(-0.09382909944 -0.2325123618 -1.449620648e-22)
(-0.04015867846 -0.1635413439 1.891739949e-22)
(-0.003194110788 -0.05846109895 -3.36592941e-22)
(-0.0002088399614 0.05274991569 0)
(-0.01070468458 0.1242692172 9.141475121e-22)
(-0.02634213252 0.1680054584 -2.429053405e-23)
(-0.04508625964 0.1908397395 9.149495187e-22)
(-0.06503286106 0.1985170849 -2.49872275e-23)
(-0.0854634247 0.1949410203 2.820967609e-23)
(-0.1060401229 0.1822749722 -2.795216827e-23)
(-0.126618417 0.1613278534 -1.649528561e-23)
(-0.1470450447 0.1320359376 -5.224505722e-22)
(-0.1670096934 0.09393778764 -8.845073488e-24)
(-0.1859067141 0.04660862545 9.594602464e-24)
(-0.2026568544 -0.009899569611 3.294013066e-22)
(-0.215579645 -0.07454928478 -5.782214614e-22)
(-0.22215055 -0.1444941656 0)
(-0.2188818294 -0.2140687488 8.818800852e-22)
(-0.2016454832 -0.2733434937 -4.882257196e-22)
(-0.1668324238 -0.3069064288 -1.55361916e-23)
(-0.1139652614 -0.2947575484 0)
(-0.05283977879 -0.2191162382 -1.845146356e-22)
(-0.004742525203 -0.08359185099 3.315779985e-22)
(-0.0003728975794 0.05882291641 1.544150811e-23)
(-0.01055429758 0.1374868957 -8.724699048e-22)
(-0.02453414882 0.1849936572 -1.152450573e-21)
(-0.04044453498 0.2093801337 -8.58785837e-22)
(-0.05653401581 0.2175042282 0)
(-0.07241873535 0.2139923736 3.494796876e-23)
(-0.08810180892 0.2014073314 -7.25450758e-23)
(-0.1038032187 0.1807104647 5.834611614e-23)
(-0.1197796081 0.1517941932 3.002452188e-22)
(-0.136202096 0.1139803876 -1.12183402e-23)
(-0.1530346892 0.06642401351 0)
(-0.169879345 0.00849903689 -3.582893579e-22)
(-0.18568323 -0.05975502386 7.478970415e-22)
(-0.1984083345 -0.1368102049 8.794640314e-22)
(-0.2046486124 -0.2184136181 -5.261941992e-22)
(-0.1993019519 -0.2954153255 5.134793641e-22)
(-0.1761687523 -0.3508188226 1.062598013e-23)
(-0.1301161455 -0.3578378161 -1.079662013e-23)
(-0.06687286386 -0.2838604143 -8.600706227e-23)
(-0.007078308686 -0.1167951466 0)
(-0.0009190913068 0.06523962099 -1.904091902e-23)
(-0.01175680904 0.1498570603 -1.322422245e-21)
(-0.02406349184 0.1994665198 1.089901163e-21)
(-0.03628106631 0.22374853 6.711334772e-22)
(-0.04692416505 0.2310064959 5.992365325e-22)
(-0.05619317581 0.2266828945 6.617249366e-22)
(-0.06459408968 0.2137667317 -4.437585049e-23)
(-0.07280623731 0.193412321 -3.446473933e-22)
(-0.08153894815 0.1655378967 2.142973852e-22)
(-0.09146594318 0.1293618418 0)
(-0.1031598381 0.08374783004 0)
(-0.1169615889 0.02750666373 2.64658635e-22)
(-0.1327334966 -0.04025930548 8.224078745e-23)
(-0.1494521993 -0.1196241745 -2.802788597e-22)
(-0.1645816946 -0.2085237385 -5.392333248e-23)
(-0.1731412735 -0.3002713956 1.307383935e-22)
(-0.1672673179 -0.3788742477 -3.380544688e-22)
(-0.136645929 -0.4131709244 -1.758133088e-23)
(-0.08020730215 -0.3534113772 8.588951914e-23)
(-0.01050613827 -0.159209285 -6.056241763e-22)
(-0.002270031264 0.07337795556 0)
(-0.01589932752 0.1623280601 2.139021457e-21)
(-0.02686399207 0.2113087382 0)
(-0.03455820675 0.2328376461 -1.347607752e-21)
(-0.03803905771 0.2372289903 6.212855061e-23)
(-0.03853497224 0.2307867152 -6.168093568e-22)
(-0.03728939136 0.2168461601 -4.738779792e-22)
(-0.03554773693 0.1967121107 8.268545259e-22)
(-0.03447900192 0.1703027438 -1.877552782e-22)
(-0.03519953004 0.1368272138 0)
(-0.03881044616 0.09500919116 0)
(-0.04632285277 0.04332607156 2.425668126e-23)
(-0.05854626635 -0.01981953069 -5.989652501e-22)
(-0.07573411059 -0.09588567795 -4.297244017e-22)
(-0.09697089157 -0.1852449388 4.630246311e-22)
(-0.1187736451 -0.2850521655 -6.466772123e-22)
(-0.1335875572 -0.3835201516 9.022445799e-23)
(-0.126721415 -0.4500997039 3.109080439e-23)
(-0.08905578368 -0.4195225042 5.66738666e-22)
(-0.01527281504 -0.2109884162 6.044829071e-22)
(-0.005189106164 0.08592460995 0)
(-0.02535377494 0.1764191971 1.467921827e-22)
(-0.03506101401 0.2202518546 -4.905232744e-23)
(-0.03676405663 0.2350661547 7.621855276e-22)
(-0.03067568038 0.2339156365 -6.984510566e-22)
(-0.01976435725 0.2237914104 4.731537723e-23)
(-0.006276561742 0.2080832608 -1.017784928e-22)
(0.007861608618 0.1879791389 -3.377570879e-22)
(0.02105934399 0.1633725528 2.056552331e-22)
(0.03189881952 0.1334201503 0)
(0.03888338139 0.09682588401 0)
(0.04051229219 0.05198148591 -2.895344181e-22)
(0.0351737184 -0.002994767076 0)
(0.02142539037 -0.07032673843 -5.505838055e-22)
(-0.00175597453 -0.152340672 -1.452336185e-23)
(-0.03351787109 -0.250387962 2.555959195e-23)
(-0.06942276647 -0.3597343588 2.193547874e-22)
(-0.09249459122 -0.4573485364 4.817562058e-24)
(-0.08726863478 -0.469595437 -5.797116741e-22)
(-0.02104047414 -0.2697553181 0)
(-0.01112066383 0.1085923949 0)
(-0.04256939629 0.194616025 -8.829527121e-22)
(-0.04815418302 0.2256141523 -5.403567327e-22)
(-0.03952693732 0.2279356151 4.537572638e-22)
(-0.01923703872 0.2179352493 -1.718891808e-24)
(0.007097243541 0.2025536088 -4.551762374e-23)
(0.03603994669 0.1845636075 5.680721242e-22)
(0.06514581743 0.1645917467 -2.759012272e-23)
(0.09257071173 0.142290554 -2.063385244e-22)
(0.1167060477 0.1166943655 3.13426469e-23)
(0.1359014032 0.08654938871 -3.41846741e-23)
(0.1483745012 0.05036075648 -3.684573111e-23)
(0.1520001196 0.006361712758 3.201443464e-22)
(0.1444784111 -0.04776608923 6.112831703e-22)
(0.1231202795 -0.1151379451 -5.097129678e-22)
(0.08600936521 -0.2002879735 -1.617474697e-22)
(0.03170488531 -0.3066789624 1.527795107e-22)
(-0.02382582295 -0.4238814093 7.292811546e-23)
(-0.06500668361 -0.4870451392 1.912772997e-21)
(-0.02511111105 -0.3290636817 2.954406307e-21)
(-0.02004386507 0.146099653 -4.385569764e-23)
(-0.06420108241 0.2112786314 4.412713253e-23)
(-0.05082105425 0.2176400865 9.991488237e-22)
(-0.01956315606 0.2013168168 -8.015121285e-24)
(0.02381205851 0.180727645 0)
(0.07110644738 0.1605191807 4.355519145e-23)
(0.1185590543 0.1415114736 -2.268630768e-22)
(0.163916967 0.1232302131 -9.00566376e-23)
(0.2056460209 0.1047857852 3.67111719e-23)
(0.242397213 0.08510496305 -1.697319092e-23)
(0.2726904171 0.06304434945 3.422511915e-23)
(0.2947805496 0.03737895072 -6.58165495e-23)
(0.3062850201 0.006665715036 -9.288676577e-23)
(0.3046263377 -0.03075193027 1.516169931e-22)
(0.2861108386 -0.07775848483 0)
(0.2468316037 -0.1398578673 1.507429032e-22)
(0.1809097541 -0.2265975342 2.558874742e-22)
(0.09590811683 -0.3443488714 0)
(-0.006767189188 -0.4551780053 -3.674642039e-21)
(-0.01923548401 -0.3777139974 -2.89204639e-21)
(-0.02591119236 0.2277111901 -9.511636451e-22)
(-0.0399700501 0.2238411651 -1.388147602e-22)
(0.03654659187 0.1810412948 -2.333081095e-22)
(0.1089758973 0.1450520347 -1.192052731e-22)
(0.181566172 0.1171667441 -4.293611897e-23)
(0.2487724973 0.09619660696 9.770027975e-23)
(0.3097245729 0.07995506131 -1.405842097e-22)
(0.3642595512 0.0665208631 1.294080635e-22)
(0.4122361027 0.05447427367 -8.59781451e-23)
(0.4532355122 0.04272137861 1.131355007e-25)
(0.4864221067 0.03036065867 1.524831298e-23)
(0.5104217558 0.01658376633 7.983858461e-23)
(0.5233928266 0.0005947472199 -1.809062774e-22)
(0.5229766118 -0.01857698859 -1.616264316e-22)
(0.5050829296 -0.04281888716 -4.26308159e-23)
(0.4657663416 -0.07630343129 0)
(0.3951934285 -0.1285999337 -1.84371811e-22)
(0.291549648 -0.2208441163 8.145781708e-22)
(0.1197107727 -0.3524992847 1.631145368e-21)
(0.0266966888 -0.3775446033 2.172419079e-21)
(0.2142981075 0.1347532328 9.862156544e-22)
(0.2776581047 0.09871595185 0)
(0.4316893197 0.05810926285 -2.59307136e-22)
(0.5304874085 0.03846091689 -1.741047181e-22)
(0.6016737155 0.02622729305 0)
(0.6570533004 0.01831046581 -6.001877569e-23)
(0.7014135445 0.01312858041 6.365182696e-23)
(0.7374656289 0.009537990839 -1.795274711e-23)
(0.7667819637 0.006804999478 2.878229846e-23)
(0.7900560483 0.00446990528 2.309053574e-23)
(0.8073161059 0.002230167704 0)
(0.8181488906 -0.0001389341633 -2.867906641e-23)
(0.8215692768 -0.00271201382 0)
(0.8161925893 -0.005703774819 2.736126394e-23)
(0.7991133126 -0.009606140084 1.423857685e-23)
(0.7679965391 -0.01500111231 -5.7957771e-23)
(0.7106603841 -0.0250274884 -2.533999149e-22)
(0.6235214694 -0.04204553035 -6.915766915e-22)
(0.4230087525 -0.09183247861 0)
(0.2705666285 -0.1524034518 -2.119252647e-21)
)


// ************************************************************************* //
