/*--------------------------------*- C++ -*----------------------------------*\
  =========                 |
  \\      /  F ield         | OpenFOAM: The Open Source CFD Toolbox
   \\    /   O peration     | Website:  https://openfoam.org
    \\  /    A nd           | Version:  13
     \\/     M anipulation  |
\*---------------------------------------------------------------------------*/
FoamFile
{
    format      ascii;
    class       scalarField;
    location    "15.62";
    object      p_all;
}
// * * * * * * * * * * * * * * * * * * * * * * * * * * * * * * * * * * * * * //


400
(
5.904322187e-07
-0.0005441120717
-0.0008840196782
-0.001009641947
-0.0009292021056
-0.0006750694142
-0.0002847571603
0.0002058273184
0.0007602483189
0.001338130338
0.001893937115
0.002374969471
0.002725952134
0.002893877955
0.002837216935
0.002537861131
0.002016004433
0.001328621664
0.0006717283002
7.720681495e-05
0.0005870647885
8.214050838e-06
-0.0003534468087
-0.0004938828
-0.0004614545353
-0.00028274985
1.286167838e-05
0.0003961058326
0.0008356012598
0.001294171984
0.001732089063
0.002098301332
0.00234252075
0.002417455393
0.002289225706
0.001948939352
0.001423104884
0.0007765022429
0.0001808191839
-0.0004806798548
0.0009495977784
0.0003077872132
-9.12527985e-05
-0.0002356625767
-0.0002275999025
-9.712371866e-05
0.0001316919805
0.0004375044621
0.0007965713485
0.001177147406
0.001546694487
0.001851998123
0.002043004549
0.0020710443
0.001900980753
0.001522893143
0.0009605553156
0.0002702785113
-0.0004262368121
-0.0012614227
0.0009723035476
0.0002569773581
-0.0001908803801
-0.000341144731
-0.000348201423
-0.0002488239854
-6.374270708e-05
0.0001943271378
0.0005117221031
0.0008679704456
0.001222594165
0.001532131053
0.001736092026
0.001774082076
0.001597284013
0.001182261296
0.0005406842427
-0.000280907262
-0.001193816635
-0.002341739538
0.0004773837141
-0.0002852432946
-0.0007616774607
-0.0009111749325
-0.0009296005114
-0.0008581936865
-0.0007121013668
-0.0004919985649
-0.0001977963847
0.0001610832077
0.0005542844614
0.0009335595894
0.001227888745
0.00135658282
0.00124338386
0.0008351586746
0.0001178082666
-0.0008767396375
-0.002083782012
-0.003608745208
-0.0006863774289
-0.001464510992
-0.001951101116
-0.002099694612
-0.002139308717
-0.002112161996
-0.002023643148
-0.001856910371
-0.00159105135
-0.00121589985
-0.0007470607803
-0.0002290334848
0.0002557614811
0.0005978001964
0.0006754963112
0.0003809848396
-0.0003511839402
-0.001519245429
-0.003086634922
-0.005089569739
-0.002656028784
-0.003415547667
-0.003905003748
-0.004067534461
-0.004160936688
-0.004225066648
-0.004250641301
-0.00419616907
-0.004009701817
-0.003647863142
-0.003096349572
-0.002380903996
-0.001587258495
-0.0008574091541
-0.0003790959934
-0.0003527583068
-0.0009411274547
-0.002211080794
-0.004179681669
-0.006770369576
-0.005540652974
-0.006254059882
-0.006749995389
-0.006960542883
-0.007168894007
-0.00741039565
-0.00765695956
-0.007834893924
-0.007848489068
-0.007601973398
-0.007025685111
-0.006096608668
-0.004881575042
-0.003544791638
-0.002356551755
-0.001659458118
-0.001789150661
-0.002959992155
-0.00531025881
-0.008598921029
-0.009409950502
-0.01005560792
-0.01057018602
-0.01087833834
-0.01128741246
-0.01182915046
-0.01245536861
-0.01305455981
-0.01347450792
-0.01354371544
-0.0130988824
-0.01203667759
-0.01034545975
-0.008178203485
-0.005883583539
-0.003994832238
-0.003127322932
-0.003781721934
-0.006363192703
-0.01042358751
-0.01427928759
-0.01483855319
-0.01538335684
-0.01583781464
-0.01653800303
-0.01751819234
-0.01871382229
-0.0199746668
-0.02108305705
-0.02177133088
-0.02175048772
-0.02076443618
-0.01866689066
-0.01552117859
-0.01170459837
-0.007956110614
-0.005286757061
-0.004691949025
-0.007113328895
-0.01190779907
-0.020104042
-0.02055557385
-0.02112383619
-0.02174057757
-0.02278724081
-0.02431407658
-0.02624999866
-0.0284113992
-0.03051379875
-0.03218096032
-0.03296767268
-0.0324124224
-0.0301578246
-0.02606152944
-0.02041820553
-0.01410927142
-0.008608458105
-0.005652166836
-0.007148321549
-0.01239406424
-0.02679434826
-0.02710249281
-0.02764156823
-0.02835675962
-0.02971386298
-0.03180161321
-0.03455752075
-0.03777449619
-0.04110678428
-0.04406921532
-0.04604790946
-0.04633935813
-0.04432788351
-0.03953320937
-0.03200549252
-0.02259627537
-0.01317740462
-0.006408038183
-0.00573744584
-0.01069575406
-0.03426334556
-0.03435023324
-0.03472123255
-0.03533190511
-0.03681062926
-0.03931677372
-0.04281296972
-0.04707708361
-0.05170815784
-0.05611913021
-0.05953796294
-0.06105109084
-0.05964679021
-0.0545326997
-0.0453294224
-0.03260033943
-0.01836623808
-0.006170450141
-0.001607166651
-0.004811854297
-0.04253261281
-0.04220669412
-0.04212411965
-0.04222173538
-0.04343236852
-0.04602411293
-0.04999424355
-0.05510259108
-0.06088736383
-0.06666333345
-0.07150770265
-0.07428620473
-0.0737154398
-0.06856941768
-0.05797837949
-0.04197903165
-0.02236706468
-0.003192973591
0.007403086961
0.008390241211
-0.05193159882
-0.05068768547
-0.04960774009
-0.04850862964
-0.04885157192
-0.05103556895
-0.05507586933
-0.06068815782
-0.0673186155
-0.07416991858
-0.08016602939
-0.08396847895
-0.0840362771
-0.07875778023
-0.06677667227
-0.04746742544
-0.02207881545
0.005545197479
0.02475368433
0.03355866363
-0.0635807016
-0.06012021821
-0.05703392882
-0.05370364435
-0.05240214531
-0.05360850439
-0.0572794959
-0.06304572915
-0.07015984837
-0.07769625543
-0.08439308162
-0.08869805696
-0.08882842479
-0.08278604407
-0.06881322508
-0.04559416207
-0.01373262994
0.02443457174
0.05555541101
0.07736763583
-0.08012028473
-0.07101569547
-0.06406996498
-0.05711955355
-0.05338465299
-0.05316070828
-0.05619191425
-0.06183467083
-0.06917057318
-0.07702638825
-0.08392711392
-0.08807903048
-0.08742362404
-0.07962192767
-0.06246380205
-0.03404904567
0.005550559459
0.05859809905
0.1058187573
0.1480619389
-0.1104552431
-0.08580979085
-0.07157193804
-0.05894349422
-0.05188553272
-0.04984577567
-0.05205169584
-0.05744381842
-0.06478433026
-0.07262992217
-0.07926625869
-0.08265237368
-0.080478762
-0.06986410269
-0.04822852875
-0.01273377897
0.03821540089
0.1071127162
0.1779590544
0.256455909
-0.1683982706
-0.09987556206
-0.07498780523
-0.05478457325
-0.0446043263
-0.04156085996
-0.04367871358
-0.04932762407
-0.05695184833
-0.06490065646
-0.07129460983
-0.07392319857
-0.07008745284
-0.0569929725
-0.03102685774
0.01191579163
0.07557604455
0.1663780173
0.2761351551
0.4376791285
-0.3983904287
-0.1380696716
-0.07495369592
-0.04708018593
-0.03354063075
-0.0300120808
-0.03276985746
-0.0392175997
-0.04749944089
-0.0558741218
-0.06243671259
-0.06497462735
-0.06095430386
-0.04694662897
-0.01875130249
0.02992618089
0.1069362271
0.2334035766
0.4198554727
0.7799996534
)


// ************************************************************************* //
