/*--------------------------------*- C++ -*----------------------------------*\
  =========                 |
  \\      /  F ield         | OpenFOAM: The Open Source CFD Toolbox
   \\    /   O peration     | Website:  https://openfoam.org
    \\  /    A nd           | Version:  13
     \\/     M anipulation  |
\*---------------------------------------------------------------------------*/
FoamFile
{
    format      ascii;
    class       vectorField;
    location    "44.6";
    object      U_all;
}
// * * * * * * * * * * * * * * * * * * * * * * * * * * * * * * * * * * * * * //


400
(
(1.100714581e-05 -3.783103389e-05 0)
(-0.0006660937847 0.0004130427752 -1.551353346e-23)
(-0.002185373879 0.0009203938129 0)
(-0.004047832703 0.001312781658 0)
(-0.005971868434 0.001535066654 6.845720293e-25)
(-0.007762782941 0.001569847924 4.150919256e-24)
(-0.00928454459 0.001423562471 -7.373913111e-24)
(-0.01043594131 0.001119721686 7.530212636e-24)
(-0.01113681542 0.000696081808 -2.09533911e-25)
(-0.01132711333 0.0002030783445 -3.994591394e-24)
(-0.01097177417 -0.0003002318824 5.803564066e-24)
(-0.01007232821 -0.0007475149098 -5.929544106e-23)
(-0.008679879108 -0.001075562281 -6.552667035e-23)
(-0.006902851495 -0.001233045011 -7.784260046e-23)
(-0.004910736874 -0.001192639631 4.573547101e-24)
(-0.002927231262 -0.0009619215272 -4.137884953e-24)
(-0.001205298624 -0.0005912126323 -1.998724395e-22)
(-1.90673483e-05 -0.0001698838032 0)
(0.0005181557744 0.0001720848033 1.509386755e-25)
(0.0002227523206 0.0003059786541 -2.549918156e-24)
(-0.0002633622513 0.000828971237 1.382933325e-25)
(-0.002703304092 0.003383842467 1.561151362e-23)
(-0.006907275438 0.005604501377 1.555434939e-25)
(-0.01195231923 0.007008208025 -8.495901832e-25)
(-0.01713504547 0.007553777487 1.162206758e-24)
(-0.02197535629 0.007294201431 1.306937447e-23)
(-0.0261107622 0.00632189496 1.387906523e-24)
(-0.02926564748 0.004754192448 -7.281941792e-24)
(-0.03122672965 0.002737150565 1.015251998e-23)
(-0.03184200995 0.0004524053957 4.509926987e-24)
(-0.03102761559 -0.001884143756 -6.318831293e-24)
(-0.02879316799 -0.004023027856 2.961778531e-24)
(-0.02527138498 -0.005708353354 3.895527169e-23)
(-0.02073194928 -0.006707409772 -1.954757499e-24)
(-0.0155896261 -0.006854141977 3.754454921e-24)
(-0.01038513351 -0.006097467404 -9.740910677e-23)
(-0.005730271465 -0.004546190265 9.637521837e-23)
(-0.002233365526 -0.002507422458 -3.960938885e-25)
(-0.0001817725793 -0.0005023745418 4.060834486e-25)
(8.3437231e-05 0.0006099244079 0)
(-0.0004188233868 0.002935080749 -2.910361542e-25)
(-0.004647874676 0.008804016647 1.701990212e-23)
(-0.0113719601 0.01324042467 -8.284049906e-24)
(-0.01932729061 0.01579204109 -2.075555077e-25)
(-0.02747411726 0.01653000083 2.03901616e-25)
(-0.03511778955 0.01564441838 6.800898962e-27)
(-0.0417134502 0.01335997825 -1.220407327e-24)
(-0.04683571908 0.009919772565 -4.5511996e-25)
(-0.05014989029 0.005602433161 -1.06307104e-23)
(-0.05141231926 0.0007444191409 0)
(-0.05047793269 -0.004241782047 0)
(-0.04733706359 -0.008887187871 2.670988442e-23)
(-0.04215928072 -0.01268176946 2.813002942e-23)
(-0.03531437621 -0.01513605172 -1.646156181e-24)
(-0.02738996426 -0.01586189638 4.845848898e-23)
(-0.01917005976 -0.01467334365 9.419216802e-23)
(-0.01156090679 -0.01169360652 3.975696055e-23)
(-0.005465409469 -0.007450745546 4.141678933e-25)
(-0.001451096353 -0.002936044953 1.073908854e-25)
(-9.072540665e-05 0.0002258751584 0)
(-0.0005024631017 0.006045350802 -4.248816621e-23)
(-0.006402740312 0.01637075773 -1.692213573e-23)
(-0.01553502546 0.02355933813 8.21089054e-24)
(-0.02627912131 0.02744162759 0)
(-0.03728746798 0.02832102227 0)
(-0.04769037546 0.02658772571 0)
(-0.05679663182 0.02263120424 -4.465829711e-26)
(-0.06405384272 0.01683609418 -2.136902728e-24)
(-0.06901081759 0.009622184696 0)
(-0.07130828069 0.001491050005 1.635396511e-24)
(-0.0707085364 -0.006936504931 2.802738982e-25)
(-0.06713039521 -0.01493018996 -2.810586586e-25)
(-0.06069905767 -0.02166728286 0)
(-0.05180750767 -0.02631605818 4.133236609e-23)
(-0.04114991939 -0.02816070883 -4.681562353e-23)
(-0.02971970432 -0.0267737223 -2.761936375e-23)
(-0.01873716717 -0.02221530529 -3.96084127e-23)
(-0.009488026423 -0.01521922217 7.795985493e-25)
(-0.002976877324 -0.007298195252 9.790414814e-23)
(-0.0002318783933 -0.0008661693717 0)
(-0.000531612797 0.01009501605 4.26947716e-23)
(-0.007983592669 0.02595219683 4.785436912e-25)
(-0.01939687586 0.03642883111 -4.676139098e-25)
(-0.0328238262 0.04185521034 0)
(-0.04664689169 0.04289485489 7.782921946e-25)
(-0.05985229822 0.04020074189 -7.675008903e-25)
(-0.07163291553 0.03434741745 3.67228715e-23)
(-0.08132751471 0.02585664133 1.848217103e-23)
(-0.08836601329 0.01527298387 6.23887138e-24)
(-0.09225469771 0.003246147216 -1.63730177e-24)
(-0.09260379961 -0.009407832806 0)
(-0.08917555633 -0.02167478116 4.370557594e-25)
(-0.08195979368 -0.03236745171 1.008987598e-23)
(-0.07126885603 -0.04021250216 -4.349266207e-23)
(-0.05782019047 -0.04402046343 1.932882751e-24)
(-0.04278583207 -0.04294829305 4.217247808e-23)
(-0.02775450453 -0.03683346848 -3.841759225e-25)
(-0.01455062225 -0.02652720913 0)
(-0.004859460703 -0.01408454505 5.436529672e-23)
(-0.0003641475055 -0.002846954229 -2.565083003e-22)
(-0.000527220742 0.01499927773 9.841546446e-23)
(-0.00937792504 0.03739022369 -4.907781905e-25)
(-0.0228818281 0.05170223198 0)
(-0.03883043656 0.05894183426 0)
(-0.05538656976 0.06025574961 -8.732132418e-23)
(-0.07142876914 0.05661901342 -8.499095017e-23)
(-0.08606654408 0.04880168939 -4.067542139e-23)
(-0.09855086263 0.03743980574 -1.50436932e-23)
(-0.1081945338 0.02315983957 -5.368910008e-24)
(-0.1143444754 0.006709678901 -8.174987653e-24)
(-0.116404623 -0.01093292212 6.601130499e-24)
(-0.1138937418 -0.0284894513 8.82674178e-24)
(-0.1065486994 -0.04437046367 -1.89232085e-23)
(-0.09446804193 -0.05675333869 4.608011144e-24)
(-0.0782685709 -0.06378298722 0)
(-0.05922895657 -0.06393495409 -1.572861877e-23)
(-0.03933982054 -0.05653816214 -2.429429883e-26)
(-0.02114188813 -0.04235809052 0)
(-0.007318702101 -0.02398229414 -1.520650866e-22)
(-0.0005216161527 -0.005925545392 6.056279081e-22)
(-0.0004990822356 0.02064574689 -9.774498216e-23)
(-0.01052951014 0.05045438319 2.831985842e-22)
(-0.02582957471 0.0691251188 1.526862059e-22)
(-0.04402138382 0.0784925815 3.619288069e-24)
(-0.06310739325 0.08029476716 -7.319359625e-23)
(-0.08190405308 0.07588043228 9.043551327e-23)
(-0.09947763945 0.06621690945 -3.590219737e-24)
(-0.1150227403 0.052016952 -1.729170699e-24)
(-0.1277519203 0.03392358516 2.524161426e-24)
(-0.1368472619 0.01270233141 7.382622577e-24)
(-0.1414710537 -0.01058782422 -6.500876798e-24)
(-0.1408248194 -0.03446024506 -9.788169485e-24)
(-0.1342745979 -0.05692771883 -3.261728734e-23)
(-0.1215450252 -0.07553316411 -3.661547315e-23)
(-0.1029672673 -0.08754260733 5.646077528e-25)
(-0.07976370096 -0.09039209767 0)
(-0.05426682639 -0.08244513765 0)
(-0.02987161 -0.06397736843 -2.906070621e-24)
(-0.0106628515 -0.03798794733 2.970519983e-24)
(-0.0007350936446 -0.01050089505 1.027872705e-22)
(-0.0004479167615 0.0268725124 0)
(-0.01134923293 0.06480757759 2.001984369e-22)
(-0.02801599734 0.08829617483 8.962056678e-23)
(-0.04799857391 0.1001234969 0)
(-0.0692060208 0.1027076578 1.569886944e-22)
(-0.09044373369 0.09781578899 0)
(-0.1107831708 0.08661103308 -1.428391061e-22)
(-0.1294093797 0.06983950576 6.515571526e-24)
(-0.1454771669 0.0480823232 0)
(-0.1580351842 0.0220175559 0)
(-0.1660133479 -0.00733444053 -1.374412877e-24)
(-0.1682671577 -0.03838839891 -9.316808641e-25)
(-0.1637064715 -0.0688397608 1.491983837e-22)
(-0.1515208779 -0.09558276016 -4.70462461e-23)
(-0.1315134574 -0.1148298684 -2.560986901e-24)
(-0.1045596095 -0.1225703432 1.534741808e-24)
(-0.07309350046 -0.115551798 -1.558951258e-24)
(-0.04135021576 -0.09283115652 0)
(-0.01525230312 -0.05740767694 3.203817356e-24)
(-0.001044309165 -0.01714714491 -1.012915462e-21)
(-0.0003744665089 0.03346304539 0)
(-0.01175006093 0.07998918929 -1.128294011e-22)
(-0.0292070799 0.108639097 -6.191157614e-22)
(-0.05031745073 0.1232234018 -3.75531082e-22)
(-0.07296317501 0.126909706 0)
(-0.09598960318 0.1219255663 4.119462074e-22)
(-0.1185273506 0.1096348665 1.260927409e-22)
(-0.1398146453 0.09078246056 -5.581841868e-24)
(-0.1590221588 0.06581393291 5.55421475e-24)
(-0.175146104 0.03520881147 0)
(-0.1869560017 -0.0001967475357 2.912132198e-23)
(-0.1930172676 -0.03889754464 4.695843904e-24)
(-0.1917809938 -0.07843888734 -1.076810751e-22)
(-0.1817874458 -0.1151865404 8.004233433e-23)
(-0.1620570455 -0.1442599494 -2.419750358e-22)
(-0.1327062019 -0.1598548656 0)
(-0.09577888304 -0.1563112908 0)
(-0.05601633145 -0.1302981099 0)
(-0.02147859175 -0.08381135197 0)
(-0.001500384681 -0.02665516318 5.572123547e-22)
(-0.0002873897522 0.04016077762 0)
(-0.01169359616 0.09543611653 -3.493021304e-22)
(-0.02924438321 0.129407365 8.932808912e-22)
(-0.05060947303 0.1469299194 3.617182994e-22)
(-0.07370082653 0.1519748698 0)
(-0.09745151166 0.1472757983 -3.862559559e-22)
(-0.1211069848 0.1344191967 -3.174433632e-23)
(-0.1440324805 0.1141393332 3.33310788e-22)
(-0.165514326 0.08670006715 1.769476004e-22)
(-0.1846248546 0.05229123552 -4.060154167e-23)
(-0.2001325833 0.01141716193 1.656821998e-23)
(-0.2104622461 -0.03471424213 -8.265252905e-24)
(-0.2137208543 -0.08376563749 3.371860106e-22)
(-0.2078215511 -0.1318756369 0)
(-0.1908238546 -0.1732756162 2.420919386e-22)
(-0.1616335747 -0.200259342 5.774789313e-24)
(-0.1211662698 -0.2040121731 -5.860908503e-24)
(-0.07384989853 -0.1772119973 1.548452069e-22)
(-0.02971786854 -0.1188642337 -5.435472753e-24)
(-0.002179545181 -0.04005398769 0)
(-0.0002117198197 0.04671640082 0)
(-0.01125001087 0.1105498139 0)
(-0.02815624455 0.1497355021 -5.022761583e-22)
(-0.04874479271 0.1701517625 -1.880999286e-23)
(-0.07100086581 0.176625717 2.038380147e-23)
(-0.09399451454 0.1724526533 -2.014312627e-23)
(-0.11714343 0.1594871005 -2.31688533e-23)
(-0.1400179509 0.1384805095 -3.029826151e-22)
(-0.1621328897 0.1095160723 6.698615192e-23)
(-0.1827959041 0.07245187018 4.51318032e-23)
(-0.2009835559 0.02734928876 -4.577722727e-23)
(-0.2152270265 -0.02508697762 0)
(-0.2235562214 -0.08298351416 -7.839689631e-23)
(-0.2234632198 -0.1427257344 0)
(-0.2120679434 -0.1981820899 -3.739564688e-22)
(-0.1867434552 -0.2400773718 5.244958912e-22)
(-0.1464438308 -0.2560773435 0)
(-0.09394567763 -0.2331209525 -1.493998036e-22)
(-0.04022001012 -0.1639613673 1.937554747e-22)
(-0.003201100282 -0.05861063182 -3.411534308e-22)
(-0.0002015410912 0.05297585196 0)
(-0.01067261918 0.1248172404 9.18287566e-22)
(-0.02628446681 0.1687424599 -2.440686984e-23)
(-0.04501107748 0.1916455159 9.193343581e-22)
(-0.06494597394 0.1992921074 -2.512087909e-23)
(-0.08536628439 0.1956104338 2.838846281e-23)
(-0.1059305644 0.1827886862 -2.812932322e-23)
(-0.1264924187 0.1616583522 -1.660919031e-23)
(-0.1468996846 0.1321762308 -5.260232219e-22)
(-0.1668458153 0.09389646673 -8.906633345e-24)
(-0.1857303019 0.0464057632 9.660200406e-24)
(-0.2024781681 -0.01023784749 3.31307927e-22)
(-0.215415461 -0.07499820376 -5.820742784e-22)
(-0.2220209714 -0.1450311849 0)
(-0.2188032102 -0.2146760634 8.88732886e-22)
(-0.2016257524 -0.2740016444 -4.940891263e-22)
(-0.1668639193 -0.307581198 -1.572224651e-23)
(-0.1140220095 -0.2953811934 0)
(-0.05288482027 -0.2195802594 -1.890188374e-22)
(-0.004749188147 -0.08377278002 3.360592008e-22)
(-0.0003641988228 0.05902317839 1.551011382e-23)
(-0.01049574014 0.1379881518 -8.764203055e-22)
(-0.02441389567 0.1856804121 -1.157059701e-21)
(-0.04026724355 0.210138477 -8.628992195e-22)
(-0.0563072945 0.218234893 0)
(-0.07214856371 0.2146190289 3.513807734e-23)
(-0.08779221482 0.2018791975 -7.294871572e-23)
(-0.1034562782 0.1810005626 5.867888509e-23)
(-0.1193983865 0.1518997252 3.021368614e-22)
(-0.1357931538 0.1139150574 -1.128196377e-23)
(-0.1526082311 0.0662142497 0)
(-0.1694521368 0.008177203358 -3.60393147e-22)
(-0.1852760594 -0.06015987729 7.515671747e-22)
(-0.1980448516 -0.1372747018 8.831707982e-22)
(-0.2043546264 -0.2189261899 -5.296630215e-22)
(-0.1990977613 -0.2959712928 5.162692593e-22)
(-0.176060533 -0.3514072607 1.078234404e-23)
(-0.1300890632 -0.3584150803 -1.095549468e-23)
(-0.06688803308 -0.2843276526 -8.215285624e-23)
(-0.007083319903 -0.1169964423 0)
(-0.0009095778375 0.06540041596 -1.911487977e-23)
(-0.01167591785 0.1502816425 -1.32696628e-21)
(-0.02388882105 0.2000659578 1.094238055e-21)
(-0.03601340342 0.2244216985 6.734932905e-22)
(-0.04657308551 0.2316588261 6.014634399e-22)
(-0.05577038252 0.2272393712 6.643960257e-22)
(-0.06411245516 0.2141774891 -4.458680224e-23)
(-0.07227561453 0.1936494393 -3.461338953e-22)
(-0.08096972771 0.1656028324 2.152163464e-22)
(-0.09087192128 0.1292707357 0)
(-0.1025547433 0.08353082446 0)
(-0.1163622139 0.02720010674 2.655397906e-22)
(-0.1321589546 -0.04062006076 8.19432684e-23)
(-0.1489252308 -0.1200128315 -2.821624948e-22)
(-0.1641284274 -0.2089300697 -5.411273804e-23)
(-0.1727877614 -0.3006992514 1.301952114e-22)
(-0.1670311301 -0.3793329111 -3.400507191e-22)
(-0.1365292437 -0.413645198 -1.59382797e-23)
(-0.0801825013 -0.3538326214 8.204058345e-23)
(-0.01050762289 -0.1594130574 -6.032157694e-22)
(-0.002260498597 0.07348883556 0)
(-0.01580355714 0.1626521782 2.14587565e-21)
(-0.02665042625 0.2117904752 0)
(-0.03422339571 0.2333947287 -1.351808447e-21)
(-0.03759398365 0.2377766839 6.18405393e-23)
(-0.03799685054 0.2312553532 -6.193097676e-22)
(-0.036682657 0.2171899014 -4.756286231e-22)
(-0.03489036162 0.1968934492 8.301258558e-22)
(-0.03378837746 0.1703342381 -1.885698941e-22)
(-0.03449876268 0.1367221071 0)
(-0.03811572543 0.09479673568 0)
(-0.04564992283 0.04304286527 2.410615285e-23)
(-0.05790804199 -0.02013781281 -6.007200599e-22)
(-0.07514598489 -0.0962065025 -4.309568488e-22)
(-0.09645174961 -0.1855556175 4.637863967e-22)
(-0.1183462615 -0.2853567773 -6.488737964e-22)
(-0.133271538 -0.3838386537 9.119947887e-23)
(-0.1265350986 -0.4504358718 2.937312113e-23)
(-0.08899154073 -0.4198536381 5.660443527e-22)
(-0.01526917929 -0.2111719735 6.020790439e-22)
(-0.005180899789 0.08598045985 0)
(-0.02525550773 0.1766291196 1.465579378e-22)
(-0.03483408038 0.2205961561 -4.917146074e-23)
(-0.03640013872 0.2354859355 7.642932936e-22)
(-0.03018482978 0.2343406758 -7.00538009e-22)
(-0.019165793 0.2241603885 4.74648218e-23)
(-0.005615148576 0.2083525843 -1.018609815e-22)
(0.008569609634 0.1881241083 -3.389889802e-22)
(0.02179886373 0.1633911263 2.062823215e-22)
(0.03262781675 0.1333242724 0)
(0.03958458754 0.09664086112 0)
(0.04117013429 0.0517405638 -2.902668469e-22)
(0.03578483958 -0.003255398322 0)
(0.02198184781 -0.07058360877 -5.512188408e-22)
(-0.001264845314 -0.1525735509 -1.492377206e-23)
(-0.03310469818 -0.2505949848 2.55974178e-23)
(-0.0690923576 -0.3599341517 2.203143899e-22)
(-0.09227826957 -0.4575424528 4.788082115e-24)
(-0.08718089902 -0.4698129417 -5.789411942e-22)
(-0.02103127147 -0.2698972298 0)
(-0.01111631587 0.1085974973 0)
(-0.04248901933 0.1947151676 -8.84848177e-22)
(-0.04795528986 0.2258195513 -5.411040937e-22)
(-0.03919535971 0.2282135557 4.543817737e-22)
(-0.0187783027 0.2182328138 -1.709983579e-24)
(0.007664314536 0.2028220358 -4.5610507e-23)
(0.03667993481 0.1847619772 5.69668337e-22)
(0.06582998691 0.1647118218 -2.766890964e-23)
(0.09327131029 0.1423128179 -2.069782114e-22)
(0.1173891623 0.1166274939 3.142214122e-23)
(0.1365461703 0.08641143878 -3.425917835e-23)
(0.1489669281 0.0501766901 -3.690594889e-23)
(0.1525275791 0.006159166716 3.205634254e-22)
(0.1449367037 -0.04796127046 6.119607716e-22)
(0.1235159794 -0.115305291 -5.101172956e-22)
(0.08633533447 -0.2004195649 -1.616059154e-22)
(0.03199089303 -0.306780659 1.531307204e-22)
(-0.02362123141 -0.4239837144 7.29365237e-23)
(-0.06492413047 -0.487161279 1.9132916e-21)
(-0.02509971705 -0.3291544744 2.954991449e-21)
(-0.02004680494 0.1460727396 -4.39020843e-23)
(-0.06416406276 0.2112955852 4.417381185e-23)
(-0.05070230608 0.2177300486 1.000188797e-21)
(-0.01934097383 0.2014679993 -8.270545955e-24)
(0.02414464946 0.1809076191 0)
(0.07154122099 0.1606933362 4.363723469e-23)
(0.1190703411 0.1416495508 -2.273852532e-22)
(0.1644767338 0.1233181836 -9.02796019e-23)
(0.2062251166 0.1048117307 3.68073579e-23)
(0.2429643032 0.08507140186 -1.701655288e-23)
(0.273220759 0.06296147741 3.429971144e-23)
(0.2952536119 0.03726293852 -6.592682956e-23)
(0.3066971069 0.00653506818 -9.303907484e-23)
(0.3049738319 -0.03087770054 1.51704464e-22)
(0.2863936253 -0.07786290976 0)
(0.2470568087 -0.1399300369 1.505612275e-22)
(0.1810922237 -0.2266299752 2.560013816e-22)
(0.09604450258 -0.3443894947 0)
(-0.006697615842 -0.4552210219 -3.675634802e-21)
(-0.01922408204 -0.3777537588 -2.892620922e-21)
(-0.02591951321 0.2276828792 -9.514204829e-22)
(-0.03998324555 0.2238216522 -1.388976666e-22)
(0.03656136937 0.1810585365 -2.335582459e-22)
(0.1090503044 0.1451059103 -1.193742288e-22)
(0.1817191196 0.117244551 -4.295827942e-23)
(0.2490090738 0.09627907799 9.783187917e-23)
(0.3100336709 0.08002510585 -1.408593077e-22)
(0.364620934 0.06656815492 1.297175878e-22)
(0.4126252501 0.05449179023 -8.620123948e-23)
(0.4536250308 0.04270895023 1.132187657e-25)
(0.4867878732 0.03032298476 1.527742271e-23)
(0.5107451373 0.01652901878 7.997207475e-23)
(0.5236597465 0.000536514322 -1.811124442e-22)
(0.5231798021 -0.01863373261 -1.617146771e-22)
(0.5052323426 -0.04286478966 -4.262957312e-23)
(0.4658715085 -0.07633231188 0)
(0.39526965 -0.1286089384 -1.846477104e-22)
(0.2916071049 -0.2208468098 8.148763095e-22)
(0.1197455106 -0.3525016903 1.631601538e-21)
(0.02670547258 -0.3775497979 2.17265589e-21)
(0.2142894472 0.1347447205 9.864989841e-22)
(0.2776311192 0.09870503546 0)
(0.4316592296 0.05810414826 -2.594321583e-22)
(0.530474935 0.03846264994 -1.741667367e-22)
(0.6016965755 0.02623419172 0)
(0.6571198964 0.01831923534 -6.009096471e-23)
(0.7015213608 0.01313600901 6.378006098e-23)
(0.7376042505 0.00954212679 -1.800157697e-23)
(0.7669368421 0.006804463914 2.885975865e-23)
(0.7902106689 0.004464744048 2.315034262e-23)
(0.8074555013 0.002221319857 0)
(0.8182621358 -0.0001500750771 -2.873033943e-23)
(0.8216499718 -0.002723848394 0)
(0.8162394199 -0.005712668728 2.738152562e-23)
(0.799133315 -0.009611382855 1.421693288e-23)
(0.7679986345 -0.01500255104 -5.799402422e-23)
(0.7106555755 -0.0250251995 -2.535660733e-22)
(0.623518398 -0.04204285404 -6.9181015e-22)
(0.423009102 -0.09182968079 0)
(0.2705674689 -0.1524021841 -2.119483756e-21)
)


// ************************************************************************* //
