/*--------------------------------*- C++ -*----------------------------------*\
  =========                 |
  \\      /  F ield         | OpenFOAM: The Open Source CFD Toolbox
   \\    /   O peration     | Website:  https://openfoam.org
    \\  /    A nd           | Version:  13
     \\/     M anipulation  |
\*---------------------------------------------------------------------------*/
FoamFile
{
    format      ascii;
    class       scalarField;
    location    "33.77";
    object      p_all;
}
// * * * * * * * * * * * * * * * * * * * * * * * * * * * * * * * * * * * * * //


400
(
2.444439558e-07
-0.0005472267665
-0.0008892851877
-0.00101676913
-0.0009378905966
-0.0006850315354
-0.0002957741846
0.0001939127616
0.0007475376906
0.001324624926
0.001879509213
0.00235929936
0.002708587174
0.002874292249
0.002814909952
0.002512464207
0.00198742154
0.001296905511
0.0006379876499
4.209209193e-05
0.0005884326071
7.13867896e-06
-0.000356615628
-0.0004989655835
-0.0004683048098
-0.0002912051074
2.918213572e-06
0.0003847479346
0.0008228811025
0.001280085153
0.001716538688
0.002081086814
0.002323335111
0.002395895182
0.002264893306
0.001921571465
0.001392693791
0.0007433205422
0.0001456845925
-0.000516985759
0.000952682764
0.0003082906937
-9.296052486e-05
-0.0002393196227
-0.0002332316484
-0.000104739364
0.0001221231324
0.0004260416913
0.000783253234
0.001161743469
0.001529735433
0.001833117042
0.002021969042
0.002047559856
0.001874737309
0.001493677106
0.0009283667438
0.0002353788868
-0.000463083991
-0.001300039608
0.0009763811527
0.0002582163722
-0.0001920098299
-0.0003442990669
-0.0003535812843
-0.0002566319561
-7.406126517e-05
0.0001815494855
0.000496645004
0.0008509666369
0.001203310015
0.00151076532
0.001712547662
0.001748135082
0.001568655255
0.001150710888
0.0005061201321
-0.0003183711087
-0.00123369952
-0.002384485474
0.0004807327677
-0.0002847790415
-0.0007636788808
-0.0009153608831
-0.0009363735028
-0.0008679560154
-0.0007250723326
-0.0005081562615
-0.0002169113428
0.0001394114408
0.0005303652706
0.0009076691367
0.001200099477
0.001326778069
0.00121129537
0.0008004520749
8.019599753e-05
-0.0009174069124
-0.002127387905
-0.003655877407
-0.0006860926688
-0.00146689815
-0.00195596701
-0.002107023568
-0.002149789945
-0.00212642661
-0.002042043437
-0.00187943088
-0.001617327518
-0.001245297229
-0.0007788766333
-0.0002626092525
0.0002208770539
0.0005617489811
0.0006380948933
0.0003417821181
-0.0003927851488
-0.00156382689
-0.003134608465
-0.005141838414
-0.002661568724
-0.003423272313
-0.003915151548
-0.004080547372
-0.004177922217
-0.004246968938
-0.004277975623
-0.004228913692
-0.004047311977
-0.003689365748
-0.003140517459
-0.002426518267
-0.001633268364
-0.0009031929576
-0.0004245813603
-0.0003984500218
-0.0009880042981
-0.002260349121
-0.004232506936
-0.006828080993
-0.005554787421
-0.006269694015
-0.006767973251
-0.006981927034
-0.007195328397
-0.007443232413
-0.007696935004
-0.007881992036
-0.007901951946
-0.007660393981
-0.007087132524
-0.006159281551
-0.004943534149
-0.003604651836
-0.002413716802
-0.00171429875
-0.001842989119
-0.00301480644
-0.005368240677
-0.008662032997
-0.00943501099
-0.01008134229
-0.01059819868
-0.0109104322
-0.01132583698
-0.0118757271
-0.01251110725
-0.01311947997
-0.01354763429
-0.01362320076
-0.01318232368
-0.01212097226
-0.01042788178
-0.008256415516
-0.005956187219
-0.004061763657
-0.003190030048
-0.003842933069
-0.006426329329
-0.01049151678
-0.01431676428
-0.01487576363
-0.01542275112
-0.01588198782
-0.01658981983
-0.01757995037
-0.01878681266
-0.02005894561
-0.02117743216
-0.02187348386
-0.02185726104
-0.02087214538
-0.01877180752
-0.01561998454
-0.01179496005
-0.008037224036
-0.005359784136
-0.00476004466
-0.007181066378
-0.01197914755
-0.02015426123
-0.02060449539
-0.02117469162
-0.02179669518
-0.02285204548
-0.02439029759
-0.02633916418
-0.02851355004
-0.03062749196
-0.03230342631
-0.03309518239
-0.03254063136
-0.03028241112
-0.02617861382
-0.02052481319
-0.01420384645
-0.00869145885
-0.005726531398
-0.007219179041
-0.01246632653
-0.02685628785
-0.02716204606
-0.02770248765
-0.0284229059
-0.02978910421
-0.03188903908
-0.03465882176
-0.03788958253
-0.04123386663
-0.04420499178
-0.04618806593
-0.04647871509
-0.04446301679
-0.03965996742
-0.03212095722
-0.02269868532
-0.0132664966
-0.006485860006
-0.005808554073
-0.01076515096
-0.03433464853
-0.03441805669
-0.03478939639
-0.03540447957
-0.03689178931
-0.03940993997
-0.04291998221
-0.04719761565
-0.05184000798
-0.05625832211
-0.05967967957
-0.06119084454
-0.05977947098
-0.05465571974
-0.0454409995
-0.03269964423
-0.01845302785
-0.006245838687
-0.001673885372
-0.004873522085
-0.04260978628
-0.04227936171
-0.04219558196
-0.04229590025
-0.04351364331
-0.04611633674
-0.05009955233
-0.05522032338
-0.06101500602
-0.06679611842
-0.07164006559
-0.07441296904
-0.07383253295
-0.06867485585
-0.0580719214
-0.04206179651
-0.02244000827
-0.003257178221
0.007347112986
0.008341505837
-0.0520102875
-0.05076094888
-0.04967777446
-0.04857887187
-0.04892673374
-0.05112015924
-0.05517285445
-0.06079620357
-0.06743551261
-0.07428988248
-0.08028276471
-0.0840762236
-0.08413066223
-0.0788375539
-0.06684282061
-0.04752343139
-0.02212746104
0.005501801477
0.02471540223
0.03352743912
-0.06365588714
-0.06018919135
-0.05709734038
-0.05376439139
-0.05246553416
-0.05368020245
-0.05736504716
-0.06313824704
-0.07026271862
-0.07780118327
-0.08449287687
-0.08878609619
-0.08889842318
-0.08283970423
-0.06885079381
-0.0456208188
-0.01375149812
0.02441693529
0.05553968802
0.07735592616
-0.08018644887
-0.07107501049
-0.06412127173
-0.05716557997
-0.05343174366
-0.05321583211
-0.05625959208
-0.06191461819
-0.06925976345
-0.07711775233
-0.08401301822
-0.08815248012
-0.08748091791
-0.07965664507
-0.06247949806
-0.03405041516
0.005564970148
0.05859415787
0.1058231942
0.1480679005
-0.1105078435
-0.08585515353
-0.07160712571
-0.05897216564
-0.05191457672
-0.0498843322
-0.05210414939
-0.05751030908
-0.064861136
-0.0727100183
-0.07934143779
-0.08271473756
-0.08052046879
-0.06988737604
-0.04823244705
-0.01272248591
0.03823628972
0.1071322596
0.1779788225
0.2564766601
-0.1684380286
-0.09990932121
-0.07500941843
-0.05479904681
-0.04462019738
-0.04158673959
-0.04371938072
-0.04938331927
-0.05701898166
-0.06497255393
-0.07136342272
-0.07398169657
-0.07013049572
-0.05701397917
-0.03102858557
0.0119294515
0.07559963913
0.1664044069
0.2761621854
0.4377044491
-0.3984293135
-0.1381004738
-0.07497158175
-0.04708959652
-0.03355067192
-0.03003148522
-0.03280370113
-0.03926652437
-0.04756032271
-0.05594088011
-0.06250189675
-0.06503096525
-0.06099620356
-0.04697000159
-0.01875679748
0.02993557993
0.106955833
0.2334274213
0.4198803763
0.7800235584
)


// ************************************************************************* //
