/*--------------------------------*- C++ -*----------------------------------*\
  =========                 |
  \\      /  F ield         | OpenFOAM: The Open Source CFD Toolbox
   \\    /   O peration     | Website:  https://openfoam.org
    \\  /    A nd           | Version:  13
     \\/     M anipulation  |
\*---------------------------------------------------------------------------*/
FoamFile
{
    format      ascii;
    class       vectorField;
    location    "36.9";
    object      U_all;
}
// * * * * * * * * * * * * * * * * * * * * * * * * * * * * * * * * * * * * * //


400
(
(1.099704812e-05 -3.78380117e-05 0)
(-0.000666104656 0.0004130415828 -1.550701139e-23)
(-0.002185377037 0.0009203939634 0)
(-0.004047833295 0.001312781366 0)
(-0.00597186695 0.001535065278 6.844795096e-25)
(-0.007762780981 0.001569845882 4.151165296e-24)
(-0.009284543403 0.001423561238 -7.371051372e-24)
(-0.01043594069 0.001119722387 7.533153159e-24)
(-0.01113681409 0.0006960841191 -2.095586976e-25)
(-0.01132711036 0.0002030807806 -3.994949632e-24)
(-0.01097176998 -0.0003002307407 5.803942112e-24)
(-0.01007232422 -0.0007475152806 -5.929833204e-23)
(-0.008679876735 -0.001075563476 -6.552959418e-23)
(-0.00690285138 -0.001233046028 -7.784566613e-23)
(-0.004910738474 -0.001192639862 4.573745187e-24)
(-0.002927233281 -0.0009619210316 -4.138094473e-24)
(-0.001205300073 -0.0005912118868 -1.998862126e-22)
(-1.906821722e-05 -0.0001698832884 0)
(0.0005181548179 0.0001720848802 1.510002736e-25)
(0.0002227517882 0.0003059785573 -2.558019919e-24)
(-0.0002633670664 0.0008289609949 1.383456151e-25)
(-0.002703308839 0.003383836852 1.560487725e-23)
(-0.006907277573 0.005604497591 1.554418779e-25)
(-0.0119523196 0.007008205446 -8.493843266e-25)
(-0.0171350428 0.007553774537 1.161904993e-24)
(-0.02197534994 0.00729419747 1.30663581e-23)
(-0.02611075316 0.006321891069 1.390948747e-24)
(-0.02926563792 0.004754190371 -7.284811736e-24)
(-0.0312267213 0.002737151028 1.015391436e-23)
(-0.03184200312 0.0004524074915 4.510341412e-24)
(-0.0310276094 -0.001884141474 -6.319241965e-24)
(-0.02879316176 -0.004023026206 2.961699823e-24)
(-0.02527137921 -0.005708352348 3.895675632e-23)
(-0.02073194507 -0.006707408792 -1.954853668e-24)
(-0.01558962422 -0.006854140436 3.754651453e-24)
(-0.01038513365 -0.006097465277 -9.741560819e-23)
(-0.005730272688 -0.004546188135 9.638234288e-23)
(-0.002233367134 -0.002507421158 -3.962089541e-25)
(-0.0001817744036 -0.0005023744209 4.062014161e-25)
(8.343628518e-05 0.0006099244071 0)
(-0.0004188246938 0.00293507631 -2.910887023e-25)
(-0.004647876275 0.008804009469 1.702687298e-23)
(-0.01137195871 0.01324041648 -8.277717708e-24)
(-0.01932728705 0.0157920342 -2.074555444e-25)
(-0.0274741114 0.01652999575 2.038034126e-25)
(-0.03511778072 0.01564441417 6.901834635e-27)
(-0.04171343801 0.0133599739 -1.223353501e-24)
(-0.04683570427 0.009919768245 -4.553134292e-25)
(-0.05014987462 0.005602430113 -1.063217449e-23)
(-0.05141230434 0.0007444184708 0)
(-0.05047791922 -0.004241779744 0)
(-0.04733705186 -0.008887183446 2.671149756e-23)
(-0.04215927099 -0.01268176421 2.813153324e-23)
(-0.03531436869 -0.01513604677 -1.646251194e-24)
(-0.02738995917 -0.01586189219 4.846163604e-23)
(-0.01917005707 -0.0146733402 9.419846598e-23)
(-0.01156090636 -0.0116936038 3.976299466e-23)
(-0.005465410875 -0.007450743952 4.143779152e-25)
(-0.00145109835 -0.002936044795 1.07279879e-25)
(-9.072642131e-05 0.0002258753334 0)
(-0.000502464182 0.006045347305 -4.249485181e-23)
(-0.006402740506 0.01637074962 -1.692910169e-23)
(-0.01553502161 0.02355932617 8.204566752e-24)
(-0.02627911342 0.02744161458 0)
(-0.0372874568 0.02832101077 0)
(-0.04769036162 0.02658771707 0)
(-0.05679661552 0.02263119844 -4.475709491e-26)
(-0.06405382407 0.01683609057 -2.13524945e-24)
(-0.06901079733 0.009622183053 0)
(-0.0713082597 0.001491050769 1.635779331e-24)
(-0.07070851602 -0.00693650138 2.802976675e-25)
(-0.06713037699 -0.0149301839 -2.810824945e-25)
(-0.06069904255 -0.02166727518 0)
(-0.05180749596 -0.02631605024 4.133551701e-23)
(-0.0411499108 -0.02816070181 -4.681867594e-23)
(-0.0297196984 -0.02677371678 -2.762253631e-23)
(-0.01873716397 -0.0222153014 -3.961454563e-23)
(-0.009488026186 -0.01521921996 7.795925174e-25)
(-0.00297687868 -0.007298194674 9.789721692e-23)
(-0.000231879247 -0.0008661690936 0)
(-0.0005316133183 0.01009501143 4.270149861e-23)
(-0.007983591685 0.02595218685 4.784356407e-25)
(-0.01939687112 0.03642881666 -4.67508327e-25)
(-0.03282381626 0.0418551933 0)
(-0.04664687674 0.04289483774 7.78195636e-25)
(-0.05985227936 0.0402007271 -7.674056706e-25)
(-0.07163289402 0.03434740676 3.671992278e-23)
(-0.08132749138 0.0258566353 1.847904207e-23)
(-0.08836598857 0.01527298227 6.238055428e-24)
(-0.09225467218 0.003246149783 -1.637685036e-24)
(-0.09260377428 -0.009407826725 0)
(-0.08917553265 -0.0216747721 4.371046788e-25)
(-0.08195977316 -0.03236744053 1.009152403e-23)
(-0.07126883952 -0.04021249012 -4.349601418e-23)
(-0.05782017782 -0.04402045192 1.933081327e-24)
(-0.04278582273 -0.0429482833 4.217876688e-23)
(-0.02775449856 -0.03683346131 -3.842744102e-25)
(-0.01455062008 -0.02652720491 0)
(-0.004859460987 -0.01408454334 5.436544177e-23)
(-0.000364148042 -0.002846953693 -2.565012696e-22)
(-0.0005272203655 0.0149992708 9.84086686e-23)
(-0.009377922297 0.03739020899 -4.907263142e-25)
(-0.02288182219 0.05170221307 0)
(-0.03883042572 0.0589418133 0)
(-0.05538655343 0.06025572852 -8.731807679e-23)
(-0.07142874778 0.05661899429 -8.498787077e-23)
(-0.08606651897 0.04880167428 -4.067218305e-23)
(-0.09855083523 0.03743979619 -1.50422134e-23)
(-0.1081945051 0.02315983618 -5.368188653e-24)
(-0.1143444461 0.00670968151 -8.174602817e-24)
(-0.1164045939 -0.01093291416 6.600714024e-24)
(-0.1138937141 -0.02848943899 8.825967808e-24)
(-0.1065486745 -0.04437044823 -1.892318089e-23)
(-0.09446802095 -0.05675332161 4.604699452e-24)
(-0.07826855414 -0.06378297018 0)
(-0.05922894384 -0.06393493887 -1.573193239e-23)
(-0.03933981205 -0.05653815036 -2.419163306e-26)
(-0.02114188416 -0.04235808304 0)
(-0.007318701276 -0.02398229058 -1.520582123e-22)
(-0.0005216163194 -0.005925544555 6.056139209e-22)
(-0.000499081592 0.02064573884 -9.773825054e-23)
(-0.01052950657 0.05045436367 2.831917808e-22)
(-0.02582956758 0.06912509377 1.526829019e-22)
(-0.04402137231 0.0784925548 3.619184997e-24)
(-0.06310737679 0.08029474137 -7.319346937e-23)
(-0.08190403164 0.07588040933 9.043223507e-23)
(-0.09947761376 0.06621689101 -3.590120538e-24)
(-0.1150227116 0.05201693955 -1.7291227e-24)
(-0.1277518898 0.03392357966 2.524089732e-24)
(-0.1368472306 0.01270233313 7.382261175e-24)
(-0.1414710224 -0.01058781561 -6.500484549e-24)
(-0.1408247893 -0.03446023048 -9.787319395e-24)
(-0.1342745703 -0.05692769968 -3.261743646e-23)
(-0.1215450011 -0.07553314216 -3.661028541e-23)
(-0.1029672474 -0.08754258466 5.645023277e-25)
(-0.07976368543 -0.09039207662 0)
(-0.05426681572 -0.08244512053 0)
(-0.02987160441 -0.06397735675 -2.905965499e-24)
(-0.01066284971 -0.03798794122 2.97041253e-24)
(-0.0007350935425 -0.01050089369 1.027872874e-22)
(-0.0004479167117 0.02687250387 0)
(-0.01134923014 0.06480755524 2.001981299e-22)
(-0.02801599036 0.08829614484 8.962060094e-23)
(-0.0479985627 0.1001234645 0)
(-0.06920600521 0.1027076267 1.569854206e-22)
(-0.09044371382 0.09781576183 0)
(-0.1107831471 0.0866110116 -1.428373652e-22)
(-0.1294093531 0.06983949115 6.515471376e-24)
(-0.1454771382 0.04808231623 0)
(-0.1580351543 0.02201755686 0)
(-0.1660133176 -0.007334431821 -1.374388146e-24)
(-0.1682671282 -0.0383883831 -9.3165531e-25)
(-0.1637064439 -0.06883973911 1.491950706e-22)
(-0.1515208532 -0.09558273437 -4.704636114e-23)
(-0.1315134362 -0.1148298408 -2.560881712e-24)
(-0.1045595925 -0.1225703166 1.53463723e-24)
(-0.07309348835 -0.1155517752 -1.55884503e-24)
(-0.04135020885 -0.09283113993 0)
(-0.01525230053 -0.05740766762 3.203763183e-24)
(-0.001044308902 -0.01714714262 -1.012901525e-21)
(-0.0003744669511 0.03346303555 0)
(-0.01175005938 0.07998916499 -1.128259403e-22)
(-0.02920707471 0.1086390639 -6.191089622e-22)
(-0.05031744166 0.1232233653 -3.755277215e-22)
(-0.07296316208 0.1269096705 0)
(-0.09598958672 0.1219255354 4.119427613e-22)
(-0.1185273312 0.1096348422 1.260912028e-22)
(-0.1398146236 0.09078244417 -5.581791007e-24)
(-0.1590221355 0.06581392503 5.55416414e-24)
(-0.1751460795 0.03520881215 0)
(-0.1869559766 -0.0001967386111 2.912112098e-23)
(-0.1930172427 -0.0388975281 4.695793571e-24)
(-0.1917809698 -0.07843886421 -1.076793956e-22)
(-0.1817874237 -0.1151865122 8.004067726e-23)
(-0.1620570259 -0.1442599182 -2.419716932e-22)
(-0.1327061855 -0.1598548344 0)
(-0.09577887071 -0.1563112627 0)
(-0.05601632385 -0.1302980881 0)
(-0.02147858859 -0.0838113389 0)
(-0.001500384323 -0.02665515951 5.572054101e-22)
(-0.0002873900682 0.0401607663 0)
(-0.01169359546 0.09543609027 -3.492987216e-22)
(-0.02924438057 0.1294073298 8.932740344e-22)
(-0.05060946771 0.1469298805 3.617150456e-22)
(-0.0737008183 0.1519748319 0)
(-0.09745150083 0.1472757649 -3.862527179e-22)
(-0.121106972 0.1344191705 -3.174412683e-23)
(-0.1440324665 0.1141393156 3.333090573e-22)
(-0.1655143112 0.08670005879 1.769467438e-22)
(-0.1846248393 0.05229123623 -4.060136127e-23)
(-0.2001325676 0.01141717115 1.656821576e-23)
(-0.2104622301 -0.03471422524 -8.265202e-24)
(-0.2137208384 -0.08376561388 3.371843048e-22)
(-0.2078215356 -0.1318756078 0)
(-0.1908238399 -0.1732755833 2.420885944e-22)
(-0.1616335615 -0.2002593078 5.774684206e-24)
(-0.121166259 -0.2040121408 -5.860801829e-24)
(-0.0738498912 -0.1772119708 1.548416426e-22)
(-0.02971786515 -0.1188642167 -5.435363156e-24)
(-0.002179544777 -0.04005398232 0)
(-0.0002117198816 0.04671638917 0)
(-0.01125001096 0.1105497864 0)
(-0.02815624461 0.1497354656 -5.022728384e-22)
(-0.04874479197 0.1701517225 -1.880988757e-23)
(-0.07100086377 0.176625678 2.038369482e-23)
(-0.0939945112 0.172452619 -2.014302088e-23)
(-0.1171434259 0.1594870735 -2.316874687e-23)
(-0.1400179465 0.1384804915 -3.029810407e-22)
(-0.1621328856 0.1095160639 6.698613618e-23)
(-0.1827959005 0.07245187108 4.513159698e-23)
(-0.2009835523 0.02734929808 -4.577702157e-23)
(-0.2152270226 -0.02508696091 0)
(-0.2235562168 -0.0829834911 -7.839608632e-23)
(-0.2234632144 -0.142725706 0)
(-0.212067937 -0.1981820575 -3.739546628e-22)
(-0.186743448 -0.240077337 5.244923668e-22)
(-0.1464438236 -0.2560773091 0)
(-0.09394567187 -0.2331209225 -1.493963494e-22)
(-0.040220007 -0.1639613467 1.937518925e-22)
(-0.00320109989 -0.05861062462 -3.411498559e-22)
(-0.0002015412415 0.05297584118 0)
(-0.01067262047 0.1248172135 9.182839543e-22)
(-0.0262844697 0.1687424237 -2.440676352e-23)
(-0.04501108167 0.1916454763 9.193309129e-22)
(-0.06494597881 0.1992920689 -2.512077469e-23)
(-0.08536628959 0.1956103999 2.838835468e-23)
(-0.10593057 0.1827886596 -2.812921608e-23)
(-0.126492425 0.1616583347 -1.660913646e-23)
(-0.1468996921 0.1321762229 -5.260215881e-22)
(-0.166845824 0.09389646801 -8.906606652e-24)
(-0.1857303113 0.04640577248 9.660173693e-24)
(-0.2024781774 -0.01023783152 3.313071429e-22)
(-0.2154154694 -0.07499818227 -5.820726218e-22)
(-0.2220209779 -0.1450311588 0)
(-0.2188032143 -0.2146760336 8.887294704e-22)
(-0.2016257536 -0.2740016119 -4.940858148e-22)
(-0.166863918 -0.3075811645 -1.572213824e-23)
(-0.1140220068 -0.2953811623 0)
(-0.05288481806 -0.2195802363 -1.890153151e-22)
(-0.004749187827 -0.08377277113 3.360556874e-22)
(-0.0003641992695 0.05902316905 1.55100587e-23)
(-0.01049574293 0.1379881274 -8.764168604e-22)
(-0.02441390151 0.1856803783 -1.157056096e-21)
(-0.04026725263 0.2101384396 -8.62895985e-22)
(-0.05630730627 0.2182348566 0)
(-0.07214857748 0.2146189971 3.513796788e-23)
(-0.08779223008 0.2018791727 -7.294849673e-23)
(-0.1034562949 0.1810005466 5.867872025e-23)
(-0.119398405 0.1518997185 3.021360219e-22)
(-0.1357931739 0.1139150594 -1.128193649e-23)
(-0.1526082523 0.06621425903 0)
(-0.169452158 0.008177218392 -3.603922818e-22)
(-0.1852760795 -0.06015985797 7.515655495e-22)
(-0.1980448696 -0.1372746793 8.83168966e-22)
(-0.2043546409 -0.2189261647 -5.296613065e-22)
(-0.1990977715 -0.2959712652 5.162675586e-22)
(-0.1760605385 -0.3514072313 1.078223708e-23)
(-0.1300890647 -0.3584150513 -1.0955386e-23)
(-0.06688803243 -0.2843276292 -8.215634821e-23)
(-0.007083319709 -0.1169964322 0)
(-0.0009095784457 0.06540040832 -1.911482446e-23)
(-0.0116759219 0.1502816219 -1.326962793e-21)
(-0.02388882959 0.2000659284 1.094234665e-21)
(-0.03601341678 0.2244216654 6.734915187e-22)
(-0.04657310328 0.2316587938 6.014618772e-22)
(-0.05577040388 0.2272393432 6.643943213e-22)
(-0.06411247901 0.2141774677 -4.458669081e-23)
(-0.07227564027 0.193649426 -3.461331227e-22)
(-0.08096975518 0.1656028276 2.152159061e-22)
(-0.09087195022 0.1292707387 0)
(-0.1025547731 0.08353083388 0)
(-0.1163622435 0.02720012081 2.655393566e-22)
(-0.132158983 -0.04062004373 8.194327697e-23)
(-0.1489252568 -0.1200128127 -2.821617276e-22)
(-0.1641284498 -0.2089300498 -5.411263078e-23)
(-0.172787779 -0.3006992302 1.301951373e-22)
(-0.167031142 -0.3793328882 -3.400489389e-22)
(-0.1365292496 -0.4136451742 -1.593997134e-23)
(-0.08018250267 -0.3538326001 8.204407065e-23)
(-0.01050762288 -0.1594130471 -6.032191765e-22)
(-0.002260499103 0.07348882996 0)
(-0.01580356183 0.1626521624 2.145870345e-21)
(-0.02665043666 0.2117904517 0)
(-0.0342234121 0.2333947016 -1.351805123e-21)
(-0.03759400572 0.2377766572 6.184056441e-23)
(-0.03799687742 0.2312553301 -6.193081696e-22)
(-0.03668268719 0.2171898842 -4.756275615e-22)
(-0.03489039395 0.1968934394 8.301240639e-22)
(-0.0337884112 0.1703342355 -1.885695079e-22)
(-0.03449879713 0.1367221112 0)
(-0.03811575984 0.094796745 0)
(-0.04564995629 0.04304287818 2.410616152e-23)
(-0.05790807366 -0.02013779799 -6.007190917e-22)
(-0.07514601398 -0.09620648728 -4.309561034e-22)
(-0.09645177527 -0.1855556025 4.637855741e-22)
(-0.1183462827 -0.2853567624 -6.488720234e-22)
(-0.1332715538 -0.3838386379 9.11993356e-23)
(-0.126535108 -0.4504358549 2.9374916e-23)
(-0.08899154403 -0.4198536213 5.660459287e-22)
(-0.0152691795 -0.2111719641 6.020824446e-22)
(-0.005180900002 0.08598045667 0)
(-0.02525551216 0.1766291092 1.465579534e-22)
(-0.03483409117 0.2205961395 -4.917135563e-23)
(-0.03640015625 0.2354859155 7.642915328e-22)
(-0.03018485374 0.2343406554 -7.005363672e-22)
(-0.01916582244 0.2241603706 4.746471854e-23)
(-0.005615181547 0.2083525711 -1.018608071e-22)
(0.008569574445 0.188124101 -3.389882812e-22)
(0.02179882734 0.1633911251 2.062819617e-22)
(0.03262778058 0.1333242767 0)
(0.03958455251 0.09664086956 0)
(0.04117010131 0.05174057496 -2.902664206e-22)
(0.03578480906 -0.003255386101 0)
(0.02198182019 -0.07058359664 -5.512180223e-22)
(-0.001264869638 -0.1525735398 -1.492375603e-23)
(-0.03310471867 -0.2505949748 2.559731757e-23)
(-0.06909237406 -0.3599341418 2.20312757e-22)
(-0.09227828043 -0.457542443 4.788184289e-24)
(-0.08718090345 -0.4698129306 -5.789428742e-22)
(-0.02103127193 -0.2698972225 0)
(-0.01111631576 0.1085974966 0)
(-0.04248902252 0.1947151622 -8.848465381e-22)
(-0.04795529888 0.2258195413 -5.411031658e-22)
(-0.03919537544 0.2282135425 4.543808767e-22)
(-0.01877832497 0.2182327995 -1.709984137e-24)
(0.007664286753 0.2028220227 -4.56104085e-23)
(0.03667990331 0.1847619672 5.696671222e-22)
(0.06582995326 0.1647118158 -2.766885903e-23)
(0.09327127585 0.1423128166 -2.069778493e-22)
(0.1173891285 0.1166274968 3.142209032e-23)
(0.1365461381 0.08641144514 -3.425912719e-23)
(0.1489668984 0.0501766987 -3.690589757e-23)
(0.1525275526 0.006159176275 3.205629653e-22)
(0.1449366807 -0.04796126121 6.11959852e-22)
(0.1235159597 -0.115305283 -5.101163871e-22)
(0.08633531824 -0.2004195586 -1.616051256e-22)
(0.03199087878 -0.3067806541 1.531315051e-22)
(-0.02362124167 -0.4239837093 7.293662433e-23)
(-0.06492413463 -0.487161273 1.913293067e-21)
(-0.02509971759 -0.3291544698 2.954993107e-21)
(-0.02004680469 0.1460727406 -4.390203076e-23)
(-0.06416406391 0.2112955835 4.417375798e-23)
(-0.05070231092 0.2177300437 1.000187151e-21)
(-0.01934098402 0.2014679914 -8.270550086e-24)
(0.02414463355 0.1809076097 0)
(0.07154119992 0.160693327 4.363713518e-23)
(0.1190703162 0.1416495433 -2.273847545e-22)
(0.1644767065 0.1233181787 -9.027939754e-23)
(0.2062250884 0.1048117288 3.680728056e-23)
(0.2429642754 0.08507140289 -1.70165273e-23)
(0.2732207327 0.06296148093 3.429966022e-23)
(0.2952535883 0.03726294378 -6.592672673e-23)
(0.3066970862 0.006535074276 -9.30389707e-23)
(0.3049738144 -0.0308776946 1.517041621e-22)
(0.2863936111 -0.07786290481 0)
(0.2470567973 -0.1399300335 1.5056034e-22)
(0.1810922145 -0.2266299737 2.560014823e-22)
(0.09604449566 -0.3443894927 0)
(-0.006697619358 -0.4552210196 -3.675637222e-21)
(-0.01922408258 -0.3777537568 -2.892622527e-21)
(-0.02591951321 0.2276828806 -9.514201226e-22)
(-0.03998324473 0.2238216527 -1.388975082e-22)
(0.03656136965 0.1810585349 -2.335578388e-22)
(0.1090503014 0.1451059067 -1.1937404e-22)
(0.1817191125 0.1172445462 -4.295817905e-23)
(0.2490090625 0.09627907303 9.783157176e-23)
(0.3100336559 0.08002510159 -1.408588954e-22)
(0.3646209164 0.06656815192 1.297172803e-22)
(0.4126252312 0.05449178878 -8.620105809e-23)
(0.4536250117 0.04270895036 1.132188798e-25)
(0.4867878552 0.03032298626 1.527739679e-23)
(0.5107451212 0.01652902125 7.997194604e-23)
(0.523659733 0.0005365170722 -1.811121385e-22)
(0.5231797916 -0.01863372992 -1.617143755e-22)
(0.5052323347 -0.0428647875 -4.262937283e-23)
(0.465871503 -0.07633231055 0)
(0.395269646 -0.128608938 -1.846481993e-22)
(0.2916071019 -0.2208468097 8.148768059e-22)
(0.1197455088 -0.3525016901 1.63160234e-21)
(0.02670547216 -0.3775497976 2.172656288e-21)
(0.2142894473 0.1347447209 9.864985816e-22)
(0.2776311203 0.09870503614 0)
(0.4316592314 0.0581041482 -2.594317526e-22)
(0.5304749359 0.03846264944 -1.74166337e-22)
(0.6016965746 0.02623419098 0)
(0.6571198933 0.01831923456 -6.00907638e-23)
(0.7015213556 0.01313600836 6.377985786e-23)
(0.7376042438 0.009542126387 -1.800152527e-23)
(0.7669368346 0.006804463814 2.885968153e-23)
(0.7902106613 0.004464744242 2.315029116e-23)
(0.8074554944 0.002221320286 0)
(0.81826213 -0.0001500744962 -2.873028865e-23)
(0.8216499675 -0.002723847797 0)
(0.8162394172 -0.005712668293 2.738142695e-23)
(0.7991333136 -0.009611382622 1.42168359e-23)
(0.7679986342 -0.01500255101 -5.799412105e-23)
(0.7106555756 -0.02502519964 -2.535663624e-22)
(0.6235183981 -0.0420428542 -6.918105381e-22)
(0.423009102 -0.09182968094 0)
(0.2705674689 -0.1524021842 -2.119484143e-21)
)


// ************************************************************************* //
