/*--------------------------------*- C++ -*----------------------------------*\
  =========                 |
  \\      /  F ield         | OpenFOAM: The Open Source CFD Toolbox
   \\    /   O peration     | Website:  https://openfoam.org
    \\  /    A nd           | Version:  13
     \\/     M anipulation  |
\*---------------------------------------------------------------------------*/
FoamFile
{
    format      ascii;
    class       scalarField;
    location    "10.96";
    object      p_all;
}
// * * * * * * * * * * * * * * * * * * * * * * * * * * * * * * * * * * * * * //


400
(
-5.979730098e-07
-0.0005328806711
-0.0008614267228
-0.0009768051674
-0.0008879804829
-0.0006270665324
-0.000231191861
0.0002641324015
0.0008229550949
0.00140553446
0.001967025163
0.002455628048
0.002816793393
0.002998005677
0.00295775804
0.002677286978
0.002175106763
0.001507134703
0.0008627785894
0.0002767191962
0.000571337931
6.0931946e-06
-0.0003439163912
-0.0004739424139
-0.0004318323204
-0.0002440707309
6.004398919e-05
0.0004513176261
0.0008985510993
0.001364962705
0.001811630719
0.002187948514
0.002444257259
0.002533709444
0.002422355665
0.002100568632
0.00159336302
0.0009637872181
0.0003801145004
-0.0002740138338
0.0009217460575
0.0002952203182
-9.127485375e-05
-0.0002248760661
-0.0002058584912
-6.41290753e-05
0.0001760644306
0.0004930985242
0.0008631596834
0.001255566725
0.001634842175
0.001951688614
0.002155779458
0.002198856065
0.002045786595
0.001685988448
0.001141909724
0.0004682742314
-0.0002163042285
-0.001040385926
0.0009370842922
0.0002386544226
-0.0001953521019
-0.0003339250385
-0.0003282733636
-0.0002149709453
-1.524328509e-05
0.0002574575129
0.0005887782934
0.0009572801854
0.001325135158
0.001647153284
0.001864288616
0.001916974683
0.001756725112
0.001359773132
0.0007367993853
-6.692138197e-05
-0.0009649481505
-0.002095169968
0.0004452136265
-0.0003001106411
-0.0007618959569
-0.000898491134
-0.0009017074387
-0.000812722002
-0.0006476573979
-0.0004085600441
-9.657964715e-05
0.0002778718741
0.0006847685497
0.001076133802
0.001382119548
0.001523248894
0.001424211459
0.001032237317
0.0003328860786
-0.000642724308
-0.001831527857
-0.003334539933
-0.0007011142637
-0.001462943704
-0.001934729356
-0.002068707966
-0.002089513449
-0.002039680387
-0.0019262753
-0.001734693449
-0.001446123645
-0.001051992825
-0.0005683816634
-3.947192771e-05
0.0004535254516
0.000802952473
0.0008891766302
0.0006059525294
-0.0001112770124
-0.001260741376
-0.002806909247
-0.004783019287
-0.002636369284
-0.00338224268
-0.003857046747
-0.004002441694
-0.004071944068
-0.004106319706
-0.004098872337
-0.004011427385
-0.003795250231
-0.003409560194
-0.002841675478
-0.002117190322
-0.001320876699
-0.0005921185775
-0.0001153624802
-8.750859568e-05
-0.0006683388186
-0.0019232108
-0.003869410556
-0.006429479283
-0.005469443906
-0.006173225707
-0.00665472704
-0.006844614125
-0.007022297895
-0.007224800748
-0.007427699136
-0.007561895392
-0.00753627152
-0.007259102176
-0.006664233091
-0.005727088443
-0.004516147349
-0.003192030424
-0.002020201769
-0.001337259463
-0.001472888936
-0.002637318159
-0.004967490699
-0.008223907449
-0.009272450515
-0.00991351997
-0.0104138905
-0.01069701495
-0.0110672937
-0.01155900905
-0.01212881848
-0.01267121451
-0.01304016223
-0.01306960054
-0.01259952196
-0.01153181797
-0.00985189252
-0.007710532355
-0.005450601896
-0.003596970171
-0.002755501162
-0.00341885096
-0.005987903713
-0.01001804564
-0.01406582425
-0.01462628714
-0.0151574085
-0.01558239614
-0.0162354144
-0.01715415555
-0.01828013752
-0.01947062116
-0.02051573403
-0.02115490402
-0.02110446084
-0.02011185724
-0.01803122518
-0.01492341372
-0.01115951656
-0.007468799357
-0.004849881146
-0.004285641162
-0.006708901768
-0.01148038403
-0.01981219453
-0.02027128026
-0.0208273647
-0.02141153053
-0.02240429591
-0.02386010247
-0.02571519524
-0.02779500206
-0.02982444483
-0.03143562585
-0.0321896012
-0.03162886052
-0.02939626973
-0.02534675408
-0.01976924463
-0.01353603792
-0.008108040183
-0.005205906585
-0.00672384423
-0.01196033307
-0.02643011524
-0.02675258075
-0.02728290934
-0.02796556552
-0.02926596297
-0.03127748789
-0.03394623113
-0.0370758017
-0.04033161439
-0.04323783484
-0.04518729458
-0.04548176259
-0.04349636915
-0.03875421242
-0.03129789225
-0.02197145544
-0.01263708452
-0.005938992858
-0.005310682476
-0.01027932443
-0.03384104345
-0.03394913837
-0.03431766086
-0.03490062308
-0.03632552228
-0.03875621832
-0.04216512628
-0.04634257017
-0.05090094486
-0.05526353815
-0.05866432086
-0.06018856404
-0.05882710177
-0.05377362675
-0.04464300831
-0.03199233897
-0.01783843675
-0.005715354771
-0.001207164262
-0.004443334484
-0.0420736958
-0.04177550992
-0.04170003546
-0.04178036826
-0.04294614658
-0.04546880824
-0.04935664139
-0.05438365763
-0.06010463221
-0.06584557697
-0.07069002959
-0.07350192691
-0.07299084618
-0.06791821346
-0.05740294478
-0.04147296206
-0.02192480797
-0.00280712504
0.007736103733
0.00867780861
-0.05146305702
-0.05025270864
-0.04919247634
-0.04809149523
-0.04840297399
-0.05052693639
-0.05449166131
-0.06002748133
-0.06660298428
-0.07343187232
-0.07944568586
-0.08330329802
-0.08345378013
-0.07826760554
-0.06637298147
-0.04712885793
-0.02178888468
0.005800028999
0.02497514464
0.03373593241
-0.06313389825
-0.05971195908
-0.05666001316
-0.05334585541
-0.05202717637
-0.05318099383
-0.05678288584
-0.06246534708
-0.06953153589
-0.0770523364
-0.08377867595
-0.08815572113
-0.08839176517
-0.08245887346
-0.06858970409
-0.04544048887
-0.01363163247
0.0245268256
0.05563377554
0.07742169057
-0.07972975327
-0.07066775854
-0.06377168689
-0.05685352097
-0.05311183755
-0.0528352183
-0.05578931791
-0.06135160815
-0.06863075371
-0.07646917543
-0.08340194217
-0.08763160495
-0.08708414618
-0.07941675275
-0.06238004379
-0.0340579437
0.005432377324
0.05861347877
0.1057708236
0.1480047977
-0.1101494001
-0.08554911848
-0.07137461937
-0.05878477614
-0.05172837193
-0.04962633543
-0.05174475805
-0.05704702117
-0.06432175237
-0.0721439983
-0.07880911945
-0.08227418333
-0.08023146956
-0.06973171877
-0.04822001965
-0.0128229107
0.03806370055
0.1069718832
0.1778137308
0.2563043616
-0.1681725929
-0.0996872785
-0.07487561812
-0.05471677102
-0.04452825068
-0.04142163627
-0.04344653061
-0.04899923291
-0.05655035231
-0.06446707783
-0.07087829881
-0.07356983869
-0.0698292401
-0.05687694789
-0.0310336436
0.01181079489
0.07540708091
0.1661916802
0.2759435907
0.4374983655
-0.3981700848
-0.1378997577
-0.07486447275
-0.04704389069
-0.03350087067
-0.02991358992
-0.03258060669
-0.03893222152
-0.04713766153
-0.05547356555
-0.06204420124
-0.06463644759
-0.06070670303
-0.04681624976
-0.01873441524
0.02984813213
0.1067926376
0.2332329441
0.4196774204
0.7798278691
)


// ************************************************************************* //
