/*--------------------------------*- C++ -*----------------------------------*\
  =========                 |
  \\      /  F ield         | OpenFOAM: The Open Source CFD Toolbox
   \\    /   O peration     | Website:  https://openfoam.org
    \\  /    A nd           | Version:  13
     \\/     M anipulation  |
\*---------------------------------------------------------------------------*/
FoamFile
{
    format      ascii;
    class       vectorField;
    location    "11.47";
    object      U_all;
}
// * * * * * * * * * * * * * * * * * * * * * * * * * * * * * * * * * * * * * //


400
(
(9.099861521e-06 -3.450950298e-05 0)
(-0.0006616750691 0.0004098914403 -1.514394183e-23)
(-0.002159164566 0.0009086982749 0)
(-0.003993600498 0.00129429655 0)
(-0.005888409366 0.001512709875 6.467102892e-25)
(-0.007653029523 0.001546865493 4.113774306e-24)
(-0.00915427699 0.001403048095 -6.009709651e-24)
(-0.01029293368 0.001104223351 9.003226574e-24)
(-0.01099015427 0.0006872788219 -2.225525119e-25)
(-0.01118639374 0.0002015051315 -4.201610328e-24)
(-0.01084636807 -0.0002951749511 6.045328462e-24)
(-0.009970361826 -0.0007376499742 -6.139419611e-23)
(-0.008607016671 -0.001063550192 -6.796417465e-23)
(-0.006861419597 -0.001221968304 -8.058202466e-23)
(-0.004899035065 -0.001185360061 4.767657722e-24)
(-0.002939331444 -0.0009604073975 -4.363969991e-24)
(-0.001232048419 -0.0005958613006 -2.167568792e-22)
(-4.785464889e-05 -0.0001790144326 0)
(0.0004976309472 0.0001610526699 2.344201493e-25)
(0.0002175166495 0.0002987330246 -1.355171826e-23)
(-0.0002595371089 0.0008223129067 1.353693577e-25)
(-0.002662049472 0.003336187008 1.523932046e-23)
(-0.006796418399 0.005517563447 1.503127095e-25)
(-0.01175747847 0.006896597317 -8.037097475e-25)
(-0.01685539269 0.007433946092 1.08689526e-24)
(-0.02162015091 0.007181644176 1.187108694e-23)
(-0.02569674749 0.006229816319 2.622305639e-24)
(-0.02881475803 0.004692625164 -8.720466851e-24)
(-0.03076406602 0.002712116662 1.096293278e-23)
(-0.03139353078 0.0004651009367 4.748337722e-24)
(-0.03061813538 -0.001836058466 -6.582893591e-24)
(-0.02844399596 -0.003948010606 2.821595519e-24)
(-0.02499759869 -0.005618471833 4.01018375e-23)
(-0.02054059049 -0.00661699081 -2.055651032e-24)
(-0.01547827189 -0.006777599785 3.972717037e-24)
(-0.01034164701 -0.006046625078 -1.059782947e-22)
(-0.005734279401 -0.004527469648 1.053628303e-22)
(-0.002258858314 -0.00251880543 -5.61498612e-25)
(-0.0002049119627 -0.0005326490911 5.756614072e-25)
(8.001299445e-05 0.0005860061829 0)
(-0.0004106272452 0.00289251831 -2.833529696e-25)
(-0.004564667292 0.008660498462 1.630568442e-23)
(-0.01116868134 0.01301739132 -8.247674917e-24)
(-0.0189844866 0.01552558295 -1.916130392e-25)
(-0.02699312761 0.0162565581 1.882415685e-25)
(-0.03451442691 0.01539643718 4.035845274e-26)
(-0.0410144359 0.01316399793 -2.41121091e-24)
(-0.04607531256 0.009795261379 -5.386870109e-25)
(-0.04936688099 0.005560772505 -1.148000434e-23)
(-0.05064503428 0.0007881357385 0)
(-0.04976400212 -0.004120869703 0)
(-0.04671023628 -0.00870513015 2.797299789e-23)
(-0.0416433091 -0.01246249674 2.947155901e-23)
(-0.0349224222 -0.01490860808 -1.756304428e-24)
(-0.02712251935 -0.01565658804 5.253815282e-23)
(-0.01901432551 -0.01451682557 1.025116946e-22)
(-0.01149217831 -0.01160324832 4.971654851e-23)
(-0.005450429131 -0.007428721421 7.506857023e-25)
(-0.001458161778 -0.002964352768 -7.114872641e-26)
(-9.086590775e-05 0.0001908123076 0)
(-0.0004915341131 0.005944750858 -4.079109335e-23)
(-0.006281241869 0.01608648678 -1.620188831e-23)
(-0.01524567113 0.02314746499 8.170380963e-24)
(-0.0257984394 0.02696790164 0)
(-0.03661937034 0.02784682043 0)
(-0.04685649851 0.02616553009 0)
(-0.05583174959 0.02230273455 -9.148520709e-26)
(-0.06300151698 0.01663119687 -1.127573814e-24)
(-0.06791946555 0.009557809933 0)
(-0.07022892707 0.001570500557 1.966277322e-24)
(-0.06968904035 -0.00672605504 3.020639274e-25)
(-0.06621222365 -0.0146134159 -3.02909787e-25)
(-0.05991604923 -0.02128110193 0)
(-0.05118156538 -0.02590601446 4.53278735e-23)
(-0.04068866747 -0.02777579969 -5.078576827e-23)
(-0.02941505171 -0.02645936613 -3.27093609e-23)
(-0.01856565456 -0.02200460431 -4.973894541e-23)
(-0.009413599504 -0.01512327875 7.658744123e-25)
(-0.002960559206 -0.007297217972 8.467731044e-23)
(-0.0002297941656 -0.0009004090128 0)
(-0.0005200449747 0.009916892703 4.099038e-23)
(-0.007832835395 0.02548909226 4.824734822e-25)
(-0.01903933777 0.0357844189 -4.714564825e-25)
(-0.032232432 0.04113168116 0)
(-0.0458271731 0.04218191869 7.458571641e-25)
(-0.05882983792 0.03957244257 -7.355169013e-25)
(-0.07044776915 0.03386119584 3.464739029e-23)
(-0.08002924096 0.02555280229 1.616001116e-23)
(-0.08700950771 0.01517392743 5.411182521e-24)
(-0.09089709078 0.00335561337 -1.968568455e-24)
(-0.09130038619 -0.009103945842 0)
(-0.08797675413 -0.02120960179 4.962540168e-25)
(-0.08090871582 -0.03179002462 1.240887818e-23)
(-0.0703978071 -0.03958455127 -4.77606039e-23)
(-0.05714747319 -0.04341074398 2.227899654e-24)
(-0.04231278006 -0.0424240654 5.267405388e-23)
(-0.02746363808 -0.03644878104 -5.565422451e-25)
(-0.01440622202 -0.02630878166 0)
(-0.004814623681 -0.01401805083 5.308724474e-23)
(-0.0003592282099 -0.00286474922 -2.404891941e-22)
(-0.0005168924238 0.01473029334 9.810341e-23)
(-0.009211058971 0.03672285874 -4.922729931e-25)
(-0.02248395871 0.05079631213 0)
(-0.03817122503 0.05794052386 0)
(-0.05447142351 0.05927888742 -8.543141549e-23)
(-0.07028451384 0.05576246617 -8.252404155e-23)
(-0.0847350263 0.04813823255 -3.837740038e-23)
(-0.09708356003 0.03701982071 -1.374235135e-23)
(-0.1066484279 0.02301142065 -4.63128144e-24)
(-0.1127789944 0.006838514887 -7.537746008e-24)
(-0.1148786847 -0.01054300946 5.879116256e-24)
(-0.1124632329 -0.0278767231 7.427096734e-24)
(-0.105264331 -0.04359292736 -1.822057829e-23)
(-0.09337249667 -0.05588630682 -1.4263393e-24)
(-0.07739269401 -0.06291393466 0)
(-0.05858719162 -0.06315471533 -2.147115313e-23)
(-0.03892539462 -0.05592706302 1.696702457e-25)
(-0.02092362941 -0.04196710073 0)
(-0.007243831243 -0.02381288014 -1.374186328e-22)
(-0.0005139584386 -0.005912758339 5.717285029e-22)
(-0.0004915914462 0.02028090078 -9.743200931e-23)
(-0.01036296438 0.04957420406 2.798792127e-22)
(-0.02542748925 0.06794835922 1.506716882e-22)
(-0.04335064062 0.07720475866 3.553021906e-24)
(-0.06217149004 0.07904585589 -7.187167275e-23)
(-0.08072830531 0.07478724034 8.77855755e-23)
(-0.09810230131 0.06536629893 -3.480333571e-24)
(-0.1134973313 0.05146826332 -1.649378034e-24)
(-0.126131155 0.03371006933 2.399876155e-24)
(-0.1351882227 0.01283205851 6.789428361e-24)
(-0.1398313913 -0.01013101704 -5.814578244e-24)
(-0.1392607737 -0.03371711471 -8.245524922e-24)
(-0.132839723 -0.05596101114 -3.188458398e-23)
(-0.1202888642 -0.07442705125 -2.62015914e-23)
(-0.1019317728 -0.08639933679 3.505893857e-25)
(-0.07897794363 -0.0893248503 0)
(-0.05373931074 -0.0815640787 0)
(-0.02958197757 -0.06336684679 -2.652915397e-24)
(-0.01055777796 -0.03767788259 2.71174932e-24)
(-0.0007250497365 -0.01044130429 1.009268227e-22)
(-0.0004446381957 0.02641697152 0)
(-0.01120156844 0.06372600763 1.971346115e-22)
(-0.02765119663 0.08686253967 8.824260095e-23)
(-0.04738180954 0.09856349747 0)
(-0.0683375621 0.1011997225 1.538413502e-22)
(-0.08934521544 0.09649594265 0)
(-0.1094906379 0.08557837608 -1.390720199e-22)
(-0.1279673462 0.06916054384 6.315436982e-24)
(-0.1439343647 0.04779401305 0)
(-0.156441742 0.0221294648 0)
(-0.1644202142 -0.006838401194 -1.302546159e-24)
(-0.1667237587 -0.03754727225 -8.589285395e-25)
(-0.1622608448 -0.06771742264 1.396110866e-22)
(-0.1502216799 -0.0942659957 -4.604677683e-23)
(-0.130407694 -0.113428268 -2.283147481e-24)
(-0.1036886278 -0.1212132862 1.273939987e-24)
(-0.07248405057 -0.1143781473 -1.29403502e-24)
(-0.04100078755 -0.09196572247 0)
(-0.01511888259 -0.05692327156 3.049201016e-24)
(-0.001031918569 -0.0170248139 -9.715831377e-22)
(-0.0003764496019 0.03293284651 0)
(-0.01163999681 0.07873904616 -1.114810351e-22)
(-0.02892223287 0.1069875839 -6.104360728e-22)
(-0.04982305341 0.1214307711 -3.69691768e-22)
(-0.07225569941 0.1251797403 0)
(-0.09508575017 0.1204113011 4.034986315e-22)
(-0.117457471 0.1084454931 1.227636782e-22)
(-0.1386164977 0.08998928573 -5.419866586e-24)
(-0.1577361975 0.06545511209 5.393041666e-24)
(-0.1738122242 0.03529319965 0)
(-0.1856104982 0.0003138217821 2.822449704e-23)
(-0.1916950244 -0.03799972014 4.499681301e-24)
(-0.1905166996 -0.07721529732 -1.020478413e-22)
(-0.1806167709 -0.1137195975 7.481063234e-23)
(-0.1610209464 -0.1426559722 -2.294100686e-22)
(-0.1318503977 -0.1582471616 0)
(-0.09514691448 -0.1548582724 0)
(-0.0556326944 -0.1291657379 0)
(-0.02132251403 -0.08312900195 0)
(-0.001485708694 -0.02645559535 5.357876941e-22)
(-0.0002951603702 0.03958219139 0)
(-0.01163747418 0.09407054958 -3.445557652e-22)
(-0.02907794167 0.1276010757 8.809691146e-22)
(-0.05030032322 0.1449689166 3.560813448e-22)
(-0.0732416951 0.150084003 0)
(-0.09685352641 0.1456226804 -3.783676014e-22)
(-0.1203939939 0.1331209348 -3.105183251e-23)
(-0.1432345312 0.113269309 3.260688482e-22)
(-0.1646620306 0.08629409365 1.729057058e-22)
(-0.1837450266 0.05235336119 -3.965187299e-23)
(-0.1992452776 0.0119255779 1.635254671e-23)
(-0.2095812396 -0.0338024689 -8.012635108e-24)
(-0.2128560737 -0.08250897163 3.281344294e-22)
(-0.2069846598 -0.130346985 0)
(-0.1900363757 -0.171566751 2.295208759e-22)
(-0.160932487 -0.1984905272 5.399128045e-24)
(-0.1206033355 -0.2023427665 -5.479645298e-24)
(-0.07347683985 -0.1758382796 1.430480405e-22)
(-0.02955125613 -0.1179793519 -5.087878007e-24)
(-0.002162894412 -0.03976663611 0)
(-0.0002251333747 0.04612374669 0)
(-0.0112592417 0.1091384844 0)
(-0.02813679413 0.1478576057 -4.954627998e-22)
(-0.048669153 0.1681074864 -1.855033862e-23)
(-0.07085823787 0.1746554948 2.004242632e-23)
(-0.0937896773 0.1707360051 -1.980578092e-23)
(-0.1168926311 0.1581470311 -2.271063386e-23)
(-0.1397424917 0.137589866 -2.963483036e-22)
(-0.161852703 0.1091045341 6.634177455e-23)
(-0.1825239469 0.07251350593 4.406488867e-23)
(-0.2007218148 0.02785138991 -4.466237264e-23)
(-0.2149665991 -0.02419441682 0)
(-0.2232791181 -0.08176164867 -7.460001713e-23)
(-0.2231497451 -0.1412364668 0)
(-0.2117090571 -0.1964945332 -3.647865907e-22)
(-0.1863524555 -0.2382817726 5.084697126e-22)
(-0.1460650281 -0.2543088678 0)
(-0.09364819794 -0.2315811752 -1.379523581e-22)
(-0.04006393546 -0.1628992881 1.819253852e-22)
(-0.003183352658 -0.05823288644 -3.293718056e-22)
(-0.0002197972424 0.05240797198 0)
(-0.01075180572 0.1234399939 9.076783163e-22)
(-0.0264261061 0.1668891613 -2.410848311e-23)
(-0.04519475311 0.1896165873 9.081046356e-22)
(-0.06515718791 0.1973365568 -2.477877076e-23)
(-0.08560163808 0.1939163619 2.793215464e-23)
(-0.1061960163 0.1814831028 -2.767717924e-23)
(-0.1267978491 0.1608117206 -1.631854361e-23)
(-0.1472525618 0.1318095569 -5.169044792e-22)
(-0.1672450486 0.09399012684 -8.749484264e-24)
(-0.1861614449 0.04691074941 9.492422184e-24)
(-0.2029157075 -0.009386651059 3.264241841e-22)
(-0.2158175481 -0.07386373559 -5.722033075e-22)
(-0.2223374234 -0.1436709497 0)
(-0.218992883 -0.2131362245 8.711382735e-22)
(-0.2016686333 -0.2723326408 -4.790277071e-22)
(-0.166779411 -0.3058706074 -1.524380665e-23)
(-0.1138755962 -0.2938011855 0)
(-0.05276968205 -0.2184053359 -1.773882318e-22)
(-0.004732223354 -0.08331505255 3.244822633e-22)
(-0.0003860525301 0.05851915446 1.533456517e-23)
(-0.01064198453 0.1367270174 -8.662973823e-22)
(-0.02471382677 0.183951722 -1.145253347e-21)
(-0.04070917897 0.208227208 -8.52364504e-22)
(-0.05687238485 0.2163896327 0)
(-0.07282221821 0.2130317202 3.465274346e-23)
(-0.08856554301 0.2006787083 -7.19182037e-23)
(-0.1043229881 0.1802542957 5.782908571e-23)
(-0.1203502349 0.1516202433 2.97306671e-22)
(-0.1368152907 0.1140694415 -1.111931935e-23)
(-0.1536751603 0.06673731432 0)
(-0.1705222096 0.008987912992 -3.550047639e-22)
(-0.1862968751 -0.05913545754 7.421421121e-22)
(-0.1989564814 -0.1360962305 8.736235785e-22)
(-0.205091984 -0.2176242335 -5.207486668e-22)
(-0.1996093531 -0.2945589914 5.090633389e-22)
(-0.1763307828 -0.3499132516 1.037869138e-23)
(-0.1301552575 -0.3569507616 -1.054536141e-23)
(-0.06684845837 -0.2831431157 -9.215629837e-23)
(-0.007070506325 -0.1164865408 0)
(-0.0009335526914 0.06499523725 -1.892570248e-23)
(-0.0118789183 0.1492123861 -1.315331574e-21)
(-0.02432687261 0.1985557729 1.083128878e-21)
(-0.03668466748 0.2227237703 6.674424768e-22)
(-0.04745390558 0.2300101498 5.95754277e-22)
(-0.05683183846 0.2258288158 6.575524914e-22)
(-0.06532558074 0.2131327701 -4.404747812e-23)
(-0.07361203915 0.193035139 -3.423149451e-22)
(-0.08240078254 0.165426389 2.128636626e-22)
(-0.09236694914 0.1294912322 0)
(-0.1040788232 0.08407328101 0)
(-0.1178732179 0.02797315009 2.632698157e-22)
(-0.1336082651 -0.03970616275 8.269141688e-23)
(-0.1502551903 -0.119025149 -2.773313049e-22)
(-0.1652729337 -0.2078959965 -5.36231938e-23)
(-0.1736804281 -0.2996103727 1.31552733e-22)
(-0.1676276071 -0.3781665055 -3.348485134e-22)
(-0.1368235283 -0.4124408699 -2.022753174e-23)
(-0.08024441366 -0.3527634952 9.203034966e-23)
(-0.01050375541 -0.1588963301 -6.095608386e-22)
(-0.002284589576 0.07320917123 0)
(-0.01604461689 0.1618353899 2.128319739e-21)
(-0.02718771869 0.2105762029 0)
(-0.03506585656 0.2319891813 -1.341023502e-21)
(-0.03871433007 0.2363926699 6.256048623e-23)
(-0.03935097854 0.2300694277 -6.129023563e-22)
(-0.03821890769 0.2163243506 -4.712363747e-22)
(-0.03655494513 0.1964099816 8.216370008e-22)
(-0.03552943398 0.170241014 -1.864851244e-22)
(-0.03626894372 0.1369786928 0)
(-0.03987207886 0.09532861189 0)
(-0.04735278543 0.04375749176 2.4486089e-23)
(-0.05952371171 -0.01933170062 -5.961856496e-22)
(-0.07663532437 -0.09539039558 -4.277653618e-22)
(-0.0977671069 -0.1847635172 4.617783871e-22)
(-0.1194291511 -0.2845798907 -6.431520485e-22)
(-0.1340728813 -0.383026991 8.871792699e-23)
(-0.1270074521 -0.4495820013 3.385903548e-23)
(-0.08915386261 -0.419012561 5.679139184e-22)
(-0.01527840509 -0.2107061791 6.084121464e-22)
(-0.005201656963 0.08583944857 0)
(-0.02550317368 0.1760998253 1.471458855e-22)
(-0.03540573581 0.2197278455 -4.886492655e-23)
(-0.03731674514 0.2344260621 7.588742979e-22)
(-0.0314203876 0.2332654787 -6.951696534e-22)
(-0.02066603017 0.2232232339 4.709108803e-23)
(-0.007310510533 0.2076651964 -1.016377572e-22)
(0.006755441806 0.1877470338 -3.357407774e-22)
(0.01993877169 0.1633363517 2.046788359e-22)
(0.03078345424 0.1335611029 0)
(0.03780706238 0.09710617908 0)
(0.03949949592 0.05235101793 -2.88372158e-22)
(0.03423366693 -0.002590314211 0)
(0.02057012759 -0.06992774625 -5.495281443e-22)
(-0.002511701913 -0.1519780743 -1.390692671e-23)
(-0.03415334881 -0.2500651445 2.549288477e-23)
(-0.06993284926 -0.3594229467 2.177505462e-22)
(-0.09282860817 -0.4570510716 4.87077583e-24)
(-0.08740286415 -0.4692605024 -5.810113812e-22)
(-0.02105476243 -0.2695370023 0)
(-0.01112736619 0.108584525 0)
(-0.04269190992 0.1944651237 -8.799787856e-22)
(-0.04845716477 0.2253012837 -5.391646945e-22)
(-0.04003203543 0.2275109524 4.527474831e-22)
(-0.01993688663 0.2174792902 -1.733812919e-24)
(0.006233313381 0.2021364389 -4.536842507e-23)
(0.03505137979 0.1842403946 5.656413347e-22)
(0.06408725906 0.1644129545 -2.746615794e-23)
(0.09149687658 0.1422545927 -2.05337487e-22)
(0.1156548346 0.1167942614 3.121686802e-23)
(0.1349082476 0.08675960592 -3.406597151e-23)
(0.1474622148 0.05064397482 -3.674891735e-23)
(0.1511859176 0.006677037792 3.194619052e-22)
(0.1437682844 -0.04746235339 6.101525852e-22)
(0.1225086794 -0.1148771409 -5.090075215e-22)
(0.08550775457 -0.2000825315 -1.618995413e-22)
(0.031260244 -0.306520796 1.522874481e-22)
(-0.02414445861 -0.4237224203 7.292468359e-23)
(-0.06513203677 -0.4868656375 1.912081606e-21)
(-0.0251286096 -0.3289235892 2.953631029e-21)
(-0.02003942795 0.1461406628 -4.378209478e-23)
(-0.06425755195 0.2112530123 4.405308852e-23)
(-0.05100220744 0.217503424 9.974699705e-22)
(-0.01990087054 0.2010865374 -7.62417348e-24)
(0.02330523744 0.1804526371 0)
(0.07044211138 0.1602510999 4.342359647e-23)
(0.1177726707 0.1412920769 -2.260345788e-22)
(0.1630529856 0.1230942384 -8.970170399e-23)
(0.2047545096 0.1047427163 3.655897046e-23)
(0.2415221804 0.0851537276 -1.690459877e-23)
(0.27187102 0.06316972404 3.410627632e-23)
(0.2940493293 0.03755609113 -6.56379413e-23)
(0.305646764 0.006864718165 -9.264686715e-23)
(0.3040873454 -0.03055799129 1.514554316e-22)
(0.2856727019 -0.07759647145 0)
(0.2464833039 -0.1397457301 1.509488906e-22)
(0.1806267353 -0.2265489397 2.557320986e-22)
(0.09569616962 -0.3442842086 0)
(-0.006874501729 -0.4551109411 -3.673293526e-21)
(-0.01925314821 -0.3776522981 -2.891283393e-21)
(-0.02589853504 0.2277543413 -9.507514207e-22)
(-0.0399498484 0.2238710672 -1.386795402e-22)
(0.03652429703 0.1810154357 -2.329038047e-22)
(0.1088632363 0.144970762 -1.189328605e-22)
(0.1813337415 0.1170478408 -4.289670969e-23)
(0.2484117446 0.09607033611 9.748269962e-23)
(0.3092507715 0.07984517143 -1.401411636e-22)
(0.3637026489 0.06644721314 1.289146225e-22)
(0.4116364295 0.05444562224 -8.562449479e-23)
(0.4526338074 0.04273904144 1.130963566e-25)
(0.4858557853 0.03041759655 1.520142931e-23)
(0.5099197695 0.01666762877 7.962207218e-23)
(0.5229779839 0.0006839832302 -1.805609403e-22)
(0.522661192 -0.01848910661 -1.614638141e-22)
(0.5048506631 -0.04274735511 -4.261608545e-23)
(0.465602879 -0.0762581552 0)
(0.3950747044 -0.1285859456 -1.839848009e-22)
(0.2914598977 -0.220839344 8.141577207e-22)
(0.1196568918 -0.352495424 1.630502521e-21)
(0.02668307289 -0.3775365162 2.172084038e-21)
(0.2143112833 0.1347661841 9.857605143e-22)
(0.2776992461 0.0987326048 0)
(0.4317352964 0.05811707475 -2.590933668e-22)
(0.5305068106 0.03845844261 -1.739871242e-22)
(0.6016394563 0.02621675096 0)
(0.6569521897 0.01829717931 -5.989767665e-23)
(0.7012487798 0.01311682973 6.344511067e-23)
(0.7372522941 0.0095316206 -1.787477394e-23)
(0.7665432081 0.006805601613 2.865890888e-23)
(0.7898169034 0.00447767148 2.299529926e-23)
(0.8070997374 0.002243716368 0)
(0.8179724761 -0.0001216876533 -2.859596741e-23)
(0.8214430914 -0.00269327338 0)
(0.8161189844 -0.005689715263 2.732185009e-23)
(0.7990814233 -0.009597826414 1.426383418e-23)
(0.7679927074 -0.01499873089 -5.790959919e-23)
(0.7106674389 -0.02503102735 -2.531663807e-22)
(0.6235259261 -0.0420495597 -6.912474947e-22)
(0.4230081825 -0.09183679561 0)
(0.2705653279 -0.1524054119 -2.11892577e-21)
)


// ************************************************************************* //
