/*--------------------------------*- C++ -*----------------------------------*\
  =========                 |
  \\      /  F ield         | OpenFOAM: The Open Source CFD Toolbox
   \\    /   O peration     | Website:  https://openfoam.org
    \\  /    A nd           | Version:  13
     \\/     M anipulation  |
\*---------------------------------------------------------------------------*/
FoamFile
{
    format      ascii;
    class       vectorField;
    location    "31.93";
    object      U_all;
}
// * * * * * * * * * * * * * * * * * * * * * * * * * * * * * * * * * * * * * //


400
(
(1.09716351e-05 -3.785524145e-05 0)
(-0.0006661312013 0.0004130376775 -1.549114479e-23)
(-0.002185381693 0.0009203911989 0)
(-0.004047829762 0.001312777573 0)
(-0.005971857553 0.001535062286 6.842530466e-25)
(-0.007762767029 0.001569844422 4.15178806e-24)
(-0.009284525164 0.001423560435 -7.363856771e-24)
(-0.01043591884 0.001119720694 7.540463695e-24)
(-0.01113679074 0.0006960810006 -2.096242556e-25)
(-0.0113270885 0.0002030773943 -3.995893803e-24)
(-0.01097175203 -0.0003002324137 5.804924943e-24)
(-0.01007231111 -0.0007475142972 -5.930549614e-23)
(-0.008679867932 -0.001075560327 -6.553686508e-23)
(-0.006902845758 -0.001233042403 -7.785352524e-23)
(-0.00491073544 -0.001192637511 4.574267892e-24)
(-0.002927233013 -0.0009619206895 -4.138650054e-24)
(-0.00120530269 -0.0005912130661 -1.999218847e-22)
(-1.907243741e-05 -0.0001698849032 0)
(0.0005181513164 0.0001720835632 1.511539566e-25)
(0.0002227509469 0.0003059775004 -2.578063996e-24)
(-0.0002633790065 0.0008289352183 1.384720895e-25)
(-0.002703317628 0.003383819477 1.558875028e-23)
(-0.006907271199 0.005604478231 1.551930283e-25)
(-0.01195229654 0.007008184149 -8.48853566e-25)
(-0.01713500427 0.007553753661 1.161133249e-24)
(-0.02197529994 0.007294180125 1.305899714e-23)
(-0.02611069547 0.006321879024 1.398425394e-24)
(-0.02926557496 0.004754183404 -7.291956179e-24)
(-0.03122665507 0.002737148088 1.015730376e-23)
(-0.03184193656 0.0004524081682 4.511434129e-24)
(-0.03102754711 -0.001884136447 -6.320312014e-24)
(-0.02879310859 -0.004023016763 2.961396949e-24)
(-0.02527133823 -0.005708339325 3.896034769e-23)
(-0.02073191709 -0.006707394512 -1.955092139e-24)
(-0.01558960796 -0.006854128062 3.755141494e-24)
(-0.01038512673 -0.006097457377 -9.743195642e-23)
(-0.005730272364 -0.004546185604 9.640068256e-23)
(-0.002233370201 -0.002507423027 -3.964973756e-25)
(-0.0001817780253 -0.0005023786801 4.064971554e-25)
(8.343547036e-05 0.0006099208602 0)
(-0.0004188262621 0.002935060778 -2.912146497e-25)
(-0.004647872426 0.008803979992 1.704369374e-23)
(-0.01137193771 0.01324037768 -8.262715135e-24)
(-0.01932724388 0.01579199035 -2.072015309e-25)
(-0.02747404487 0.0165299507 2.035538739e-25)
(-0.03511769371 0.01564437291 7.166151469e-27)
(-0.04171333604 0.01335994196 -1.230593384e-24)
(-0.04683559376 0.009919749724 -4.55799947e-25)
(-0.05014976155 0.005602426262 -1.06357357e-23)
(-0.05141219354 0.0007444280205 0)
(-0.05047781557 -0.004241760356 0)
(-0.04733695995 -0.008887157005 2.67156788e-23)
(-0.04215919419 -0.01268173341 2.813536165e-23)
(-0.03531430956 -0.01513601453 -1.646492082e-24)
(-0.02738991843 -0.01586186225 4.846964652e-23)
(-0.01917003314 -0.01467331678 9.421430201e-23)
(-0.01156089551 -0.01169359017 3.977817281e-23)
(-0.005465408198 -0.007450740745 4.149081046e-25)
(-0.001451099395 -0.002936049264 1.069984227e-25)
(-9.072654701e-05 0.0002258699957 0)
(-0.0005024634721 0.006045326524 -4.251088969e-23)
(-0.006402726327 0.01637069854 -1.694591874e-23)
(-0.01553498432 0.02355925774 8.189589557e-24)
(-0.02627904885 0.0274415398 0)
(-0.03728736388 0.02832093754 0)
(-0.04769024237 0.02658765159 0)
(-0.05679647488 0.0226311464 -4.501833179e-26)
(-0.06405366939 0.01683605721 -2.130891205e-24)
(-0.06901063691 0.009622171984 0)
(-0.07130810241 0.00149106271 1.636757145e-24)
(-0.07070836871 -0.00693646923 2.803560463e-25)
(-0.06713024417 -0.01493013602 -2.811410358e-25)
(-0.0606989281 -0.02166721768 0)
(-0.05180740295 -0.02631598976 4.134366696e-23)
(-0.04114984125 -0.02816064515 -4.682644643e-23)
(-0.02971965219 -0.02677367043 -2.763069109e-23)
(-0.01873713799 -0.02221527044 -3.962997306e-23)
(-0.009488014836 -0.01521920622 7.795728965e-25)
(-0.002976876187 -0.007298195043 9.787898814e-23)
(-0.0002318788794 -0.0008661746049 0)
(-0.0005316120277 0.01009498242 4.271763826e-23)
(-0.007983571328 0.02595211089 4.781651298e-25)
(-0.01939682055 0.03642871261 -4.672440246e-25)
(-0.03282373241 0.04185507922 0)
(-0.04664676018 0.04289472793 7.77961516e-25)
(-0.05985213298 0.04020063188 -7.671747791e-25)
(-0.07163272267 0.03434733324 3.671250554e-23)
(-0.08132730199 0.02585658854 1.847086675e-23)
(-0.08836578989 0.01527296557 6.235893141e-24)
(-0.09225447369 0.003246164023 -1.638663991e-24)
(-0.09260358463 -0.009407782723 0)
(-0.08917535875 -0.02167470329 4.372299273e-25)
(-0.0819596203 -0.03236735471 1.009583612e-23)
(-0.07126871178 -0.04021239703 -4.35046876e-23)
(-0.05782007818 -0.04402036205 1.933600355e-24)
(-0.04278575223 -0.0429482065 4.21950804e-23)
(-0.0277544551 -0.03683340535 -3.845294016e-25)
(-0.01455059827 -0.02652717353 0)
(-0.004859454104 -0.0140845343 5.436560405e-23)
(-0.0003641471724 -0.002846957032 -2.56482037e-22)
(-0.000527219631 0.01499922986 9.839269733e-23)
(-0.009377899541 0.03739010613 -4.906044388e-25)
(-0.02288176503 0.05170207219 0)
(-0.03883033032 0.05894165769 0)
(-0.05538642106 0.06025557781 -8.730973244e-23)
(-0.07142858251 0.05661886359 -8.497998523e-23)
(-0.08606632648 0.04880157412 -4.066403069e-23)
(-0.09855062243 0.03743973302 -1.503837084e-23)
(-0.1081942802 0.02315981326 -5.366274315e-24)
(-0.1143442182 0.006709699288 -8.17357954e-24)
(-0.116404372 -0.01093285785 6.599596484e-24)
(-0.1138935062 -0.02848934942 8.823886352e-24)
(-0.1065484878 -0.04437033387 -1.892298569e-23)
(-0.09446786126 -0.05675319384 4.595777351e-24)
(-0.0782684259 -0.06378284231 0)
(-0.05922884947 -0.06393482443 -1.574060268e-23)
(-0.03933975076 -0.05653806101 -2.392241756e-26)
(-0.02114185144 -0.04235802613 0)
(-0.007318689887 -0.02398226634 -1.520399195e-22)
(-0.0005216151151 -0.005925543302 6.055757245e-22)
(-0.0004990810274 0.02064568288 -9.772243031e-23)
(-0.01052948326 0.05045423056 2.831753725e-22)
(-0.02582951018 0.06912491519 1.526748685e-22)
(-0.04402127546 0.07849235875 3.618921224e-24)
(-0.06310724113 0.08029455105 -7.319309689e-23)
(-0.08190386118 0.07588024304 9.042384216e-23)
(-0.09947741451 0.06621676216 -3.589862888e-24)
(-0.1150224907 0.05201685679 -1.728998882e-24)
(-0.127751655 0.03392354731 2.523903979e-24)
(-0.1368469903 0.01270235172 7.381299119e-24)
(-0.1414707849 -0.01058774889 -6.499431894e-24)
(-0.1408245626 -0.03446012166 -9.785032263e-24)
(-0.1342743621 -0.05692755783 -3.261777314e-23)
(-0.1215448185 -0.07553297958 -3.659622226e-23)
(-0.1029670965 -0.08754241643 5.64216882e-25)
(-0.07976357067 -0.0903919195 0)
(-0.05426673832 -0.08244499075 0)
(-0.02987156148 -0.06397726686 -2.905685331e-24)
(-0.010662834 -0.0379878958 2.970126176e-24)
(-0.000735092112 -0.01050088508 1.02787421e-22)
(-0.0004479159239 0.02687243403 0)
(-0.01134920838 0.06480739159 2.001966993e-22)
(-0.02801593808 0.08829592872 8.962051285e-23)
(-0.04799847415 0.1001232296 0)
(-0.06920588014 0.1027073998 1.569769609e-22)
(-0.09044355525 0.0978155632 0)
(-0.1107829603 0.08661085618 -1.428326459e-22)
(-0.1294091446 0.06983938891 6.515204547e-24)
(-0.1454769152 0.04808227254 0)
(-0.1580349243 0.02201757286 0)
(-0.1660130878 -0.007334358889 -1.374321644e-24)
(-0.1682669052 -0.03838825934 -9.315845809e-25)
(-0.1637062346 -0.06883957402 1.491859416e-22)
(-0.1515206646 -0.09558254062 -4.704657465e-23)
(-0.1315132754 -0.1148296344 -2.5605908e-24)
(-0.1045594657 -0.1225701164 1.534352628e-24)
(-0.07309339937 -0.1155516017 -1.558555939e-24)
(-0.04135015764 -0.09283101185 0)
(-0.01525228092 -0.0574075959 3.203616499e-24)
(-0.001044307205 -0.01714712421 -1.01286355e-21)
(-0.0003744666741 0.03346295582 0)
(-0.01175004276 0.07998897645 -1.128175186e-22)
(-0.02920703343 0.1086388155 -6.190917905e-22)
(-0.05031737076 0.1232230964 -3.755190644e-22)
(-0.07296306094 0.1269094118 0)
(-0.09598945746 0.1219253094 4.119333455e-22)
(-0.1185271779 0.1096346648 1.260870297e-22)
(-0.1398144515 0.09078232576 -5.581650086e-24)
(-0.1590219506 0.06581387109 5.554023916e-24)
(-0.1751458878 0.03520882396 0)
(-0.1869557833 -0.0001966636655 2.912055228e-23)
(-0.1930170526 -0.03889739598 4.695653256e-24)
(-0.1917807875 -0.07843868414 -1.076747303e-22)
(-0.1817872543 -0.1151862964 8.003602605e-23)
(-0.1620568757 -0.1442596821 -2.41962014e-22)
(-0.1327060612 -0.1598545974 0)
(-0.09577877877 -0.1563110482 0)
(-0.05601626804 -0.1302979207 0)
(-0.02147856587 -0.08381123773 0)
(-0.001500382275 -0.02665512944 5.571864115e-22)
(-0.0002873911301 0.04016068053 0)
(-0.01169358735 0.09543588607 -3.492899123e-22)
(-0.02924435648 0.1294070593 8.932562171e-22)
(-0.05060942358 0.1469295873 3.617066673e-22)
(-0.07370075342 0.15197455 0)
(-0.09745141668 0.1472755193 -3.862438785e-22)
(-0.1211068716 0.134418978 -3.174352965e-23)
(-0.1440323537 0.1141391867 3.333039283e-22)
(-0.1655141904 0.08669999832 1.769441753e-22)
(-0.1846247145 0.05229124468 -4.06008173e-23)
(-0.2001324416 0.01141724528 1.656817254e-23)
(-0.2104621048 -0.0347140917 -8.265054625e-24)
(-0.2137207149 -0.08376542961 3.371793e-22)
(-0.2078214154 -0.1318753836 0)
(-0.1908237263 -0.1732753326 2.420789105e-22)
(-0.16163346 -0.200259048 5.774378568e-24)
(-0.1211661774 -0.2040118953 -5.860491623e-24)
(-0.0738498371 -0.1772117684 1.548314495e-22)
(-0.02971784095 -0.1188640859 -5.435052189e-24)
(-0.002179542365 -0.04005393946 0)
(-0.0002117221274 0.04671630139 0)
(-0.01125001289 0.1105495769 0)
(-0.02815624238 0.1497351861 -5.02264114e-22)
(-0.04874478207 0.1701514182 -1.880960649e-23)
(-0.0710008451 0.1766253852 2.038339506e-23)
(-0.09399448455 0.1724523645 -2.014272467e-23)
(-0.1171433933 0.1594868754 -2.316842904e-23)
(-0.1400179107 0.13848036 -3.029763713e-22)
(-0.1621328491 0.1095160029 6.698600896e-23)
(-0.182795865 0.07245187943 4.513097736e-23)
(-0.2009835182 0.02734937088 -4.577640827e-23)
(-0.2152269883 -0.02508683093 0)
(-0.2235561794 -0.0829833129 -7.839375359e-23)
(-0.2234631709 -0.1427254886 0)
(-0.2120678862 -0.1981818108 -3.739493571e-22)
(-0.1867433919 -0.2400770743 5.244820855e-22)
(-0.1464437689 -0.25607705 0)
(-0.09394562876 -0.2331206966 -1.49386469e-22)
(-0.04021998429 -0.1639611905 1.937417256e-22)
(-0.003201097261 -0.05861056888 -3.41139687e-22)
(-0.000201544001 0.05297575687 0)
(-0.01067263243 0.1248170098 9.182740292e-22)
(-0.02628449123 0.1687421491 -2.440647616e-23)
(-0.04501110989 0.1916451755 9.193215145e-22)
(-0.06494601191 0.1992917792 -2.512048733e-23)
(-0.08536632715 0.1956101495 2.838803977e-23)
(-0.1059306126 0.182788467 -2.812890404e-23)
(-0.1264924739 0.16165821 -1.660897035e-23)
(-0.1468997481 0.1321761688 -5.260165268e-22)
(-0.1668458868 0.09389648119 -8.90652293e-24)
(-0.1857303785 0.0464058456 9.660090963e-24)
(-0.2024782452 -0.01023770803 3.313047264e-22)
(-0.2154155312 -0.07499801746 -5.820676533e-22)
(-0.2220210265 -0.145030961 0)
(-0.2188032436 -0.2146758093 8.887194716e-22)
(-0.2016257608 -0.2740013683 -4.940761537e-22)
(-0.1668639061 -0.3075809145 -1.5721826e-23)
(-0.1140219856 -0.295380931 0)
(-0.05288480129 -0.2195800641 -1.890053191e-22)
(-0.00474918532 -0.08377270405 3.360456939e-22)
(-0.0003642022209 0.05902309452 1.550990341e-23)
(-0.01049576423 0.1379879411 -8.764073859e-22)
(-0.02441394596 0.1856801228 -1.157046147e-21)
(-0.04026731855 0.2101381571 -8.628871653e-22)
(-0.05630739101 0.2182345841 0)
(-0.0721486788 0.214618763 3.51376575e-23)
(-0.0877923464 0.2018789961 -7.294786626e-23)
(-0.1034564252 0.1810004372 5.867823288e-23)
(-0.1193985479 0.1518996776 3.021334147e-22)
(-0.1357933271 0.1139150819 -1.128185156e-23)
(-0.152608412 0.06621433511 0)
(-0.1694523177 0.008177336125 -3.603896172e-22)
(-0.1852762314 -0.06015970925 7.515606445e-22)
(-0.1980450048 -0.1372745082 8.831635494e-22)
(-0.2043547501 -0.2189259754 -5.296563034e-22)
(-0.1990978471 -0.2959710594 5.162627053e-22)
(-0.1760605784 -0.3514070132 1.078193616e-23)
(-0.1300890745 -0.3584148372 -1.095508026e-23)
(-0.06688802671 -0.2843274559 -8.216594373e-23)
(-0.007083317853 -0.1169963577 0)
(-0.0009095816541 0.06540034906 -1.911466664e-23)
(-0.01167595126 0.1502814644 -1.326952937e-21)
(-0.02388889378 0.2000657056 1.094225307e-21)
(-0.03601351587 0.2244214149 6.734866157e-22)
(-0.0465732338 0.2316585508 6.014575757e-22)
(-0.05577056133 0.2272391357 6.643896552e-22)
(-0.06411265868 0.2141773144 -4.458637701e-23)
(-0.07227583806 0.1936493366 -3.461309299e-22)
(-0.08096996702 0.1656028023 2.152146067e-22)
(-0.09087217138 0.1292707712 0)
(-0.1025549984 0.08353091314 0)
(-0.1163624667 0.02720023332 2.655380328e-22)
(-0.1321591967 -0.04061991109 8.194333041e-23)
(-0.1489254526 -0.1200126695 -2.821594293e-22)
(-0.1641286181 -0.2089298997 -5.411231731e-23)
(-0.1727879101 -0.3006990719 1.301950104e-22)
(-0.1670312294 -0.3793327181 -3.400440275e-22)
(-0.1365292928 -0.4136449981 -1.594456108e-23)
(-0.08018251181 -0.3538324439 8.205365306e-23)
(-0.01050762235 -0.1594129716 -6.03228177e-22)
(-0.002260502487 0.07348878967 0)
(-0.01580359673 0.1626520426 2.145855375e-21)
(-0.02665051494 0.211790273 0)
(-0.03422353573 0.2333944946 -1.351795836e-21)
(-0.0375941707 0.2377764535 6.184055675e-23)
(-0.03799707702 0.2312551558 -6.193037952e-22)
(-0.03668291298 0.2171897569 -4.756246233e-22)
(-0.03489063843 0.19689337 8.301190154e-22)
(-0.03378866726 0.1703342225 -1.885683631e-22)
(-0.03449905719 0.136722149 0)
(-0.03811601774 0.09479682256 0)
(-0.04565020622 0.04304298193 2.410623599e-23)
(-0.05790831063 -0.02013768133 -6.007162055e-22)
(-0.07514623227 -0.0962063693 -4.309539265e-22)
(-0.09645196801 -0.1855554881 4.637833077e-22)
(-0.1183464413 -0.2853566499 -6.488670554e-22)
(-0.1332716711 -0.38383852 9.119877745e-23)
(-0.1265351771 -0.4504357301 2.937977991e-23)
(-0.08899156785 -0.4198534983 5.660500017e-22)
(-0.01526918085 -0.2111718961 6.020914283e-22)
(-0.005180903003 0.08598043694 0)
(-0.02525554803 0.1766290321 1.465580663e-22)
(-0.03483417423 0.2205960122 -4.917105603e-23)
(-0.03640029035 0.2354857599 7.642865651e-22)
(-0.03018503516 0.2343404975 -7.00531772e-22)
(-0.01916604332 0.2241602332 4.746442965e-23)
(-0.005615428816 0.2083524705 -1.018602958e-22)
(0.008569309917 0.1881240461 -3.389863202e-22)
(0.02179855412 0.163391117 2.062809424e-22)
(0.03262751042 0.1333243109 0)
(0.03958429242 0.09664093687 0)
(0.04116985697 0.05174066313 -2.902651684e-22)
(0.03578458241 -0.003255290161 0)
(0.02198161399 -0.07058350221 -5.51215849e-22)
(-0.001265051903 -0.1525734542 -1.492358368e-23)
(-0.03310487217 -0.2505948986 2.559705581e-23)
(-0.06909249672 -0.3599340681 2.203084254e-22)
(-0.09227836074 -0.4575423709 4.788447621e-24)
(-0.08718093606 -0.4698128498 -5.789472238e-22)
(-0.02103127531 -0.2698971699 0)
(-0.01111631729 0.1085974957 0)
(-0.0424890518 0.1947151266 -8.848419946e-22)
(-0.0479553717 0.2258194657 -5.411005639e-22)
(-0.03919549757 0.2282134396 4.54378317e-22)
(-0.01877849455 0.2182326888 -1.709982229e-24)
(0.007664077029 0.2028219223 -4.561012677e-23)
(0.03667966534 0.1847618915 5.696637332e-22)
(0.06582969866 0.1647117711 -2.766871743e-23)
(0.093271016 0.1423128075 -2.069768219e-22)
(0.1173888748 0.1166275205 3.142194952e-23)
(0.1365458987 0.08641149518 -3.425898782e-23)
(0.1489666787 0.05017676598 -3.690576058e-23)
(0.1525273568 0.006159250748 3.205617678e-22)
(0.1449365102 -0.04796118962 6.11957422e-22)
(0.1235158124 -0.1153052216 -5.101140337e-22)
(0.08633519681 -0.2004195103 -1.616032239e-22)
(0.03199077256 -0.3067806167 1.531333607e-22)
(-0.02362131762 -0.4239836715 7.293687218e-23)
(-0.06492416547 -0.4871612299 1.913296565e-21)
(-0.02509972179 -0.3291544362 2.954997067e-21)
(-0.02004680339 0.1460727516 -4.390188937e-23)
(-0.06416407734 0.2112955786 4.417361578e-23)
(-0.05070235444 0.2177300104 1.000182689e-21)
(-0.01934106568 0.2014679353 -8.270400765e-24)
(0.02414451081 0.1809075426 0)
(0.07154103926 0.1606932619 4.363686088e-23)
(0.1190701265 0.141649491 -2.273833725e-22)
(0.1644764984 0.1233181455 -9.027883752e-23)
(0.2062248731 0.1048117185 3.6807066e-23)
(0.2429640643 0.08507141476 -1.701645612e-23)
(0.2732205353 0.06296151116 3.429952069e-23)
(0.2952534121 0.03726298628 -6.592645345e-23)
(0.3066969328 0.006535121999 -9.303868526e-23)
(0.304973685 -0.03087764862 1.51703422e-22)
(0.2863935057 -0.07786286664 0)
(0.2470567134 -0.1399300072 1.505582093e-22)
(0.1810921465 -0.2266299618 2.560016692e-22)
(0.09604444483 -0.3443894779 0)
(-0.006697645314 -0.4552210037 -3.675642951e-21)
(-0.01922408679 -0.3777537421 -2.892626356e-21)
(-0.02591950971 0.2276828915 -9.514191879e-22)
(-0.03998324034 0.2238216606 -1.388971095e-22)
(0.03656136358 0.1810585285 -2.335567002e-22)
(0.1090502745 0.1451058866 -1.193734261e-22)
(0.1817190564 0.1172445173 -4.29579259e-23)
(0.2490089753 0.09627904238 9.783077902e-23)
(0.3100335417 0.0800250754 -1.408578006e-22)
(0.3646207824 0.06656813434 1.297164425e-22)
(0.4126250868 0.05449178221 -8.620055363e-23)
(0.453624867 0.04270895489 1.13220261e-25)
(0.4867877192 0.0303230001 1.527732624e-23)
(0.510745001 0.01652904132 7.997160274e-23)
(0.5236596334 0.0005365384091 -1.81111359e-22)
(0.5231797156 -0.01863370915 -1.617136381e-22)
(0.5052322788 -0.04286477071 -4.262889755e-23)
(0.4658714635 -0.07633230002 0)
(0.3952696173 -0.1286089348 -1.846493335e-22)
(0.2916070803 -0.2208468088 8.148779364e-22)
(0.1197454958 -0.3525016893 1.631604198e-21)
(0.02670546889 -0.3775497957 2.172657205e-21)
(0.2142894506 0.134744724 9.864975383e-22)
(0.27763113 0.09870503985 0)
(0.4316592418 0.05810415032 -2.59430761e-22)
(0.5304749403 0.03846264883 -1.741653628e-22)
(0.6016965663 0.02623418845 0)
(0.657119869 0.01831923142 -6.00902508e-23)
(0.7015213161 0.01313600572 6.377931996e-23)
(0.7376041928 0.009542125004 -1.800138107e-23)
(0.7669367774 0.006804464109 2.885946706e-23)
(0.7902106041 0.004464746188 2.31501454e-23)
(0.8074554427 0.002221323517 0)
(0.8182620878 -0.0001500705184 -2.87301509e-23)
(0.8216499373 -0.002723843643 0)
(0.8162393995 -0.005712665161 2.738118703e-23)
(0.7991333059 -0.009611380783 1.421661125e-23)
(0.7679986332 -0.01500255053 -5.799434305e-23)
(0.7106555772 -0.02502520052 -2.535670192e-22)
(0.6235183991 -0.04204285522 -6.918114223e-22)
(0.4230091018 -0.091829682 0)
(0.2705674686 -0.1524021846 -2.119485038e-21)
)


// ************************************************************************* //
