/*--------------------------------*- C++ -*----------------------------------*\
  =========                 |
  \\      /  F ield         | OpenFOAM: The Open Source CFD Toolbox
   \\    /   O peration     | Website:  https://openfoam.org
    \\  /    A nd           | Version:  13
     \\/     M anipulation  |
\*---------------------------------------------------------------------------*/
FoamFile
{
    format      ascii;
    class       vectorField;
    location    "29.05";
    object      U_all;
}
// * * * * * * * * * * * * * * * * * * * * * * * * * * * * * * * * * * * * * //


400
(
(1.094680687e-05 -3.787087826e-05 0)
(-0.0006661555428 0.0004130330859 -1.547525897e-23)
(-0.002185379785 0.000920385849 0)
(-0.004047812786 0.00131276948 0)
(-0.005971826399 0.001535052935 6.84000354e-25)
(-0.007762723672 0.001569835102 4.152484643e-24)
(-0.009284472436 0.001423552252 -7.356876456e-24)
(-0.01043586037 0.001119714446 7.547802026e-24)
(-0.01113673065 0.0006960772172 -2.096845198e-25)
(-0.01132703092 0.000203076331 -3.996780165e-24)
(-0.01097170082 -0.0003002307251 5.805937069e-24)
(-0.01007226958 -0.0007475104435 -5.931414434e-23)
(-0.008679838416 -0.001075555335 -6.554540341e-23)
(-0.006902829255 -0.001233037605 -7.786154819e-23)
(-0.004910731172 -0.001192634183 4.574748471e-24)
(-0.002927238285 -0.000961919692 -4.139149047e-24)
(-0.001205313522 -0.0005912145797 -1.999565096e-22)
(-1.908381771e-05 -0.0001698882449 0)
(0.0005181431406 0.0001720794338 1.513126346e-25)
(0.0002227488824 0.0003059744688 -2.598690708e-24)
(-0.0002633894427 0.0008289084408 1.385975356e-25)
(-0.00270331486 0.00338378905 1.557257849e-23)
(-0.006907235701 0.005604435798 1.549484248e-25)
(-0.011952224 0.007008134355 -8.48361124e-25)
(-0.01713489475 0.00755370231 1.160390496e-24)
(-0.02197515794 0.00729413295 1.305074258e-23)
(-0.02611052829 0.006321840921 1.40673375e-24)
(-0.0292653918 0.004754158014 -7.299066548e-24)
(-0.0312264665 0.00273713759 1.016103899e-23)
(-0.0318417534 0.0004524130293 4.512456591e-24)
(-0.03102737986 -0.001884117042 -6.321409053e-24)
(-0.02879296629 -0.004022986084 2.961572537e-24)
(-0.02527122708 -0.005708302242 3.896483134e-23)
(-0.02073183981 -0.006707356953 -1.955369007e-24)
(-0.01558956318 -0.006854096008 3.755694261e-24)
(-0.01038510915 -0.006097435702 -9.745069231e-23)
(-0.005730273645 -0.004546176995 9.641894631e-23)
(-0.002233380149 -0.002507426843 -3.96808801e-25)
(-0.0001817878102 -0.0005023905831 4.068164313e-25)
(8.343363423e-05 0.0006099109912 0)
(-0.000418826162 0.002935034256 -2.913394299e-25)
(-0.004647847121 0.008803912005 1.706021536e-23)
(-0.01137186305 0.01324027857 -8.24666967e-24)
(-0.01932711097 0.01579187551 -2.069700966e-25)
(-0.02747385373 0.0165298348 2.033264843e-25)
(-0.03511745114 0.01564426893 7.412191921e-27)
(-0.04171305346 0.01335986044 -1.238623719e-24)
(-0.04683528555 0.009919698229 -4.563173339e-25)
(-0.05014944369 0.005602409037 -1.06396504e-23)
(-0.05141188169 0.0007444459204 0)
(-0.05047752518 -0.004241710957 0)
(-0.04733670508 -0.008887082483 2.671990974e-23)
(-0.0421589848 -0.01268164348 2.813962227e-23)
(-0.03531415105 -0.01513592108 -1.646779932e-24)
(-0.02738981064 -0.01586177772 4.847931163e-23)
(-0.01916997042 -0.0146732521 9.423248625e-23)
(-0.01156086778 -0.01169355252 3.979728958e-23)
(-0.005465402297 -0.007450731212 4.155279495e-25)
(-0.001451102775 -0.002936060742 1.066790326e-25)
(-9.072700675e-05 0.0002258557287 0)
(-0.0005024607649 0.006045279372 -4.252578713e-23)
(-0.006402681807 0.01637057371 -1.696241231e-23)
(-0.01553487238 0.02355908104 8.173556367e-24)
(-0.02627885891 0.02744133947 0)
(-0.03728709672 0.02832073886 0)
(-0.04768990667 0.0265874758 0)
(-0.05679608509 0.02263101025 -4.525737799e-26)
(-0.06405324364 0.01683597252 -2.126756333e-24)
(-0.06901019504 0.009622145237 0)
(-0.0713076653 0.001491094926 1.637793923e-24)
(-0.0707079558 -0.006936383539 2.804222312e-25)
(-0.06712987235 -0.01493000702 -2.812074062e-25)
(-0.0606986115 -0.02166706048 0)
(-0.05180715055 -0.02631582288 4.135283037e-23)
(-0.04114965578 -0.02816048844 -4.683582484e-23)
(-0.02971952989 -0.02677354227 -2.764061795e-23)
(-0.01873706926 -0.02221518428 -3.964938844e-23)
(-0.009487985402 -0.0152191667 7.79572348e-25)
(-0.002976870247 -0.007298194284 9.785840444e-23)
(-0.0002318784184 -0.0008661881182 0)
(-0.0005316081288 0.01009490563 4.273262845e-23)
(-0.00798351273 0.02595191447 4.779225378e-25)
(-0.01939667909 0.03642844152 -4.670069566e-25)
(-0.03282349656 0.04185477701 0)
(-0.04664643156 0.04289443193 7.777056835e-25)
(-0.05985172171 0.04020037233 -7.66922502e-25)
(-0.07163224506 0.03434713326 3.670456202e-23)
(-0.0813267784 0.02585646406 1.846276815e-23)
(-0.0883652427 0.01527292514 6.233712778e-24)
(-0.09225392603 0.003246208577 -1.639701976e-24)
(-0.09260305886 -0.009407659223 0)
(-0.08917487538 -0.02167451459 4.373700779e-25)
(-0.08195919699 -0.03236712073 1.010061269e-23)
(-0.07126836157 -0.04021214266 -4.351443414e-23)
(-0.05781980816 -0.04402011493 1.934188033e-24)
(-0.04278556259 -0.04294799373 4.221455271e-23)
(-0.02775433879 -0.03683324881 -3.848403623e-25)
(-0.01455054107 -0.02652708419 0)
(-0.004859436735 -0.01408450648 5.436501507e-23)
(-0.0003641455111 -0.002846963413 -2.5646054e-22)
(-0.0005272159714 0.01499911735 9.837575605e-23)
(-0.009377833549 0.03738982812 -4.904788768e-25)
(-0.02288160644 0.05170169581 0)
(-0.03883006663 0.05894124317 0)
(-0.05538605417 0.06025517508 -8.730147771e-23)
(-0.07142812313 0.05661851202 -8.497164602e-23)
(-0.08606579157 0.04880130308 -4.065530229e-23)
(-0.0985500329 0.03743956242 -1.503442191e-23)
(-0.1081936591 0.02315975376 -5.364347194e-24)
(-0.1143435895 0.006709752429 -8.172445471e-24)
(-0.1164037593 -0.01093269924 6.598373613e-24)
(-0.113892932 -0.02848910116 8.821584432e-24)
(-0.1065479726 -0.04437001942 -1.892274948e-23)
(-0.09446742212 -0.05675284342 4.585878273e-24)
(-0.07826807505 -0.063782491 0)
(-0.0592285926 -0.06393450878 -1.575075986e-23)
(-0.03933958528 -0.05653781344 -2.360011688e-26)
(-0.02114176488 -0.04235786727 0)
(-0.007318660459 -0.02398219678 -1.520184906e-22)
(-0.0005216122123 -0.005925537236 6.055313974e-22)
(-0.0004990783577 0.02064553222 -9.770564557e-23)
(-0.01052941718 0.05045386754 2.831574556e-22)
(-0.02582934991 0.06912443045 1.526661512e-22)
(-0.04402100751 0.07849182943 3.618662773e-24)
(-0.06310686678 0.0802940393 -7.319250365e-23)
(-0.08190339064 0.07587979682 9.041494878e-23)
(-0.0994768641 0.06621641658 -3.58958439e-24)
(-0.1150218805 0.05201663528 -1.728849191e-24)
(-0.127751007 0.03392346243 2.523680065e-24)
(-0.1368463273 0.01270240583 7.380238541e-24)
(-0.1414701298 -0.01058756307 -6.498277919e-24)
(-0.1408239377 -0.03445982093 -9.782502505e-24)
(-0.1342737889 -0.0569271676 -3.261786287e-23)
(-0.1215443167 -0.07553253359 -3.658037277e-23)
(-0.1029666829 -0.08754195564 5.638941927e-25)
(-0.07976325689 -0.09039148933 0)
(-0.054266528 -0.08244463549 0)
(-0.02987144648 -0.06397702032 -2.905332944e-24)
(-0.01066279242 -0.03798776999 2.969765961e-24)
(-0.0007350881117 -0.01050086046 1.027861594e-22)
(-0.0004479147603 0.02687224726 0)
(-0.01134914991 0.06480694819 2.001954957e-22)
(-0.02801579325 0.08829534168 8.962008331e-23)
(-0.0479982289 0.1001225921 0)
(-0.06920553446 0.1027067851 1.569683648e-22)
(-0.09044311779 0.09781502706 0)
(-0.1107824457 0.08661043858 -1.428272264e-22)
(-0.1294085708 0.06983911609 6.514890469e-24)
(-0.1454763019 0.04808215843 0)
(-0.1580342912 0.02201762031 0)
(-0.1660124549 -0.007334157154 -1.374236464e-24)
(-0.1682662919 -0.0383879196 -9.314990965e-25)
(-0.16370566 -0.06883912206 1.491746973e-22)
(-0.151520148 -0.09558201118 -4.704646139e-23)
(-0.1315128354 -0.1148290713 -2.56024458e-24)
(-0.1045591189 -0.1225695713 1.534005082e-24)
(-0.07309315687 -0.1155511303 -1.558202898e-24)
(-0.04135001882 -0.09283066399 0)
(-0.01525222795 -0.05740740082 3.203426653e-24)
(-0.00104430221 -0.01714707487 -1.012814378e-21)
(-0.0003744675761 0.03346273959 0)
(-0.01174999956 0.07998846625 -1.128086597e-22)
(-0.02920692127 0.1086381422 -6.190723458e-22)
(-0.05031717585 0.123222367 -3.75508934e-22)
(-0.0729627817 0.1269087097 0)
(-0.09598910038 0.1219246969 4.119224649e-22)
(-0.1185267551 0.1096341858 1.260822446e-22)
(-0.1398139783 0.09078200837 -5.581467832e-24)
(-0.1590214431 0.06581372958 5.553842566e-24)
(-0.1751453618 0.03520886079 0)
(-0.1869552529 -0.0001964562104 2.911973121e-23)
(-0.1930165311 -0.03889703413 4.695461424e-24)
(-0.1917802885 -0.07843819267 -1.076687237e-22)
(-0.1817867916 -0.1151857081 8.003025597e-23)
(-0.1620564655 -0.1442590394 -2.41949671e-22)
(-0.1327057219 -0.1598539534 0)
(-0.095778528 -0.1563104662 0)
(-0.05601611574 -0.1302974668 0)
(-0.0214785039 -0.08381096407 0)
(-0.00150037642 -0.02665504952 5.571615281e-22)
(-0.000287394421 0.04016044558 0)
(-0.01169356601 0.09543533095 -3.492803292e-22)
(-0.02924429239 0.1294063256 8.932354626e-22)
(-0.05060930409 0.1469287922 3.616968623e-22)
(-0.07370057536 0.1519737853 0)
(-0.09745118414 0.1472748531 -3.862336743e-22)
(-0.1211065939 0.1344184572 -3.174279885e-23)
(-0.144032043 0.11413884 3.332972689e-22)
(-0.1655138589 0.08669983889 1.76940647e-22)
(-0.1846243726 0.052291273 -4.060002924e-23)
(-0.2001320969 0.01141745165 1.656808427e-23)
(-0.2104617622 -0.03471372494 -8.264839414e-24)
(-0.2137203778 -0.08376492601 3.371718863e-22)
(-0.2078210881 -0.131874772 0)
(-0.1908234172 -0.1732746494 2.420665616e-22)
(-0.1616331838 -0.2002583409 5.773998028e-24)
(-0.121165955 -0.2040112277 -5.86010542e-24)
(-0.0738496894 -0.1772112188 1.548188311e-22)
(-0.02971777493 -0.1188637318 -5.434666934e-24)
(-0.002179535821 -0.04005382453 0)
(-0.0002117276856 0.04671606156 0)
(-0.01125001789 0.1105490051 0)
(-0.02815623764 0.1497344257 -5.022537511e-22)
(-0.04874475691 0.1701505918 -1.880926018e-23)
(-0.07100079487 0.1766245909 2.03830263e-23)
(-0.09399441066 0.172451675 -2.014236025e-23)
(-0.1171433019 0.1594863397 -2.316801851e-23)
(-0.1400178102 0.1384800065 -3.02970288e-22)
(-0.1621327475 0.1095158423 6.698576338e-23)
(-0.1827957672 0.07245190796 4.513008366e-23)
(-0.2009834245 0.0273495746 -4.577549691e-23)
(-0.2152268946 -0.02508647245 0)
(-0.2235560782 -0.08298282426 -7.839042336e-23)
(-0.2234630538 -0.1427248941 0)
(-0.2120677493 -0.1981811377 -3.739417188e-22)
(-0.1867432406 -0.2400763579 5.244679371e-22)
(-0.1464436208 -0.2560763441 0)
(-0.09394551171 -0.2331200814 -1.493742378e-22)
(-0.04021992269 -0.163960766 1.937290446e-22)
(-0.003201090335 -0.05861041781 -3.411270814e-22)
(-0.000201551405 0.05297552769 0)
(-0.01067266541 0.1248164532 9.182613951e-22)
(-0.02628455111 0.1687414006 -2.44061061e-23)
(-0.04501118877 0.1916443574 9.193088646e-22)
(-0.0649461036 0.1992909929 -2.512011129e-23)
(-0.08536642967 0.1956094709 2.838762884e-23)
(-0.1059307279 0.1827879467 -2.812849686e-23)
(-0.1264926057 0.1616578753 -1.660873953e-23)
(-0.1468998993 0.1321760266 -5.260093784e-22)
(-0.1668460566 0.09389652256 -8.906402342e-24)
(-0.1857305607 0.04640604998 9.659965468e-24)
(-0.2024784295 -0.01023736712 3.313010892e-22)
(-0.2154157006 -0.07499756495 -5.820600752e-22)
(-0.2220211604 -0.1450304195 0)
(-0.2188033256 -0.2146751967 8.887048873e-22)
(-0.2016257828 -0.274000704 -4.940628593e-22)
(-0.1668638757 -0.307580233 -1.572139466e-23)
(-0.1140219292 -0.2953803008 0)
(-0.05288475618 -0.2195795951 -1.889928505e-22)
(-0.004749178688 -0.0837725211 3.360333064e-22)
(-0.0003642109627 0.0590228915 1.550970844e-23)
(-0.01049582384 0.1379874325 -8.763953439e-22)
(-0.0244140689 0.185679426 -1.157032809e-21)
(-0.04026750038 0.2101373879 -8.628752879e-22)
(-0.05630762374 0.2182338435 0)
(-0.07214895593 0.2146181285 3.513723208e-23)
(-0.08779266367 0.2018785188 -7.294699719e-23)
(-0.10345678 0.1810001434 5.867755342e-23)
(-0.1193989368 0.1518995706 3.021297106e-22)
(-0.1357937437 0.1139151474 -1.128172978e-23)
(-0.1526088459 0.06621454615 0)
(-0.1694527521 0.008177660065 -3.603856003e-22)
(-0.1852766452 -0.06015930165 7.515534e-22)
(-0.1980453742 -0.1372740403 8.831557779e-22)
(-0.204355049 -0.2189254588 -5.296489317e-22)
(-0.199098055 -0.2959704987 5.162559973e-22)
(-0.176060689 -0.3514064193 1.078153299e-23)
(-0.1300891026 -0.3584142541 -1.095467062e-23)
(-0.06688801172 -0.2843269836 -8.217787165e-23)
(-0.007083312822 -0.1169961541 0)
(-0.0009095911893 0.06540018605 -1.911446803e-23)
(-0.01167603329 0.1502810337 -1.32694047e-21)
(-0.0238890714 0.2000650977 1.094212759e-21)
(-0.03601378855 0.2244207324 6.734799539e-22)
(-0.04657359159 0.2316578899 6.01451629e-22)
(-0.05577099198 0.2272385725 6.643831191e-22)
(-0.06411314954 0.2141768995 -4.458593288e-23)
(-0.072276378 0.1936490961 -3.46127823e-22)
(-0.08097054477 0.1656027363 2.152127753e-22)
(-0.09087277388 0.1292708628 0)
(-0.1025556117 0.0835311316 0)
(-0.1163630739 0.02720054198 2.655362467e-22)
(-0.1321597784 -0.04061954802 8.194368752e-23)
(-0.148925986 -0.1200122782 -2.821558108e-22)
(-0.1641290769 -0.2089294905 -5.411188952e-23)
(-0.1727882681 -0.3006986406 1.301953819e-22)
(-0.1670314687 -0.3793322554 -3.400378657e-22)
(-0.1365294111 -0.4136445191 -1.595018836e-23)
(-0.08018253706 -0.3538320181 8.206556469e-23)
(-0.01050762084 -0.1594127656 -6.032386359e-22)
(-0.002260512041 0.07348867719 0)
(-0.01580369367 0.1626517139 2.145836501e-21)
(-0.02665073157 0.2117897846 0)
(-0.03422387569 0.23339393 -1.351783608e-21)
(-0.0375946226 0.2377758988 6.184086716e-23)
(-0.03799762283 0.2312546822 -6.192976683e-22)
(-0.03668352995 0.217189412 -4.756205145e-22)
(-0.03489130611 0.1968931834 8.301118755e-22)
(-0.03378936612 0.17033419 -1.8856675e-22)
(-0.03449976644 0.1367222549 0)
(-0.03811672059 0.09479703676 0)
(-0.04565088697 0.04304326728 2.410638494e-23)
(-0.05790895587 -0.02013736129 -6.007123946e-22)
(-0.07514682663 -0.09620604619 -4.309510658e-22)
(-0.09645249272 -0.185555175 4.637806892e-22)
(-0.1183468734 -0.2853563428 -6.488607724e-22)
(-0.1332719904 -0.3838381986 9.119750977e-23)
(-0.1265353654 -0.4504353903 2.938572673e-23)
(-0.08899163282 -0.4198531636 5.660544737e-22)
(-0.01526918448 -0.2111717104 6.021018675e-22)
(-0.005180911203 0.08598038017 0)
(-0.02525564737 0.1766288193 1.465583044e-22)
(-0.03483440401 0.220595663 -4.917068983e-23)
(-0.03640065889 0.2354853342 7.642802355e-22)
(-0.03018553179 0.2343400667 -7.00525737e-22)
(-0.01916664693 0.2241598596 4.746404005e-23)
(-0.005616103953 0.2083521983 -1.0185971e-22)
(0.008568588107 0.1881238993 -3.389835472e-22)
(0.021797809 0.1633910988 2.062794789e-22)
(0.032626774 0.1333244085 0)
(0.03958358367 0.09664112438 0)
(0.04116919123 0.05174090714 -2.902635274e-22)
(0.03578396493 -0.003255025643 0)
(0.02198105244 -0.07058324244 -5.512133527e-22)
(-0.00126554791 -0.152573219 -1.492319507e-23)
(-0.03310528962 -0.2505946896 2.559678157e-23)
(-0.06909283013 -0.3599338665 2.203035978e-22)
(-0.09227857898 -0.4575421743 4.788721896e-24)
(-0.0871810248 -0.4698126296 -5.789520188e-22)
(-0.02103128456 -0.2698970262 0)
(-0.01111632158 0.1085974903 0)
(-0.04248913303 0.1947150261 -8.848363754e-22)
(-0.04795557297 0.2258192571 -5.410976715e-22)
(-0.03919583302 0.2282131575 4.543755571e-22)
(-0.01877895855 0.2182323868 -1.709995962e-24)
(0.007663504249 0.2028216495 -4.560979331e-23)
(0.03667901627 0.1847616874 5.696592577e-22)
(0.06582900505 0.1647116524 -2.766851671e-23)
(0.09327030883 0.1423127862 -2.069753473e-22)
(0.1173881849 0.1166275889 3.142174823e-23)
(0.1365452479 0.08641163526 -3.425879171e-23)
(0.1489660813 0.05017695259 -3.690558143e-23)
(0.1525268243 0.006159456561 3.20560275e-22)
(0.1449360462 -0.04796099199 6.119546468e-22)
(0.1235154122 -0.1153050524 -5.101115222e-22)
(0.0863348669 -0.2004193773 -1.616014561e-22)
(0.03199048429 -0.3067805137 1.531349393e-22)
(-0.02362152361 -0.4239835679 7.293710877e-23)
(-0.06492424928 -0.4871611122 1.913299669e-21)
(-0.02509973333 -0.3291543441 2.955000583e-21)
(-0.0200468003 0.1460727788 -4.390171716e-23)
(-0.06416411474 0.2112955615 4.417344248e-23)
(-0.05070247457 0.2177299189 1.000177845e-21)
(-0.01934129027 0.2014677819 -8.270147862e-24)
(0.02414417473 0.1809073602 0)
(0.07154060032 0.1606930853 4.363653844e-23)
(0.1190696095 0.1416493497 -2.273816452e-22)
(0.1644759322 0.1233180566 -9.027814213e-23)
(0.2062242885 0.1048116919 3.680679431e-23)
(0.242963492 0.08507144834 -1.701635164e-23)
(0.2732200002 0.06296159462 3.429932434e-23)
(0.2952529348 0.03726310324 -6.592610453e-23)
(0.306696517 0.006535253468 -9.303829627e-23)
(0.3049733343 -0.03087752165 1.517026161e-22)
(0.2863932203 -0.07786276106 0)
(0.2470564858 -0.139929934 1.505562417e-22)
(0.1810919623 -0.2266299282 2.560018088e-22)
(0.0960443073 -0.3443894369 0)
(-0.006697715637 -0.4552209601 -3.675647947e-21)
(-0.0192240983 -0.3777537017 -2.892629751e-21)
(-0.02591950115 0.2276829201 -9.514180493e-22)
(-0.0399832272 0.2238216803 -1.388966457e-22)
(0.03656134844 0.1810585109 -2.335555267e-22)
(0.1090501996 0.1451058319 -1.193727983e-22)
(0.1817189022 0.1172444383 -4.295766701e-23)
(0.2490087367 0.09627895851 9.782994723e-23)
(0.3100332295 0.08002500346 -1.408566029e-22)
(0.3646204171 0.06656808581 1.297154292e-22)
(0.4126246938 0.05449176374 -8.619992363e-23)
(0.4536244738 0.04270896688 1.132190616e-25)
(0.4867873501 0.03032303784 1.52772388e-23)
(0.5107446748 0.01652909657 7.997117295e-23)
(0.5236593643 0.0005365974479 -1.811104362e-22)
(0.5231795103 -0.01863365156 -1.617128281e-22)
(0.5052321277 -0.04286472413 -4.262841664e-23)
(0.4658713571 -0.07633227066 0)
(0.3952695402 -0.1286089254 -1.846502648e-22)
(0.2916070223 -0.220846806 8.148788705e-22)
(0.1197454606 -0.3525016867 1.631605736e-21)
(0.02670546 -0.3775497904 2.172657961e-21)
(0.2142894592 0.1347447325 9.864962697e-22)
(0.277631157 0.09870505062 0)
(0.4316592723 0.05810415558 -2.594296871e-22)
(0.5304749533 0.03846264704 -1.741643605e-22)
(0.6016965435 0.02623418129 0)
(0.6571198019 0.01831922227 -6.008972171e-23)
(0.7015212072 0.01313599778 6.377874234e-23)
(0.7376040525 0.0095421205 -1.800122358e-23)
(0.7669366208 0.006804464351 2.885922496e-23)
(0.7902104478 0.004464751211 2.3149976e-23)
(0.8074553019 0.002221332371 0)
(0.8182619735 -0.0001500592437 -2.872998593e-23)
(0.8216498559 -0.002723831753 0)
(0.8162393522 -0.005712656159 2.738093238e-23)
(0.7991332857 -0.009611375447 1.421639646e-23)
(0.767998631 -0.01500254904 -5.79945442e-23)
(0.710655582 -0.02502520277 -2.535675682e-22)
(0.6235184022 -0.0420428579 -6.918121526e-22)
(0.4230091014 -0.09182968479 0)
(0.2705674677 -0.1524021859 -2.119485775e-21)
)


// ************************************************************************* //
