/*--------------------------------*- C++ -*----------------------------------*\
  =========                 |
  \\      /  F ield         | OpenFOAM: The Open Source CFD Toolbox
   \\    /   O peration     | Website:  https://openfoam.org
    \\  /    A nd           | Version:  13
     \\/     M anipulation  |
\*---------------------------------------------------------------------------*/
FoamFile
{
    format      ascii;
    class       vectorField;
    location    "5.48";
    object      U_all;
}
// * * * * * * * * * * * * * * * * * * * * * * * * * * * * * * * * * * * * * //


400
(
(-1.032975779e-05 -2.140663169e-06 0)
(-0.0006347722372 0.0003878027889 -1.203252632e-23)
(-0.001947416302 0.0008119035765 0)
(-0.003537794348 0.001136584399 0)
(-0.005172081537 0.001318643679 2.977556869e-25)
(-0.00669660539 0.001344644425 3.742059169e-24)
(-0.008004973252 0.001220464138 6.805847522e-24)
(-0.009018478343 0.0009650306229 2.295878154e-23)
(-0.00967367893 0.0006079145145 -3.486527478e-25)
(-0.009919645802 0.0001881688422 -6.215441362e-24)
(-0.009721739492 -0.0002471269539 8.424382088e-24)
(-0.009070056576 -0.0006452864175 -8.233442301e-23)
(-0.007990250955 -0.0009530386483 -9.254523937e-23)
(-0.006553516567 -0.001124082256 -1.08573519e-22)
(-0.00488297759 -0.001128742139 6.768820644e-24)
(-0.003153029785 -0.0009641248037 -6.711172138e-24)
(-0.001577876693 -0.000661764093 -3.928440637e-22)
(-0.0003884771921 -0.0002877872829 0)
(0.0002615978719 4.118144946e-05 1.106583183e-24)
(0.0001581807953 0.00021322225 -1.284886165e-22)
(-0.0002282469033 0.0007776898554 1.074246631e-25)
(-0.002315113723 0.002938209685 1.212275912e-23)
(-0.005842256375 0.004767674626 1.068986272e-25)
(-0.01005612102 0.005915516539 -3.89276462e-25)
(-0.01438293758 0.006362984804 4.026926955e-25)
(-0.01844261907 0.006158590581 7.9150254e-25)
(-0.02195117142 0.005377551549 1.401045185e-23)
(-0.02469271771 0.004110571209 -2.234373886e-23)
(-0.02649605608 0.002466905452 1.862528036e-23)
(-0.02722858317 0.0005811828564 7.064556881e-24)
(-0.02680391234 -0.001382131606 -9.180772557e-24)
(-0.02520040679 -0.003230574532 1.523492999e-24)
(-0.02248574149 -0.004754974552 5.174717214e-23)
(-0.01883937843 -0.005752643955 -3.087103889e-24)
(-0.01456625375 -0.006061309496 6.213869107e-24)
(-0.01009219038 -0.005600822756 -1.944953966e-22)
(-0.005930472568 -0.004415934313 1.989739629e-22)
(-0.002618601106 -0.002714027842 -2.278953692e-24)
(-0.000510391422 -0.0009077278925 2.336411036e-24)
(1.625649511e-05 0.0003119198837 0)
(-0.0003380449022 0.0025393896 -2.096492407e-25)
(-0.003831595313 0.007418252944 9.078066847e-24)
(-0.009357124256 0.01104663089 -8.493428161e-24)
(-0.01589729552 0.01312950489 -5.149061894e-26)
(-0.02261370146 0.0137518076 5.058328307e-26)
(-0.02895650941 0.01307633377 3.452056787e-25)
(-0.0344971851 0.01128215269 -1.33998415e-23)
(-0.03889939599 0.008552871866 -1.307256288e-24)
(-0.04189063986 0.005091359996 -1.951344067e-23)
(-0.04325503091 0.001141429551 0)
(-0.04284506678 -0.002994779372 0)
(-0.04060857166 -0.006953105697 4.044878823e-23)
(-0.03662528111 -0.01032118683 4.291174709e-23)
(-0.03114227159 -0.01267775536 -2.876860686e-24)
(-0.02459678078 -0.01365628709 9.414389497e-23)
(-0.01761236269 -0.01303091292 1.884469171e-22)
(-0.01095085873 -0.0108138926 1.531094937e-22)
(-0.005411565345 -0.007349509381 4.257203763e-24)
(-0.001594135163 -0.003388325435 -1.933507583e-24)
(-0.0001075097872 -0.0002192873808 0)
(-0.0003901689017 0.005072246367 -2.359161123e-23)
(-0.00517067965 0.01356196706 -8.909302594e-24)
(-0.01257824493 0.01942555465 8.371748755e-24)
(-0.02132420193 0.02260922042 0)
(-0.03033106389 0.02339108123 0)
(-0.03890957345 0.02209560694 0)
(-0.04651324884 0.01902919012 -5.113585705e-25)
(-0.05270085738 0.0144774627 7.900332732e-24)
(-0.05709972951 0.008739250417 0)
(-0.05939615986 0.002170874278 5.046817309e-24)
(-0.05935126868 -0.004775975014 5.115711696e-25)
(-0.05683735163 -0.01153740297 -5.130039109e-25)
(-0.05189046069 -0.01744771054 0)
(-0.04476697136 -0.02179363235 8.522197464e-23)
(-0.03598777461 -0.02391316189 -9.127744343e-23)
(-0.02635120332 -0.02334172071 -8.504087933e-23)
(-0.01688621431 -0.01999008094 -1.549230187e-22)
(-0.008723268527 -0.01432024245 6.149429718e-25)
(-0.002838312427 -0.007464669631 -5.422937209e-23)
(-0.0002114757477 -0.001342845057 0)
(-0.0004069941482 0.008324060062 2.371909419e-23)
(-0.006401711322 0.02127582271 5.408273751e-25)
(-0.01562118949 0.02982581353 -5.284747216e-25)
(-0.02652413281 0.03431258108 0)
(-0.03782131582 0.03530181136 4.718142141e-25)
(-0.04870755779 0.03332593233 -4.652710717e-25)
(-0.05854138187 0.02883210675 1.648483646e-23)
(-0.06678973777 0.02220129399 -4.545676673e-24)
(-0.07297649048 0.01381143962 -2.081046057e-24)
(-0.07666662143 0.004114248165 -5.052694813e-24)
(-0.07748486977 -0.006295915094 0)
(-0.07516199509 -0.01664084996 1.068573822e-24)
(-0.06960958555 -0.02595378404 3.50250669e-23)
(-0.06101079123 -0.03314179607 -9.03654002e-23)
(-0.04990532774 -0.03712064978 5.213454913e-24)
(-0.03724627171 -0.03703787349 1.605723338e-22)
(-0.02438084389 -0.03256729792 -2.337426632e-24)
(-0.01290350177 -0.02421550793 0)
(-0.004367373081 -0.01352220231 3.856496771e-23)
(-0.0003084282294 -0.003164083675 -7.001469532e-23)
(-0.0004086952119 0.01225871341 9.886949748e-23)
(-0.007559948157 0.03050433933 -5.276520251e-25)
(-0.01852495282 0.04222057811 0)
(-0.03154987417 0.04826703116 0)
(-0.04516525975 0.04959090968 -6.908219394e-23)
(-0.05847819785 0.0469778346 -6.087641741e-23)
(-0.07077785081 0.04102180278 -1.825732358e-23)
(-0.08145505376 0.0321773317 -2.146373363e-24)
(-0.08992893979 0.02086301479 2.051680368e-24)
(-0.09561904144 0.00758264773 -1.590660993e-24)
(-0.09796308248 -0.006960891479 -9.66518181e-25)
(-0.0964710892 -0.02178337128 -6.064468633e-24)
(-0.09082703952 -0.03558012049 -1.123213851e-23)
(-0.08102688728 -0.04677955557 -6.1491911e-23)
(-0.06752724022 -0.05370403006 0)
(-0.05138399732 -0.05488162086 -8.043894195e-23)
(-0.03430552837 -0.04950583208 2.17537462e-24)
(-0.01851725712 -0.03796113758 0)
(-0.006435895026 -0.02220039042 1.747382037e-23)
(-0.0004313282129 -0.005895195528 2.089252349e-22)
(-0.0004035234028 0.01683983592 -9.81613823e-23)
(-0.008635032657 0.041175237 2.517903427e-22)
(-0.02124274246 0.05654304573 1.329905412e-22)
(-0.03630947571 0.06445137173 2.975473851e-24)
(-0.05222306535 0.06631981242 -5.949459989e-23)
(-0.06803910858 0.06323027423 6.451896101e-23)
(-0.08301076187 0.05592313228 -2.498808366e-24)
(-0.09647791489 0.0448909184 -9.156063772e-25)
(-0.1077652799 0.03053256952 1.250664526e-24)
(-0.1161353442 0.01333101323 1.253574514e-24)
(-0.1207985336 -0.005972557859 6.925915184e-25)
(-0.1209680374 -0.02622863367 6.631579071e-24)
(-0.1159866816 -0.04579370549 -2.400459064e-23)
(-0.1055180666 -0.06252844528 7.803817543e-23)
(-0.08977712007 -0.07396054873 -1.803084782e-24)
(-0.06979540018 -0.07767595192 0)
(-0.04761741909 -0.07199010232 0)
(-0.02625378032 -0.05682687922 4.539840142e-26)
(-0.009370027284 -0.03446967779 -4.637968336e-26)
(-0.0006126395102 -0.009908894773 7.83898404e-23)
(-0.0003916660913 0.02200948114 0)
(-0.009578037447 0.05316038838 1.679059882e-22)
(-0.02364726095 0.07264188031 7.494327034e-23)
(-0.0405680129 0.08273687102 0)
(-0.05862788691 0.08542679767 1.256769961e-22)
(-0.07687296098 0.0821333798 0)
(-0.09456260954 0.07374088003 -1.034981783e-22)
(-0.111025251 0.06073661315 4.445315833e-24)
(-0.125523099 0.04342381092 0)
(-0.1371790564 0.022165791 0)
(-0.1449636327 -0.002365475521 -5.901337823e-25)
(-0.14775237 -0.0289519985 -1.225515931e-25)
(-0.1444555215 -0.05566336678 4.241072146e-23)
(-0.1342419032 -0.07975679481 -3.465557803e-23)
(-0.1168679069 -0.09778080392 5.606214336e-25)
(-0.09309920787 -0.1059922131 -1.458625542e-24)
(-0.06514268007 -0.1012434911 1.481615755e-24)
(-0.03683975691 -0.08237078697 0)
(-0.01355590123 -0.05166335162 1.365719685e-24)
(-0.0008892392885 -0.01577308854 -5.187579022e-22)
(-0.0003723514418 0.02767387045 0)
(-0.01032456226 0.06624584621 -1.01026956e-22)
(-0.02556349347 0.09023698781 -5.297994306e-22)
(-0.04398706998 0.1028208025 -3.145391316e-22)
(-0.06382352753 0.106631607 0)
(-0.08415233132 0.1034801296 3.22339292e-22)
(-0.1042877142 0.09439830123 9.132378469e-23)
(-0.1236014131 0.07982893016 -3.831096419e-24)
(-0.1413528335 0.05990161609 3.812137016e-24)
(-0.1565854658 0.03474888141 0)
(-0.1680816345 0.004836151885 1.89077817e-23)
(-0.1744002846 -0.02871060514 2.469043237e-24)
(-0.1739868521 -0.06380197523 -4.421509818e-23)
(-0.1653943216 -0.09716658327 2.064609434e-23)
(-0.1476750884 -0.124290157 -9.451370279e-23)
(-0.120962678 -0.1397370603 0)
(-0.08722045741 -0.1381511411 0)
(-0.05089660212 -0.1162395985 0)
(-0.01943299972 -0.07545691333 0)
(-0.001312028933 -0.02428787186 2.9965635e-22)
(-0.0003502423532 0.03370462823 0)
(-0.01083076161 0.08012664711 -3.003646228e-22)
(-0.02683186131 0.1088948748 7.635391395e-22)
(-0.04620985225 0.1241724743 3.028572342e-22)
(-0.06716486481 0.1293442121 0)
(-0.08884919516 0.1266712714 -3.026244733e-22)
(-0.1106825617 0.1173535759 -2.419809447e-23)
(-0.1321468373 0.1017696777 2.521304896e-22)
(-0.1525863274 0.07981661207 1.308498921e-22)
(-0.1710753418 0.05129556531 -2.954480282e-23)
(-0.1863400428 0.01631849966 1.367702033e-23)
(-0.1967408415 -0.02427363715 -5.297408431e-24)
(-0.2003397055 -0.06846509911 2.283814917e-22)
(-0.1950635372 -0.1126932513 0)
(-0.1790657072 -0.1515062391 9.455928209e-23)
(-0.1514121135 -0.1775977924 1.303746879e-24)
(-0.1131548638 -0.1826454319 -1.323213772e-24)
(-0.06866608328 -0.1597349655 1.24137849e-23)
(-0.02746056139 -0.1077402362 -1.254827274e-24)
(-0.001959642302 -0.03652269793 0)
(-0.0003438459822 0.03996730015 0)
(-0.01112735696 0.09443917084 0)
(-0.02740443208 0.1280394011 -4.298268474e-22)
(-0.04699646181 0.1460105857 -1.601482322e-23)
(-0.06809176247 0.1526033688 1.664982566e-23)
(-0.08995273609 0.1506099017 -1.645321908e-23)
(-0.1121547467 0.1414437625 -1.800533568e-23)
(-0.1343624186 0.1254342727 -2.285650191e-22)
(-0.1561123212 0.1022298969 5.817511354e-23)
(-0.1766620194 0.07124351562 3.274704909e-23)
(-0.1948794262 0.03211730219 -3.264515139e-23)
(-0.2091567992 -0.01478869826 0)
(-0.217415391 -0.0678710071 -3.482305926e-23)
(-0.2171229926 -0.1236579666 0)
(-0.2055060781 -0.1761976981 -2.593641404e-22)
(-0.1802039044 -0.2165307527 3.250093174e-22)
(-0.1405303292 -0.2329083725 0)
(-0.08954388301 -0.2130648806 -1.117513786e-23)
(-0.0380117558 -0.150287902 4.774811468e-23)
(-0.002957928379 -0.05383711656 -1.9430519e-22)
(-0.0003994345393 0.04638947877 0)
(-0.01139630295 0.1088445763 8.014986786e-22)
(-0.02747185463 0.1470095967 -2.114585452e-23)
(-0.04639924468 0.1673271114 7.947961624e-22)
(-0.06636063829 0.1750711678 -2.134143542e-23)
(-0.08677858836 0.1736693609 2.321832659e-23)
(-0.1074393705 0.1648208699 -2.300636308e-23)
(-0.1282631503 0.1488611525 -1.318972168e-23)
(-0.1490872133 0.125231989 -4.177182814e-22)
(-0.1695152136 0.09297197531 -7.020573922e-24)
(-0.1887889282 0.05120674989 7.57355121e-24)
(-0.2056683817 -0.0003415323473 2.692107358e-22)
(-0.2182802921 -0.06079149463 -4.571641256e-22)
(-0.2239988351 -0.1273100641 0)
(-0.2194213695 -0.1941941893 6.649064433e-22)
(-0.2006856647 -0.2516137848 -3.065918228e-22)
(-0.1646587531 -0.284649179 -9.696889893e-24)
(-0.1114539769 -0.2743120854 0)
(-0.05112916221 -0.2041056336 -4.546992085e-23)
(-0.00450371799 -0.07784317458 1.917364485e-22)
(-0.0006170938454 0.05308762098 1.356387387e-23)
(-0.01207802941 0.123173503 -7.649819563e-22)
(-0.0276098576 0.1651672259 -1.024999917e-21)
(-0.04494287803 0.1869627342 -7.46074333e-22)
(-0.06227261621 0.1951008314 0)
(-0.07928236253 0.1937722346 2.954499311e-23)
(-0.09604948985 0.1850460354 -6.094979895e-23)
(-0.1128241204 0.1693457647 4.861746934e-23)
(-0.1298342882 0.1459993415 2.440899134e-22)
(-0.1471627336 0.1137623092 -9.285780131e-24)
(-0.1646270306 0.07129558311 0)
(-0.1816376348 0.01764013082 -2.919659156e-22)
(-0.1969617704 -0.04724884937 6.288239057e-22)
(-0.2084389531 -0.1217381672 7.561040184e-22)
(-0.212628594 -0.2013116085 -4.144202938e-22)
(-0.2046088357 -0.2766292194 4.209400379e-22)
(-0.1786211636 -0.3309316314 5.612073841e-24)
(-0.1303003563 -0.3384146492 -5.702235121e-24)
(-0.0660811086 -0.2683742401 -2.093075413e-22)
(-0.006877024338 -0.1102332301 0)
(-0.001200207384 0.06057774649 -1.698890771e-23)
(-0.01402077021 0.1376118079 -1.195705243e-21)
(-0.02891596772 0.1820024397 9.699381708e-22)
(-0.04373168461 0.2036750587 6.050149422e-22)
(-0.05676708085 0.2108274964 5.36398377e-22)
(-0.06818161518 0.208545891 5.854457028e-22)
(-0.07847991962 0.1993278963 -3.817775974e-23)
(-0.08832605316 0.1837530605 -3.001344269e-22)
(-0.09839514282 0.1611416205 1.862007551e-22)
(-0.1093093295 0.1301063352 0)
(-0.1215555838 0.0889881248 0)
(-0.1353664359 0.03625634009 2.354671044e-22)
(-0.1504764286 -0.02909368108 9.060678269e-23)
(-0.1657499097 -0.1069323003 -2.191365495e-22)
(-0.1785530816 -0.1947977338 -4.747890691e-23)
(-0.1839270091 -0.2855392224 1.462971009e-22)
(-0.1742358218 -0.3630374189 -2.702917289e-22)
(-0.1398913783 -0.3967652571 -7.223014982e-23)
(-0.08074569551 -0.3391125025 2.090213938e-22)
(-0.01040292164 -0.1523976026 -6.832718031e-22)
(-0.002561015511 0.07014947677 0)
(-0.01868261885 0.1529467809 1.947605369e-21)
(-0.0330419789 0.1972236698 0)
(-0.04428754142 0.2161725128 -1.22994511e-21)
(-0.051094375 0.2202411902 7.035561603e-23)
(-0.05451425114 0.2154913304 -5.454445898e-22)
(-0.05569581644 0.204814566 -4.241497355e-22)
(-0.05581328905 0.1889370903 7.282457235e-22)
(-0.05600279848 0.1672309851 -1.628252461e-22)
(-0.05739830059 0.1382986901 0)
(-0.06111022129 0.1003342821 0)
(-0.0681709601 0.05147276591 2.893490016e-23)
(-0.07937970359 -0.01001619726 -5.393450379e-22)
(-0.09497806215 -0.0854265501 -3.873715569e-22)
(-0.1139533186 -0.174731763 4.354927588e-22)
(-0.1327163419 -0.2744743758 -5.712605433e-22)
(-0.1436178606 -0.3724023563 5.931043096e-23)
(-0.1324937711 -0.4379900952 8.826660259e-23)
(-0.09101618413 -0.4079765104 5.907028868e-22)
(-0.01531947903 -0.2046803411 6.819841224e-22)
(-0.005442709513 0.08431915715 0)
(-0.02825324058 0.1703791819 1.535517393e-22)
(-0.04173774643 0.2102179691 -4.572504903e-23)
(-0.04753241468 0.2225395078 7.031699228e-22)
(-0.04533422491 0.220756126 -6.396874599e-22)
(-0.03779769038 0.2117546562 4.31598867e-23)
(-0.0269999732 0.1985756896 -9.988399352e-23)
(-0.01470476856 0.1819293241 -2.99954387e-22)
(-0.002457643287 0.1611985929 1.866732115e-22)
(0.008197633597 0.1350146591 0)
(0.01568726639 0.1016146871 0)
(0.01838307367 0.05904917705 -2.649610472e-22)
(0.01455272509 0.005269984926 0)
(0.002612820394 -0.0619080537 -5.275286446e-22)
(-0.01844725645 -0.144493618 -9.846195514e-25)
(-0.04766856788 -0.2432928114 2.411188148e-23)
(-0.08016061745 -0.3529317391 1.84489185e-22)
(-0.09939923268 -0.449693088 5.95555046e-24)
(-0.09028701796 -0.4617097324 -6.062534388e-22)
(-0.02126657093 -0.2647248169 0)
(-0.0112551451 0.1084927156 0)
(-0.04493237853 0.1918415577 -8.30009552e-22)
(-0.05400098174 0.2197125043 -5.201300081e-22)
(-0.04935964087 0.2197322511 4.374453086e-22)
(-0.03299846657 0.2087807086 -1.988946954e-24)
(-0.01012680748 0.1938486676 -4.297543192e-23)
(0.01609378367 0.1774724802 5.238558513e-22)
(0.043405505 0.159964136 -2.525155716e-23)
(0.07003199028 0.1405300153 -1.868730457e-22)
(0.09428639998 0.1177971956 2.887956586e-23)
(0.1143915127 0.09014308206 -3.179534007e-23)
(0.1283711016 0.055758669 -3.486133824e-23)
(0.1338877746 0.0126952425 3.057414467e-22)
(0.1284082825 -0.0414032622 5.866063536e-22)
(0.10913676 -0.1094793118 -4.940823354e-22)
(0.07406590338 -0.195704635 -1.65550825e-22)
(0.02259473816 -0.302901983 1.450241255e-22)
(-0.03008184908 -0.4202118568 7.207128733e-23)
(-0.06832849609 -0.4828563888 1.894089816e-21)
(-0.02549418551 -0.3258556896 2.931689595e-21)
(-0.01995478252 0.1469316996 -4.259005858e-23)
(-0.06524247468 0.2108951574 4.285380757e-23)
(-0.05421346326 0.2151493654 9.717938867e-22)
(-0.02605891213 0.1969389669 -3.28777559e-25)
(0.01395247662 0.175306248 0)
(0.05805967391 0.155020011 4.13930486e-23)
(0.1028487314 0.1367911603 -2.125309301e-22)
(0.1463342876 0.119950047 -8.379288613e-23)
(0.1871201908 0.1033215105 3.392084055e-23)
(0.2238635651 0.08554105182 -1.560105358e-23)
(0.2549951686 0.06519039077 3.183296289e-23)
(0.2785886241 0.04080611324 -6.224075906e-23)
(0.2920675012 0.01081007355 -8.765857309e-23)
(0.2925492192 -0.0265895827 1.484588535e-22)
(0.2761385174 -0.07414322192 0)
(0.2387475516 -0.1371597065 1.558545967e-22)
(0.1746563847 -0.2246967053 2.479265242e-22)
(0.09142113306 -0.3432053328 0)
(-0.009241366947 -0.4537107476 -3.638027552e-21)
(-0.01961112795 -0.3763642405 -2.869763653e-21)
(-0.02566866094 0.2285554264 -9.442619984e-22)
(-0.03952551399 0.2244780698 -1.366632692e-22)
(0.03624606132 0.1806338754 -2.268598305e-22)
(0.1069470176 0.1435322522 -1.148248427e-22)
(0.1772149388 0.1148979268 -4.254809603e-23)
(0.2418713629 0.0936699726 9.475630829e-23)
(0.3004543524 0.07765411537 -1.335981483e-22)
(0.3531322445 0.06483653591 1.208283815e-22)
(0.3999841372 0.05365138458 -7.945369906e-23)
(0.4406880524 0.04284278083 1.227715793e-25)
(0.4743870703 0.03134983836 1.433659307e-23)
(0.4996094409 0.01822433545 7.551655307e-23)
(0.5142261657 0.002571021985 -1.740248126e-22)
(0.5156439533 -0.01660852415 -1.581438138e-22)
(0.499610104 -0.04117193844 -4.256703322e-23)
(0.461854638 -0.07520915882 0)
(0.3924706256 -0.1280817569 -1.75124849e-22)
(0.2896478152 -0.2207856871 8.035474677e-22)
(0.1184995581 -0.3524063904 1.614473475e-21)
(0.02639500612 -0.3773691691 2.163729519e-21)
(0.2145475552 0.1349981267 9.786063506e-22)
(0.2784646361 0.09904665863 0)
(0.4326345538 0.05827382572 -2.564013219e-22)
(0.5309593339 0.03842310557 -1.732044994e-22)
(0.6011312909 0.02603408525 0)
(0.6552073551 0.01804642903 -5.850887496e-23)
(0.6982658386 0.01288285622 6.044460343e-23)
(0.7332641571 0.009383785357 -1.658898062e-23)
(0.7619451867 0.006786373439 2.660453107e-23)
(0.7850811367 0.004598338338 2.131744055e-23)
(0.8026909667 0.002482713244 0)
(0.8142631474 0.0001928828042 -2.70541668e-23)
(0.8186782592 -0.002407186835 0)
(0.8143838438 -0.005436304967 2.664484992e-23)
(0.7982506188 -0.009424252307 1.489731467e-23)
(0.7677993946 -0.01493909313 -5.668898557e-23)
(0.7107894295 -0.02506723323 -2.475719188e-22)
(0.6236665927 -0.04215095319 -6.828954224e-22)
(0.4230059674 -0.09193350729 0)
(0.2705415903 -0.1524533288 -2.110775122e-21)
)


// ************************************************************************* //
