/*--------------------------------*- C++ -*----------------------------------*\
  =========                 |
  \\      /  F ield         | OpenFOAM: The Open Source CFD Toolbox
   \\    /   O peration     | Website:  https://openfoam.org
    \\  /    A nd           | Version:  13
     \\/     M anipulation  |
\*---------------------------------------------------------------------------*/
FoamFile
{
    format      ascii;
    class       vectorField;
    location    "34.65";
    object      U_all;
}
// * * * * * * * * * * * * * * * * * * * * * * * * * * * * * * * * * * * * * //


400
(
(1.098901751e-05 -3.784355098e-05 0)
(-0.0006661132132 0.000413040301 -1.5501867e-23)
(-0.002185378932 0.0009203928452 0)
(-0.004047833092 0.001312779927 0)
(-0.005971865777 0.001535064806 6.844004779e-25)
(-0.007762778805 0.001569846874 4.151310085e-24)
(-0.009284539398 0.00142356266 -7.368768605e-24)
(-0.01043593471 0.00111972252 7.535556117e-24)
(-0.0111368074 0.0006960822005 -2.095758946e-25)
(-0.01132710487 0.0002030777573 -3.995211674e-24)
(-0.01097176677 -0.0003002330054 5.804226818e-24)
(-0.01007232302 -0.0007475156319 -5.930077538e-23)
(-0.008679876345 -0.001075561968 -6.553201364e-23)
(-0.006902850645 -0.001233043802 -7.784811064e-23)
(-0.004910737261 -0.001192638183 4.573890269e-24)
(-0.002927232556 -0.0009619203873 -4.138240966e-24)
(-0.001205300912 -0.000591211895 -1.998960391e-22)
(-1.907057328e-05 -0.0001698832641 0)
(0.0005181522513 0.0001720853984 1.51041811e-25)
(0.0002227507834 0.0003059786908 -2.563382813e-24)
(-0.0002633709545 0.0008289529402 1.383868198e-25)
(-0.002703312671 0.003383832318 1.55996401e-23)
(-0.00690727759 0.005604492628 1.553621393e-25)
(-0.01195231456 0.007008199458 -8.492363402e-25)
(-0.01713503362 0.007553768764 1.161682111e-24)
(-0.02197533899 0.007294193716 1.30637853e-23)
(-0.02611074196 0.006321889823 1.393521006e-24)
(-0.02926562615 0.004754190416 -7.287134783e-24)
(-0.03122670795 0.002737150788 1.015512979e-23)
(-0.03184198808 0.0004524066215 4.510642595e-24)
(-0.03102759435 -0.001884142039 -6.319549416e-24)
(-0.02879314895 -0.00402302534 2.961774572e-24)
(-0.02527136994 -0.005708349455 3.895810028e-23)
(-0.02073193931 -0.006707404452 -1.954933872e-24)
(-0.01558962107 -0.006854135999 3.754813534e-24)
(-0.01038513241 -0.006097461867 -9.742113175e-23)
(-0.005730273276 -0.004546186063 9.638755282e-23)
(-0.002233369231 -0.002507420089 -3.962943082e-25)
(-0.0001817776074 -0.0005023739387 4.062888899e-25)
(8.343447764e-05 0.0006099245781 0)
(-0.0004188251097 0.002935071761 -2.911295679e-25)
(-0.004647876442 0.008804002426 1.70321863e-23)
(-0.01137195599 0.0132404083 -8.272541387e-24)
(-0.01932727902 0.01579202456 -2.073813894e-25)
(-0.02747409694 0.01652998456 2.037305214e-25)
(-0.03511776081 0.01564440299 6.975214902e-27)
(-0.04171341496 0.01335996539 -1.225845677e-24)
(-0.04683568035 0.009919764336 -4.55469638e-25)
(-0.05014985101 0.005602430805 -1.063344981e-23)
(-0.0514122814 0.0007444223397 0)
(-0.05047789734 -0.004241774777 0)
(-0.04733703161 -0.008887178116 2.671265253e-23)
(-0.04215925317 -0.01268175836 2.813267942e-23)
(-0.03531435442 -0.01513603998 -1.646330717e-24)
(-0.02738994917 -0.01586188476 4.846435454e-23)
(-0.01917005151 -0.01467333333 9.420382685e-23)
(-0.01156090485 -0.01169359891 3.976856129e-23)
(-0.005465412362 -0.007450741717 4.145533403e-25)
(-0.001451101108 -0.00293604478 1.071911164e-25)
(-9.072792845e-05 0.0002258753056 0)
(-0.0005024637385 0.006045341682 -4.249993195e-23)
(-0.006402737297 0.01637073658 -1.693440293e-23)
(-0.01553501422 0.02355931046 8.199391674e-24)
(-0.02627910085 0.02744159866 0)
(-0.03728743787 0.0283209953 0)
(-0.04769033595 0.02658770239 0)
(-0.05679658409 0.0226311857 -4.483065479e-26)
(-0.06405378925 0.01683608173 -2.133980385e-24)
(-0.06901076177 0.009622179748 0)
(-0.07130822588 0.001491053271 1.636082984e-24)
(-0.07070848499 -0.006936494056 2.80316612e-25)
(-0.06713034865 -0.01493017322 -2.811014922e-25)
(-0.06069901698 -0.02166726278 0)
(-0.05180747389 -0.02631603738 4.133802328e-23)
(-0.04114989357 -0.02816068958 -4.682131526e-23)
(-0.02971968721 -0.02677370646 -2.762537572e-23)
(-0.0187371589 -0.02221529431 -3.962019735e-23)
(-0.009488025686 -0.01521921666 7.795952951e-25)
(-0.002976880257 -0.007298194303 9.789169478e-23)
(-0.0002318802316 -0.0008661694503 0)
(-0.0005316130841 0.01009500503 4.270660888e-23)
(-0.007983587197 0.02595216863 4.783592623e-25)
(-0.01939685973 0.03642879189 -4.674336485e-25)
(-0.03282379821 0.04185516714 0)
(-0.0466468522 0.04289481364 7.781149809e-25)
(-0.05985224837 0.04020070678 -7.673261565e-25)
(-0.07163285694 0.03434739096 3.671744594e-23)
(-0.08132744956 0.02585662472 1.847655957e-23)
(-0.08836594449 0.01527297781 6.237413447e-24)
(-0.09225462859 0.003246151932 -1.637989046e-24)
(-0.09260373325 -0.009407817787 0)
(-0.08917549518 -0.02167475748 4.371426938e-25)
(-0.08195973955 -0.03236742223 1.00927908e-23)
(-0.07126881023 -0.04021247057 -4.349868067e-23)
(-0.05782015402 -0.04402043347 1.933245501e-24)
(-0.04278580585 -0.04294826791 4.218423515e-23)
(-0.02775448907 -0.03683345036 -3.843620182e-25)
(-0.01455061652 -0.02652719888 0)
(-0.004859460731 -0.0140845415 5.436545794e-23)
(-0.0003641484008 -0.002846954051 -2.564957514e-22)
(-0.0005272208049 0.01499926232 9.840327034e-23)
(-0.009377918127 0.03739018658 -4.906847292e-25)
(-0.02288180973 0.05170218108 0)
(-0.03883040462 0.05894177749 0)
(-0.05538652443 0.06025569406 -8.73156574e-23)
(-0.07142871193 0.05661896503 -8.498542659e-23)
(-0.08606647727 0.04880165245 -4.066946549e-23)
(-0.09855078886 0.0374397827 -1.504100709e-23)
(-0.1081944559 0.02315983132 -5.367622594e-24)
(-0.1143443963 0.006709685223 -8.174297928e-24)
(-0.1164045457 -0.01093290227 6.600398074e-24)
(-0.1138936689 -0.02848941992 8.825389484e-24)
(-0.1065486336 -0.04437042383 -1.892318734e-23)
(-0.09446798509 -0.05675329456 4.602180179e-24)
(-0.07826852452 -0.06378294357 0)
(-0.0592289218 -0.06393491559 -1.573473107e-23)
(-0.03933979816 -0.05653813253 -2.410566263e-26)
(-0.02114187731 -0.04235807175 0)
(-0.007318699179 -0.0239822857 -1.520526329e-22)
(-0.0005216161976 -0.005925544302 6.056027389e-22)
(-0.0004990818745 0.02064572619 -9.773290382e-23)
(-0.0105295022 0.05045433494 2.831863469e-22)
(-0.02582955575 0.06912505468 1.526802859e-22)
(-0.04402135138 0.07849251109 3.619108823e-24)
(-0.06310734696 0.08029469833 -7.319335227e-23)
(-0.081903994 0.07588037156 9.042962809e-23)
(-0.09947756982 0.06621686198 -3.590041079e-24)
(-0.1150226631 0.05201692129 -1.729081413e-24)
(-0.1277518385 0.03392357292 2.524028666e-24)
(-0.1368471785 0.01270233774 7.381975879e-24)
(-0.1414709711 -0.01058780053 -6.500186689e-24)
(-0.1408247402 -0.03446020636 -9.786684258e-24)
(-0.1342745248 -0.05692766854 -3.261754357e-23)
(-0.1215449606 -0.07553310677 -3.660635257e-23)
(-0.1029672133 -0.08754254844 5.644224838e-25)
(-0.07976365917 -0.09039204322 0)
(-0.05426679809 -0.0824450932 0)
(-0.02987159474 -0.06397733784 -2.905878999e-24)
(-0.01066284613 -0.03798793164 2.970324112e-24)
(-0.0007350931501 -0.01050089197 1.027871841e-22)
(-0.0004479163151 0.02687248759 0)
(-0.01134922528 0.06480751874 2.001981068e-22)
(-0.02801597949 0.08829609729 8.962065672e-23)
(-0.04799854396 0.1001234128 0)
(-0.06920597817 0.1027075763 1.569829584e-22)
(-0.09044367888 0.09781571724 0)
(-0.1107831056 0.08661097644 -1.428359308e-22)
(-0.1294093066 0.06983946801 6.515387835e-24)
(-0.145477089 0.04808230651 0)
(-0.1580351042 0.02201756083 0)
(-0.166013268 -0.007334414926 -1.374368419e-24)
(-0.1682670801 -0.03838835486 -9.316362297e-25)
(-0.1637063984 -0.06883970184 1.491925223e-22)
(-0.1515208116 -0.09558269104 -4.704641505e-23)
(-0.1315134002 -0.1148297951 -2.560801999e-24)
(-0.1045595639 -0.1225702726 1.534554971e-24)
(-0.07309346822 -0.1155517373 -1.558761477e-24)
(-0.04135019721 -0.09283111197 0)
(-0.01525229595 -0.05740765198 3.203718216e-24)
(-0.001044308407 -0.01714713869 -1.01288988e-21)
(-0.0003744665405 0.03346301768 0)
(-0.01175005531 0.07998912258 -1.128232986e-22)
(-0.02920706568 0.1086390086 -6.191036905e-22)
(-0.05031742658 0.1232233058 -3.755251232e-22)
(-0.07296314048 0.1269096133 0)
(-0.09598955854 0.1219254851 4.119399652e-22)
(-0.1185272971 0.1096348024 1.26089936e-22)
(-0.1398145849 0.09078241734 -5.581746818e-24)
(-0.1590220941 0.06581391261 5.554120171e-24)
(-0.1751460372 0.0352088147 0)
(-0.1869559346 -0.0001967215606 2.912094528e-23)
(-0.1930172017 -0.03889749794 4.695752386e-24)
(-0.1917809304 -0.07843882321 -1.07678076e-22)
(-0.1817873867 -0.1151864634 8.003939529e-23)
(-0.1620569927 -0.1442598652 -2.419689985e-22)
(-0.1327061578 -0.1598547815 0)
(-0.09577885011 -0.156311215 0)
(-0.05601631129 -0.130298051 0)
(-0.02147858341 -0.08381131648 0)
(-0.001500383811 -0.02665515286 5.571995783e-22)
(-0.0002873903276 0.04016074774 0)
(-0.01169359362 0.09543604498 -3.492960946e-22)
(-0.02924437513 0.1294072696 8.932687296e-22)
(-0.05060945821 0.1469298154 3.61712529e-22)
(-0.07370080452 0.1519747694 0)
(-0.09745148264 0.1472757104 -3.862500938e-22)
(-0.1211069497 0.1344191276 -3.174394893e-23)
(-0.1440324409 0.1141392866 3.333075298e-22)
(-0.1655142837 0.08670004474 1.769459695e-22)
(-0.1846248113 0.05229123753 -4.060119641e-23)
(-0.2001325399 0.01141718734 1.656820504e-23)
(-0.2104622031 -0.0347141954 -8.265157687e-24)
(-0.2137208118 -0.08376557238 3.371827968e-22)
(-0.2078215096 -0.1318755572 0)
(-0.1908238151 -0.1732755269 2.420858984e-22)
(-0.1616335391 -0.2002592496 5.774597992e-24)
(-0.1211662409 -0.204012086 -5.860714335e-24)
(-0.07384987918 -0.1772119257 1.548386749e-22)
(-0.02971785979 -0.1188641875 -5.435271974e-24)
(-0.002179544258 -0.04005397271 0)
(-0.0002117206003 0.04671637006 0)
(-0.01125001159 0.1105497405 0)
(-0.02815624411 0.149735404 -5.022702495e-22)
(-0.04874478995 0.1701516552 -1.880980502e-23)
(-0.07100086003 0.1766256132 2.03836098e-23)
(-0.09399450562 0.1724525626 -2.014293686e-23)
(-0.1171434186 0.1594870295 -2.316865422e-23)
(-0.1400179381 0.138480462 -3.029796477e-22)
(-0.1621328769 0.1095160497 6.698611775e-23)
(-0.1827958921 0.07245187202 4.513140892e-23)
(-0.2009835447 0.02734931335 -4.577683473e-23)
(-0.2152270153 -0.02508693267 0)
(-0.223556209 -0.08298345178 -7.839539718e-23)
(-0.2234632053 -0.1427256576 0)
(-0.2120679261 -0.1981820025 -3.739530681e-22)
(-0.1867434358 -0.2400772785 5.244893185e-22)
(-0.1464438116 -0.2560772514 0)
(-0.09394566241 -0.2331208723 -1.493934734e-22)
(-0.04022000205 -0.163961312 1.937488736e-22)
(-0.003201099354 -0.05861061215 -3.41146842e-22)
(-0.0002015418694 0.05297582248 0)
(-0.01067262306 0.1248171689 9.182809012e-22)
(-0.02628447444 0.1687423636 -2.440667465e-23)
(-0.04501108808 0.1916454102 9.193281227e-22)
(-0.06494598648 0.1992920051 -2.512069183e-23)
(-0.08536629819 0.1956103448 2.838826589e-23)
(-0.1059305794 0.1827886171 -2.812912809e-23)
(-0.1264924356 0.1616583069 -1.660908847e-23)
(-0.1468997041 0.1321762103 -5.260201162e-22)
(-0.1668458376 0.09389646993 -8.906582201e-24)
(-0.1857303259 0.04640578752 9.660148815e-24)
(-0.2024781924 -0.01023780524 3.313064172e-22)
(-0.2154154832 -0.07499814662 -5.820710986e-22)
(-0.2220209889 -0.1450311156 0)
(-0.218803221 -0.2146759843 8.887264263e-22)
(-0.2016257554 -0.2740015581 -4.940829508e-22)
(-0.1668639155 -0.3075811092 -1.57220443e-23)
(-0.1140220022 -0.2953811111 0)
(-0.05288481444 -0.2195801982 -1.890123467e-22)
(-0.004749187309 -0.08377275625 3.360527254e-22)
(-0.0003641996761 0.05902315245 1.551001209e-23)
(-0.01049574717 0.1379880864 -8.764139466e-22)
(-0.02441391106 0.1856803223 -1.157053063e-21)
(-0.04026726726 0.2101383776 -8.628933661e-22)
(-0.05630732531 0.2182347967 0)
(-0.07214860022 0.2146189457 3.513787922e-23)
(-0.087792256 0.2018791339 -7.294831702e-23)
(-0.1034563238 0.1810005224 5.867858158e-23)
(-0.1193984365 0.1518997091 3.021352713e-22)
(-0.1357932076 0.1139150636 -1.128191219e-23)
(-0.1526082874 0.06621427483 0)
(-0.1694521931 0.008177243359 -3.603914806e-22)
(-0.1852761129 -0.06015982608 7.51564065e-22)
(-0.1980448993 -0.1372746423 8.831673174e-22)
(-0.2043546651 -0.2189261234 -5.296597663e-22)
(-0.1990977882 -0.2959712201 5.162660713e-22)
(-0.1760605474 -0.3514071833 1.078214536e-23)
(-0.1300890669 -0.3584150041 -1.095529281e-23)
(-0.06688803123 -0.2843275909 -8.215927464e-23)
(-0.007083319315 -0.1169964158 0)
(-0.0009095788749 0.06540039528 -1.911477743e-23)
(-0.01167592777 0.150281587 -1.326959842e-21)
(-0.02388884327 0.2000658792 1.094231811e-21)
(-0.03601343857 0.2244216101 6.734900113e-22)
(-0.04657313233 0.2316587402 6.014605538e-22)
(-0.05577043899 0.2272392975 6.643929067e-22)
(-0.06411251901 0.214177434 -4.458660023e-23)
(-0.0722756842 0.1936494064 -3.461324922e-22)
(-0.08096980211 0.1656028218 2.152155406e-22)
(-0.09087199907 0.1292707455 0)
(-0.1025548227 0.08353085085 0)
(-0.1163622925 0.02720014502 2.65538979e-22)
(-0.1321590298 -0.04062001511 8.194331379e-23)
(-0.1489252998 -0.1200127817 -2.821610092e-22)
(-0.1641284868 -0.2089300172 -5.411253616e-23)
(-0.1727878078 -0.3006991956 1.30195111e-22)
(-0.1670311613 -0.3793328509 -3.400474355e-22)
(-0.1365292592 -0.4136451354 -1.594138438e-23)
(-0.08018250471 -0.3538325657 8.204699308e-23)
(-0.01050762277 -0.1594130306 -6.032219709e-22)
(-0.002260499717 0.07348882122 0)
(-0.0158035691 0.1626521358 2.145865846e-21)
(-0.02665045347 0.211790412 0)
(-0.03422343924 0.2333946555 -1.351802262e-21)
(-0.03759404222 0.2377766119 6.184054386e-23)
(-0.03799692165 0.2312552914 -6.193068436e-22)
(-0.03668273726 0.2171898561 -4.756266757e-22)
(-0.03489044817 0.1968934242 8.301225969e-22)
(-0.03378846796 0.1703342327 -1.885691865e-22)
(-0.03449885467 0.1367221196 0)
(-0.03811581675 0.0947967621 0)
(-0.0456500113 0.04304290098 2.410618392e-23)
(-0.05790812575 -0.02013777242 -6.007182509e-22)
(-0.07514606196 -0.09620646149 -4.309554552e-22)
(-0.09645181768 -0.1855555775 4.637848967e-22)
(-0.1183463176 -0.2853567378 -6.48870514e-22)
(-0.1332715797 -0.383838612 9.119916951e-23)
(-0.1265351233 -0.4504358274 2.937641396e-23)
(-0.0889915493 -0.4198535942 5.660472012e-22)
(-0.0152691798 -0.2111719492 6.020852338e-22)
(-0.005180900677 0.08598045246 0)
(-0.02525551996 0.1766290921 1.465579758e-22)
(-0.03483410926 0.220596111 -4.917126392e-23)
(-0.03640018567 0.2354858806 7.642900009e-22)
(-0.03018489364 0.23434062 -7.00534936e-22)
(-0.01916587108 0.22416034 4.74646297e-23)
(-0.005615236116 0.2083525488 -1.018606444e-22)
(0.008569515925 0.1881240889 -3.38987709e-22)
(0.0217987668 0.1633911234 2.062816632e-22)
(0.03262772071 0.1333242844 0)
(0.03958449494 0.0966408846 0)
(0.04117004729 0.05174059457 -2.902660646e-22)
(0.03578475899 -0.003255364845 0)
(0.02198177463 -0.07058357579 -5.512173701e-22)
(-0.001264909936 -0.1525735209 -1.492371502e-23)
(-0.03310475265 -0.250594958 2.559723743e-23)
(-0.06909240123 -0.3599341256 2.203114259e-22)
(-0.09227829824 -0.4575424271 4.788265921e-24)
(-0.08718091069 -0.4698129128 -5.789442324e-22)
(-0.02103127268 -0.269897211 0)
(-0.01111631616 0.1085974966 0)
(-0.04248902911 0.1947151545 -8.848451506e-22)
(-0.04795531494 0.2258195242 -5.411023811e-22)
(-0.03919540214 0.2282135194 4.543801003e-22)
(-0.01877836202 0.2182327747 -1.70998421e-24)
(0.007664240831 0.2028220003 -4.561032168e-23)
(0.03667985099 0.1847619503 5.69666087e-22)
(0.06582989704 0.1647118057 -2.766881657e-23)
(0.09327121827 0.1423128144 -2.069775496e-22)
(0.1173890721 0.1166275019 3.142204814e-23)
(0.136546085 0.08641145615 -3.42590852e-23)
(0.1489668497 0.05017671356 -3.690585633e-23)
(0.1525275091 0.006159192738 3.205625996e-22)
(0.1449366429 -0.04796124536 6.119591211e-22)
(0.1235159269 -0.1153052694 -5.101156711e-22)
(0.0863352912 -0.2004195479 -1.616045258e-22)
(0.03199085512 -0.3067806458 1.53132096e-22)
(-0.02362125859 -0.423983701 7.293670244e-23)
(-0.06492414152 -0.4871612635 1.913294183e-21)
(-0.02509971854 -0.3291544624 2.954994372e-21)
(-0.02004680441 0.1460727435 -4.390198828e-23)
(-0.06416406717 0.211295583 4.417371525e-23)
(-0.0507023207 0.2177300361 1.000185807e-21)
(-0.01934100175 0.2014679789 -8.2705089e-24)
(0.02414460688 0.1809075948 0)
(0.07154116487 0.1606933124 4.363705117e-23)
(0.1190702746 0.1416495314 -2.273843316e-22)
(0.1644766606 0.1233181708 -9.027922882e-23)
(0.2062250407 0.1048117259 3.68072167e-23)
(0.2429642285 0.08507140501 -1.701650617e-23)
(0.2732206889 0.06296148725 3.429961818e-23)
(0.2952535491 0.03726295295 -6.592664357e-23)
(0.3066970521 0.006535084742 -9.303888647e-23)
(0.3049737857 -0.03087768445 1.517039291e-22)
(0.2863935876 -0.07786289637 0)
(0.2470567786 -0.1399300277 1.505596669e-22)
(0.1810921993 -0.226629971 2.560015488e-22)
(0.09604448426 -0.3443894894 0)
(-0.006697625191 -0.4552210161 -3.675639055e-21)
(-0.01922408353 -0.3777537535 -2.89262375e-21)
(-0.02591951226 0.2276828832 -9.514198498e-22)
(-0.03998324436 0.2238216549 -1.388973891e-22)
(0.03656136758 0.1810585336 -2.335574965e-22)
(0.1090502957 0.1451059024 -1.193738595e-22)
(0.1817191004 0.1172445398 -4.295810067e-23)
(0.2490090435 0.09627906602 9.783132747e-23)
(0.3100336309 0.08002509535 -1.408585633e-22)
(0.3646208869 0.06656814746 1.297170278e-22)
(0.4126251993 0.05449178675 -8.62009086e-23)
(0.4536249797 0.04270895089 1.132189941e-25)
(0.4867878251 0.030322989 1.52773757e-23)
(0.5107450947 0.01652902553 7.997184201e-23)
(0.523659711 0.0005365217503 -1.811118973e-22)
(0.5231797749 -0.01863372533 -1.61714143e-22)
(0.5052323224 -0.04286478379 -4.262922107e-23)
(0.4658714942 -0.07633230822 0)
(0.3952696395 -0.1286089373 -1.846485631e-22)
(0.291607097 -0.2208468095 8.14877172e-22)
(0.1197455058 -0.3525016899 1.631602938e-21)
(0.02670547141 -0.3775497972 2.172656584e-21)
(0.2142894481 0.1347447216 9.864982761e-22)
(0.2776311221 0.09870503682 0)
(0.431659233 0.05810414891 -2.594314516e-22)
(0.5304749365 0.03846264939 -1.741660348e-22)
(0.6016965726 0.0262341904 0)
(0.6571198879 0.01831923376 -6.009060538e-23)
(0.7015213469 0.01313600761 6.377969508e-23)
(0.7376042326 0.009542125874 -1.800148325e-23)
(0.766936822 0.006804463683 2.885961869e-23)
(0.7902106488 0.004464744524 2.315024888e-23)
(0.8074554831 0.002221320918 0)
(0.8182621209 -0.0001500736379 -2.873024751e-23)
(0.8216499611 -0.002723846875 0)
(0.8162394135 -0.005712667587 2.738135116e-23)
(0.799133312 -0.009611382206 1.421676342e-23)
(0.767998634 -0.0150025509 -5.799419291e-23)
(0.7106555759 -0.02502519984 -2.535665754e-22)
(0.6235183983 -0.04204285443 -6.918108244e-22)
(0.4230091019 -0.09182968118 0)
(0.2705674688 -0.1524021843 -2.119484432e-21)
)


// ************************************************************************* //
