/*--------------------------------*- C++ -*----------------------------------*\
  =========                 |
  \\      /  F ield         | OpenFOAM: The Open Source CFD Toolbox
   \\    /   O peration     | Website:  https://openfoam.org
    \\  /    A nd           | Version:  13
     \\/     M anipulation  |
\*---------------------------------------------------------------------------*/
FoamFile
{
    format      ascii;
    class       scalarField;
    location    "17.77";
    object      p_all;
}
// * * * * * * * * * * * * * * * * * * * * * * * * * * * * * * * * * * * * * //


400
(
-1.163644298e-06
-0.0005483375198
-0.0008897865378
-0.001016661375
-0.0009373094377
-0.0006840251302
-0.000294355998
0.0001956935805
0.0007496234168
0.001326994002
0.001882207236
0.002362463062
0.002712404944
0.002878973023
0.002820638589
0.002519370709
0.001995540996
0.001306229223
0.0006480878836
5.27253951e-05
0.0005855330452
5.028928235e-06
-0.0003580422959
-0.0004997058473
-0.0004684313973
-0.0002907842636
3.878219334e-06
0.000386256149
0.00082494331
0.001282703621
0.001719733489
0.002084918915
0.002327913896
0.002401380787
0.002271444943
0.001929285744
0.001401563982
0.0007532397667
0.0001563378132
-0.0005058809309
0.0009488526713
0.0003054321253
-9.506611326e-05
-0.0002406990283
-0.0002338529821
-0.0001046186298
0.0001229661084
0.0004275943309
0.0007855297389
0.001164865264
0.001533478587
0.001837620716
0.002027304447
0.002053828325
0.001882059805
0.001502139979
0.0009379672246
0.0002460117942
-0.0004517206045
-0.001287994477
0.0009720245714
0.0002549991825
-0.000194376893
-0.0003459190134
-0.0003543433411
-0.0002564514595
-7.290737139e-05
0.0001836529505
0.0004996412542
0.0008547159254
0.001207975319
0.001516261281
0.001718898917
0.001755409044
0.001576948699
0.001160116557
0.0005166767037
-0.0003067014642
-0.001221099968
-0.002370758544
0.0004765637971
-0.0002877397259
-0.0007656938825
-0.0009165676414
-0.0009366016704
-0.0008670285997
-0.0007228835841
-0.0005047078963
-0.0002122952222
0.000145036664
0.0005368802101
0.0009149639655
0.001208141771
0.001335600131
0.001220987736
0.0008111389561
9.198870298e-05
-0.0009044417105
-0.002113280428
-0.00364037037
-0.0006890742512
-0.001468763976
-0.001956845874
-0.002106966033
-0.002148531792
-0.002123709101
-0.002037705435
-0.001873459006
-0.001609859647
-0.001236585873
-0.0007692041713
-0.000252245077
0.0002317472155
0.0005730586118
0.0006499054648
0.0003542683503
-0.0003793859157
-0.001549277838
-0.003118731576
-0.005124252355
-0.002662201794
-0.003423029381
-0.003913947828
-0.004078231937
-0.004174063378
-0.004241193788
-0.004270071808
-0.00421887253
-0.004035336092
-0.003675835282
-0.003125919741
-0.002411348693
-0.001617957271
-0.0008880016387
-0.0004095516727
-0.0003833840058
-0.0009725052145
-0.002243924542
-0.004214679425
-0.006808306216
-0.005551951149
-0.006266282975
-0.006763654056
-0.00697628413
-0.007187704953
-0.00743308903
-0.00768397783
-0.007866219134
-0.00788365454
-0.007640123996
-0.007065651574
-0.006137315221
-0.004921866879
-0.003583850443
-0.002394033536
-0.001695590473
-0.001824720561
-0.002996173674
-0.005348355266
-0.008640103412
-0.009427793893
-0.01007387645
-0.01058985801
-0.01090050607
-0.01131342506
-0.01186009821
-0.01249185458
-0.01309658867
-0.01352148651
-0.01359452977
-0.01315208052
-0.01209039507
-0.01039806822
-0.008228310588
-0.005930362092
-0.004038248161
-0.003168237344
-0.003821760051
-0.006404397165
-0.01046767811
-0.01430458445
-0.01486370398
-0.01540985196
-0.01586722426
-0.01657204771
-0.0175582518
-0.01876066877
-0.02002832496
-0.02114280193
-0.02183576981
-0.02181771792
-0.02083224238
-0.0187330384
-0.01558368153
-0.01176206542
-0.008008065138
-0.005333889212
-0.004736139716
-0.007157311439
-0.01195395977
-0.02013697977
-0.02058774625
-0.02115720351
-0.02177714953
-0.02282907043
-0.02436280526
-0.02630654893
-0.02847579118
-0.03058515361
-0.03225761279
-0.03304738019
-0.0324925728
-0.03023582268
-0.02613504368
-0.02048545142
-0.01416932195
-0.008661588158
-0.005700130295
-0.007194183115
-0.0124407783
-0.02683431493
-0.02714104296
-0.02768097279
-0.02839935127
-0.02976195682
-0.03185706058
-0.03462134718
-0.03784665572
-0.04118619482
-0.04415388338
-0.04613523961
-0.04642623959
-0.04441225027
-0.03961256696
-0.0320780806
-0.02266103758
-0.01323418825
-0.006458069877
-0.005783446087
-0.01074073125
-0.03430893287
-0.03439375029
-0.03476498122
-0.03537835012
-0.03686227871
-0.03937566978
-0.04288022066
-0.04715250741
-0.05179044495
-0.05620587904
-0.05962626677
-0.06113823741
-0.05972971269
-0.05460983657
-0.04539969162
-0.03266323662
-0.01842162242
-0.006218997419
-0.001650504335
-0.004852156709
-0.04258173502
-0.0422531393
-0.04216986117
-0.04226913328
-0.04348408899
-0.04608245754
-0.0500604883
-0.05517633039
-0.06096712466
-0.06674624707
-0.07159041755
-0.07436559071
-0.07378903141
-0.06863601571
-0.05803782887
-0.0420319954
-0.02241411309
-0.003234771721
0.007366237104
0.008357745369
-0.051981643
-0.05073451082
-0.04965265496
-0.04855368325
-0.0488996144
-0.05108932702
-0.05513714624
-0.06075608421
-0.06739193647
-0.07424513522
-0.08023936472
-0.08403646129
-0.08409624951
-0.07880897784
-0.06681967142
-0.04750431232
-0.02211124693
0.005515937998
0.0247275056
0.03353672314
-0.06362866493
-0.0601644835
-0.05707490701
-0.0537430404
-0.05244313471
-0.05365451721
-0.05733401977
-0.06310421042
-0.07022474895
-0.077762443
-0.08445623308
-0.08875418977
-0.0888736929
-0.0828215408
-0.06883904482
-0.04561341037
-0.01374715744
0.02442081163
0.05554283081
0.07735745935
-0.08016287312
-0.07105417173
-0.06410368975
-0.0571501527
-0.05341590445
-0.05319677769
-0.05623556872
-0.06188572473
-0.06922726163
-0.07708442719
-0.08398191628
-0.08812639499
-0.0874613443
-0.07964603323
-0.06247645731
-0.03405307146
0.005556070657
0.05859256623
0.1058183155
0.1480624153
-0.1104897503
-0.08583993281
-0.07159599897
-0.05896368927
-0.05190597766
-0.04987194945
-0.05208623265
-0.05748680872
-0.06483356597
-0.07268117962
-0.07931459913
-0.08269303772
-0.08050702081
-0.06988128722
-0.04823406994
-0.01273015929
0.03822482396
0.1071213443
0.1779678497
0.256465301
-0.1684251056
-0.09989879154
-0.07500375547
-0.05479626226
-0.04461688116
-0.04157944903
-0.04370620447
-0.04936415628
-0.05699528162
-0.06494698381
-0.07133911147
-0.07396152032
-0.07011649966
-0.05700875921
-0.03103104116
0.01192088162
0.07558713505
0.1663908024
0.2761483369
0.4376912898
-0.3984167267
-0.1380911357
-0.07496743942
-0.04708886602
-0.03354970639
-0.03002679632
-0.03279326549
-0.03925008265
-0.04753912751
-0.05591735738
-0.06247901597
-0.06501162129
-0.06098262201
-0.0469638081
-0.01875773242
0.02992872162
0.1069449305
0.233414848
0.4198673913
0.7800109718
)


// ************************************************************************* //
