/*--------------------------------*- C++ -*----------------------------------*\
  =========                 |
  \\      /  F ield         | OpenFOAM: The Open Source CFD Toolbox
   \\    /   O peration     | Website:  https://openfoam.org
    \\  /    A nd           | Version:  13
     \\/     M anipulation  |
\*---------------------------------------------------------------------------*/
FoamFile
{
    format      ascii;
    class       vectorField;
    location    "17.8";
    object      U_all;
}
// * * * * * * * * * * * * * * * * * * * * * * * * * * * * * * * * * * * * * //


400
(
(1.093085308e-05 -3.756504362e-05 0)
(-0.000665733109 0.000412813655 -1.541316342e-23)
(-0.002183525684 0.000919563555 0)
(-0.00404402357 0.001311478619 0)
(-0.005966021781 0.00153349634 6.794064676e-25)
(-0.007755109464 0.001568238783 4.154718726e-24)
(-0.009275451455 0.001422130474 -7.191251189e-24)
(-0.01042597071 0.001118642665 7.728957987e-24)
(-0.01112659835 0.0006954700241 -2.112420605e-25)
(-0.01131731234 0.0002029667774 -4.021287006e-24)
(-0.01096303747 -0.0002998819174 5.833923679e-24)
(-0.01006521843 -0.0007468310552 -5.955324619e-23)
(-0.008674783581 -0.001074727438 -6.581187873e-23)
(-0.006899927526 -0.001232271514 -7.815648011e-23)
(-0.0049098656 -0.001192125118 4.594772532e-24)
(-0.00292800516 -0.0009618025965 -4.161594105e-24)
(-0.001207091508 -0.0005915181338 -2.015705423e-22)
(-2.101661737e-05 -0.0001704995621 0)
(0.000516757594 0.0001713339021 1.589608508e-25)
(0.0002223933797 0.0003054833557 -3.593009794e-24)
(-0.0002630812626 0.0008285259092 1.386889743e-25)
(-0.002700396633 0.003380492973 1.550555322e-23)
(-0.006899500606 0.00559840963 1.534655124e-25)
(-0.01193868483 0.007000403373 -8.413234796e-25)
(-0.01711550855 0.007545415049 1.149216336e-24)
(-0.02195057959 0.007286363934 1.289551519e-23)
(-0.02608192632 0.006315499976 1.57161903e-24)
(-0.02923428576 0.004749930365 -7.478805737e-24)
(-0.03119458753 0.002735426569 1.025987487e-23)
(-0.03181087345 0.0004532828611 4.541139859e-24)
(-0.03099919323 -0.001880809366 -6.352355104e-24)
(-0.02876893205 -0.004017833188 2.950906594e-24)
(-0.025252364 -0.005702132536 3.909778759e-23)
(-0.02071862168 -0.006701148105 -1.965747263e-24)
(-0.01558182161 -0.006848829688 3.777761881e-24)
(-0.0103820174 -0.006093917298 -9.82810344e-23)
(-0.005730447333 -0.004544845756 9.728361528e-23)
(-0.002235052931 -0.002508149714 -4.121236956e-25)
(-0.0001833332065 -0.0005044120069 4.225329777e-25)
(8.320419847e-05 0.000608301582 0)
(-0.0004182586061 0.002932079043 -2.914141131e-25)
(-0.004642058792 0.008793967125 1.711704481e-23)
(-0.01135777369 0.01322484662 -8.127902438e-24)
(-0.01930339892 0.01577347118 -2.037621276e-25)
(-0.02744063962 0.01651098742 2.00181684e-25)
(-0.03507585209 0.01562721932 1.218772845e-26)
(-0.04166493228 0.01334642978 -1.398003598e-24)
(-0.04678301533 0.009911210142 -4.672493373e-25)
(-0.05009570106 0.005599627014 -1.074330572e-23)
(-0.0513592553 0.0007475330638 0)
(-0.05042857781 -0.004233369682 0)
(-0.04729376186 -0.008874581796 2.685874415e-23)
(-0.04212363924 -0.01266661657 2.828238946e-23)
(-0.03528728408 -0.01512034444 -1.657758605e-24)
(-0.02737144685 -0.01584771002 4.88744664e-23)
(-0.01915923581 -0.01466250309 9.503837271e-23)
(-0.01155608366 -0.01168730352 4.071843397e-23)
(-0.005464311182 -0.007449135594 4.464661304e-25)
(-0.001451546522 -0.002937907721 9.037912275e-26)
(-9.073111454e-05 0.0002235056595 0)
(-0.0005017122371 0.006038301465 -4.252307749e-23)
(-0.00639429388 0.01635091315 -1.701926383e-23)
(-0.01551492011 0.0235306477 8.054981864e-24)
(-0.02624575685 0.02740870169 0)
(-0.03724115253 0.02828814701 0)
(-0.04763264486 0.02655854506 0)
(-0.05672992451 0.02260859169 -5.118560224e-26)
(-0.06398118941 0.01682208214 -2.009888475e-24)
(-0.06893555964 0.00961790623 0)
(-0.07123396473 0.001496703186 1.672487615e-24)
(-0.07063843446 -0.00692187385 2.827026891e-25)
(-0.06706729671 -0.01490828495 -2.834945567e-25)
(-0.06064526817 -0.02164064487 0)
(-0.0517645091 -0.02628780839 4.173456513e-23)
(-0.04111822032 -0.02813419643 -4.722006276e-23)
(-0.029698745 -0.02675204863 -2.810829373e-23)
(-0.01872534291 -0.02220073307 -4.058606012e-23)
(-0.009482875967 -0.01521251576 7.785996663e-25)
(-0.002975735285 -0.007298018096 9.670020315e-23)
(-0.0002317361844 -0.0008684631065 0)
(-0.0005308231684 0.01008258644 4.272998724e-23)
(-0.007973163114 0.02591996544 4.75936307e-25)
(-0.0193721454 0.03638406595 -4.650755585e-25)
(-0.03278295681 0.04180505977 0)
(-0.04659031165 0.04284557322 7.728942585e-25)
(-0.059781822 0.04015745898 -7.621833581e-25)
(-0.07155134771 0.03431407415 3.647548172e-23)
(-0.08123829595 0.02583596281 1.82107815e-23)
(-0.0882729246 0.01526644249 6.151611725e-24)
(-0.09216166126 0.003253925985 -1.674438229e-24)
(-0.09251458021 -0.009386728723 0)
(-0.08909356526 -0.02164266675 4.430463494e-25)
(-0.08188794769 -0.03232770446 1.031365984e-23)
(-0.07120933234 -0.04016934556 -4.392167041e-23)
(-0.05777421763 -0.04397858773 1.961335676e-24)
(-0.04275349133 -0.04291228058 4.316339904e-23)
(-0.02773460221 -0.03680700245 -4.003355101e-25)
(-0.01454072822 -0.02651211599 0)
(-0.004856380119 -0.01407986508 5.428301858e-23)
(-0.0003638116962 -0.002848103959 -2.551222515e-22)
(-0.0005265215382 0.01498057308 9.819920764e-23)
(-0.009366438596 0.03734390951 -4.893676127e-25)
(-0.02285444184 0.0516394743 0)
(-0.03878509632 0.05887262433 0)
(-0.05532369948 0.06018842495 -8.708510728e-23)
(-0.07135027019 0.05656019993 -8.471576513e-23)
(-0.08597534043 0.0487563627 -4.040237747e-23)
(-0.09845051671 0.0374113545 -1.490011999e-23)
(-0.108088955 0.0231500965 -5.291327652e-24)
(-0.1142377168 0.006718937276 -8.116309119e-24)
(-0.1163006747 -0.01090584104 6.53541578e-24)
(-0.1137963716 -0.02844721365 8.700737587e-24)
(-0.1064613229 -0.04431705529 -1.887486957e-23)
(-0.09439352956 -0.05669389899 4.065902749e-24)
(-0.07820899722 -0.06372346719 0)
(-0.05918529311 -0.06388152702 -1.626177235e-23)
(-0.03931160726 -0.05649628793 -6.671091465e-27)
(-0.02112701585 -0.0423312417 0)
(-0.007313592197 -0.02397058967 -1.507653529e-22)
(-0.0005210936639 -0.005924600904 6.027295754e-22)
(-0.0004985829151 0.02062045783 -9.753053341e-23)
(-0.01051810992 0.05039346951 2.827534518e-22)
(-0.02580204736 0.06904381899 1.524394435e-22)
(-0.04397549266 0.07840381422 3.61133356e-24)
(-0.0630434312 0.08020894471 -7.309471176e-23)
(-0.08182381273 0.07580560753 9.014074671e-23)
(-0.09938392524 0.06615899933 -3.579175609e-24)
(-0.1149189654 0.05197992517 -1.721853507e-24)
(-0.1276418203 0.03390959138 2.512865824e-24)
(-0.1367347058 0.01271179684 7.327880245e-24)
(-0.1413599197 -0.0105561033 -6.438546726e-24)
(-0.140718879 -0.03440910419 -9.649409719e-24)
(-0.1341774418 -0.05686146515 -3.257301019e-23)
(-0.1214599742 -0.07545752661 -3.570080699e-23)
(-0.1028971422 -0.08746452151 5.458529274e-25)
(-0.07971046475 -0.09031923482 0)
(-0.0542310618 -0.08238496869 0)
(-0.02985195571 -0.0639356259 -2.884243903e-24)
(-0.01065571167 -0.03796668574 2.948196765e-24)
(-0.0007344104275 -0.01049676166 1.026618827e-22)
(-0.0004477110513 0.02684103451 0)
(-0.0113391964 0.06473293036 1.999714308e-22)
(-0.02799118429 0.08819738851 8.952373474e-23)
(-0.04795663764 0.1000162558 0)
(-0.06914702849 0.1026043262 1.566613273e-22)
(-0.09036921484 0.09772572317 0)
(-0.1106956266 0.08654095997 -1.425176367e-22)
(-0.1293118634 0.06979384744 6.498159547e-24)
(-0.1453729869 0.04806344525 0)
(-0.1579277152 0.02202595881 0)
(-0.1659059811 -0.007299969091 -1.368518839e-24)
(-0.1681631816 -0.03833060586 -9.257113004e-25)
(-0.1636090922 -0.06876301459 1.484134656e-22)
(-0.1514333367 -0.09549294702 -4.698227355e-23)
(-0.1314389065 -0.1147343962 -2.537868085e-24)
(-0.1045008409 -0.1224779542 1.512643349e-24)
(-0.07305233833 -0.1154718866 -1.53649644e-24)
(-0.04132658954 -0.09277218672 0)
(-0.01524326911 -0.05737461298 3.190934119e-24)
(-0.001043468589 -0.01713875372 -1.009514522e-21)
(-0.0003746245758 0.0334265167 0)
(-0.01174266215 0.07990313567 -1.126277123e-22)
(-0.02918788528 0.1085255853 -6.182869017e-22)
(-0.05028412052 0.1231004806 -3.750114622e-22)
(-0.07291550711 0.1267914722 0)
(-0.09592877386 0.1218225251 4.112428131e-22)
(-0.1184554534 0.1095544061 1.258086951e-22)
(-0.1397342538 0.09072929432 -5.568840479e-24)
(-0.1589359975 0.0657904701 5.541278768e-24)
(-0.1750568272 0.03521547441 0)
(-0.1868660132 -0.0001612541092 2.905235345e-23)
(-0.1929288509 -0.03883596284 4.680473977e-24)
(-0.19169641 -0.0783554133 -1.072303456e-22)
(-0.1817090495 -0.1150867417 7.9619913e-23)
(-0.1619875697 -0.1441509827 -2.4098528e-22)
(-0.1326487288 -0.1597457068 0)
(-0.09573637411 -0.1562126288 0)
(-0.05599048584 -0.1302211749 0)
(-0.02146805808 -0.08376493524 0)
(-0.001499391576 -0.02664154842 5.554627141e-22)
(-0.0002879444625 0.04012102624 0)
(-0.01168993185 0.0953423545 -3.488597577e-22)
(-0.02923339134 0.1292835127 8.921934769e-22)
(-0.05058897382 0.1467957727 3.61216354e-22)
(-0.07367034792 0.1518459569 0)
(-0.09741183013 0.1471636039 -3.855984173e-22)
(-0.1210597302 0.1343316232 -3.168928322e-23)
(-0.1439796857 0.1140812035 3.327525636e-22)
(-0.1654580331 0.08667359462 1.766400073e-22)
(-0.1845668179 0.05229648699 -4.053006193e-23)
(-0.2000740862 0.01145249644 1.655367318e-23)
(-0.2104041368 -0.0346518152 -8.24606792e-24)
(-0.2136637179 -0.08368011037 3.365044698e-22)
(-0.2077661056 -0.1317719108 0)
(-0.1907715106 -0.1731598329 2.411016927e-22)
(-0.1615868156 -0.2001395596 5.744894609e-24)
(-0.1211286072 -0.2038991107 -5.830560644e-24)
(-0.07382487217 -0.1771189064 1.538925015e-22)
(-0.02970666293 -0.1188042082 -5.407151869e-24)
(-0.002178421602 -0.04003445606 0)
(-0.0002126572872 0.04667578952 0)
(-0.01125082868 0.1104531386 0)
(-0.02815533987 0.1496070273 -5.016892316e-22)
(-0.04874031202 0.1700122265 -1.878831652e-23)
(-0.0709920789 0.1764916963 2.035651526e-23)
(-0.09398174253 0.172336429 -2.011616744e-23)
(-0.1171277627 0.1593969562 -2.313367309e-23)
(-0.1400008141 0.1384212115 -3.024716026e-22)
(-0.1621155933 0.1094893855 6.694281664e-23)
(-0.1827792559 0.07245716678 4.505134471e-23)
(-0.200967611 0.02738418187 -4.569353086e-23)
(-0.2152111067 -0.02502595953 0)
(-0.2235390306 -0.08290054547 -7.810575906e-23)
(-0.2234433552 -0.1426249438 0)
(-0.2120447527 -0.1980680569 -3.732632256e-22)
(-0.1867178189 -0.2399560931 5.232664365e-22)
(-0.1464187464 -0.2559578703 0)
(-0.09392585049 -0.2330168576 -1.484755863e-22)
(-0.04020955969 -0.1638894993 1.927999429e-22)
(-0.003199906973 -0.05858503034 -3.402066264e-22)
(-0.0002028027438 0.05293703347 0)
(-0.01067819656 0.1247231049 9.174236415e-22)
(-0.02629453231 0.1686159256 -2.438239653e-23)
(-0.0450242518 0.1915073005 9.18433309e-22)
(-0.06496125561 0.1991593505 -2.509352721e-23)
(-0.08538341305 0.1954959853 2.835336549e-23)
(-0.1059499029 0.1827010883 -2.80945502e-23)
(-0.1265146135 0.1616022099 -1.658746515e-23)
(-0.1469252014 0.132152686 -5.253439465e-22)
(-0.1668745029 0.09390395576 -8.894985512e-24)
(-0.1857611105 0.04644078734 9.647848913e-24)
(-0.2025093361 -0.01017979493 3.309488127e-22)
(-0.215444095 -0.07492135271 -5.813435204e-22)
(-0.2220436084 -0.1449393696 0)
(-0.2188170495 -0.2145722973 8.874068698e-22)
(-0.2016294329 -0.2738892148 -4.929337292e-22)
(-0.1668587475 -0.3074659201 -1.568540598e-23)
(-0.1140124315 -0.2952746184 0)
(-0.05287716974 -0.219500935 -1.880794253e-22)
(-0.004748053151 -0.08374183413 3.3512886e-22)
(-0.0003656970145 0.05898880249 1.549606407e-23)
(-0.01050584621 0.1379021206 -8.755961137e-22)
(-0.02443466715 0.1855625965 -1.156110673e-21)
(-0.04029788599 0.2100084971 -8.620538188e-22)
(-0.05634649233 0.2181098321 0)
(-0.07219527224 0.2145119839 3.510101456e-23)
(-0.08784575085 0.2017988294 -7.287065343e-23)
(-0.1035162075 0.1809513202 5.861522747e-23)
(-0.1194641303 0.1518821147 3.017785798e-22)
(-0.1358636219 0.113926628 -1.126996103e-23)
(-0.1526816629 0.06625041633 0)
(-0.169525649 0.008232394751 -3.599968408e-22)
(-0.1853460818 -0.06009062312 7.508700306e-22)
(-0.1981073477 -0.1371953529 8.8245676e-22)
(-0.204405184 -0.2188386964 -5.289927738e-22)
(-0.199132908 -0.2958764137 5.157133514e-22)
(-0.1760792071 -0.3513068274 1.075054083e-23)
(-0.1300938039 -0.3583165144 -1.092317248e-23)
(-0.0668854937 -0.2842478464 -8.29809552e-23)
(-0.007082469253 -0.116962043 0)
(-0.0009112115977 0.06537283708 -1.909987229e-23)
(-0.01168982922 0.1502088228 -1.326034846e-21)
(-0.02391887346 0.1999631897 1.093345098e-21)
(-0.03605946278 0.2243063897 6.730094722e-22)
(-0.04663349459 0.2315472397 6.010127104e-22)
(-0.05584310669 0.2271443793 6.638653757e-22)
(-0.06419537031 0.2141076422 -4.454617657e-23)
(-0.0723668607 0.1936091671 -3.458474196e-22)
(-0.08106740835 0.1655921319 2.150411515e-22)
(-0.09097381486 0.1292866832 0)
(-0.1026584848 0.08356819934 0)
(-0.1164649398 0.02725266519 2.653708344e-22)
(-0.1322573798 -0.04055839068 8.199411744e-23)
(-0.1490154784 -0.119946481 -2.818073681e-22)
(-0.1642060504 -0.2088607716 -5.407555853e-23)
(-0.1728483075 -0.3006263078 1.302830013e-22)
(-0.1670715884 -0.3792547041 -3.396234717e-22)
(-0.1365492524 -0.413564278 -1.630197628e-23)
(-0.0801867833 -0.3537607277 8.286752559e-23)
(-0.01050737508 -0.1593782612 -6.037917018e-22)
(-0.002262132859 0.07346983122 0)
(-0.01581999451 0.1625966235 2.144467527e-21)
(-0.02668709193 0.211707936 0)
(-0.03428087996 0.2332993667 -1.350938077e-21)
(-0.03767037842 0.2376830716 6.188882432e-23)
(-0.03808912071 0.2311754844 -6.188128514e-22)
(-0.03678693469 0.2171318167 -4.752865481e-22)
(-0.03500322071 0.1968622515 8.294873807e-22)
(-0.03390653407 0.170329098 -1.884148067e-22)
(-0.03461867024 0.1367403638 0)
(-0.03823455189 0.09483326512 0)
(-0.04576501168 0.04309135941 2.4131723e-23)
(-0.05801713489 -0.02008351883 -6.003781243e-22)
(-0.07524647608 -0.09615178419 -4.307129978e-22)
(-0.09654046205 -0.1855026794 4.636172639e-22)
(-0.1184192981 -0.2853049002 -6.484142167e-22)
(-0.133325527 -0.3837844097 9.102782528e-23)
(-0.1265669357 -0.450378539 2.975468157e-23)
(-0.08900254057 -0.4197971596 5.662423808e-22)
(-0.01526980261 -0.2111406478 6.026538669e-22)
(-0.005182304092 0.08597089071 0)
(-0.02527234818 0.1765931507 1.465968889e-22)
(-0.03487297697 0.2205371814 -4.914620875e-23)
(-0.03646250557 0.2354140889 7.63851609e-22)
(-0.03026887451 0.2342680116 -7.00105596e-22)
(-0.01926794653 0.2240973986 4.743493129e-23)
(-0.005729283282 0.2083067542 -1.018370547e-22)
(0.008447602808 0.1880995129 -3.387454134e-22)
(0.02167284363 0.1633882608 2.061592495e-22)
(0.03250332695 0.1333409625 0)
(0.03946481603 0.09667273084 0)
(0.04105768058 0.0517819296 -2.901231075e-22)
(0.03568053998 -0.003210641673 0)
(0.02188698985 -0.07053970277 -5.510718005e-22)
(-0.001348625101 -0.1525338515 -1.485552547e-23)
(-0.03317520906 -0.2505597567 2.55859724e-23)
(-0.06914869098 -0.359900187 2.200693503e-22)
(-0.09231515241 -0.4575093541 4.798276624e-24)
(-0.08719589957 -0.4697758544 -5.791573915e-22)
(-0.02103283988 -0.2698730209 0)
(-0.01111705989 0.1085966218 0)
(-0.04250279014 0.1946981816 -8.844487765e-22)
(-0.04798936918 0.2257843701 -5.409315599e-22)
(-0.03925217587 0.2281659805 4.542310214e-22)
(-0.01885689347 0.2181818871 -1.711547904e-24)
(0.00756732123 0.2027760553 -4.558982712e-23)
(0.03657009346 0.184727642 5.693419491e-22)
(0.06571264572 0.1646918687 -2.765310287e-23)
(0.09315168128 0.1423093687 -2.068528092e-22)
(0.1172725143 0.1166392113 3.140621256e-23)
(0.1364361742 0.08643524497 -3.424409677e-23)
(0.1488659941 0.05020832079 -3.689335715e-23)
(0.1524376687 0.006193971652 3.204707031e-22)
(0.1448584285 -0.0479279022 6.118015895e-22)
(0.1234484641 -0.1152767654 -5.100041467e-22)
(0.08627969406 -0.2003971859 -1.615902635e-22)
(0.03194223135 -0.3067633718 1.53111692e-22)
(-0.0236560184 -0.4239663276 7.294018189e-23)
(-0.06493826797 -0.4871415073 1.91327923e-21)
(-0.0251016633 -0.3291390052 2.954975281e-21)
(-0.02004630016 0.1460773483 -4.389169165e-23)
(-0.06417040308 0.2112926811 4.416328769e-23)
(-0.0507226424 0.2177146424 9.99931026e-22)
(-0.01937904756 0.201442127 -8.227217699e-24)
(0.02408767214 0.1808768434 0)
(0.0714668393 0.1606635792 4.361840191e-23)
(0.1189827663 0.1416258122 -2.272722631e-22)
(0.1643808661 0.1233033262 -9.02319559e-23)
(0.2061261652 0.1048074303 3.678737524e-23)
(0.2428674671 0.08507727981 -1.70079735e-23)
(0.2731302826 0.06297576037 3.428461173e-23)
(0.2951729627 0.03728283136 -6.590322249e-23)
(0.3066269195 0.006557345036 -9.30086975e-23)
(0.3049146653 -0.0308562592 1.516748823e-22)
(0.2863455026 -0.07784513108 0)
(0.2470184812 -0.1399177661 1.505474259e-22)
(0.1810611941 -0.2266244148 2.559866815e-22)
(0.09602131901 -0.3443826459 0)
(-0.006709468772 -0.4552137225 -3.675591055e-21)
(-0.0192260227 -0.3777469993 -2.892603864e-21)
(-0.0259180873 0.2276877268 -9.513592579e-22)
(-0.03998098714 0.2238249929 -1.388758189e-22)
(0.03655883761 0.1810555809 -2.334955056e-22)
(0.1090375593 0.1450966795 -1.193356414e-22)
(0.1816929295 0.1172312539 -4.294960394e-23)
(0.2489686088 0.09626500139 9.779492017e-23)
(0.3099807814 0.08001309485 -1.4079316e-22)
(0.3645590796 0.06656011964 1.296503719e-22)
(0.4125587524 0.05448884021 -8.615482026e-23)
(0.4535585316 0.04271113037 1.132062539e-25)
(0.4867254997 0.03032947618 1.527125968e-23)
(0.5106900727 0.01653841294 7.994329468e-23)
(0.5236143373 0.0005464951059 -1.810627709e-22)
(0.5231452174 -0.01862403047 -1.616849099e-22)
(0.5052069422 -0.04285696486 -4.261988436e-23)
(0.4658536444 -0.07632740614 0)
(0.3952567152 -0.128607411 -1.846259642e-22)
(0.2915973599 -0.2208463752 8.148510745e-22)
(0.1197396041 -0.3525012889 1.631565489e-21)
(0.02670397797 -0.3775489175 2.172635704e-21)
(0.2142909315 0.134746178 9.864317431e-22)
(0.277635741 0.0987069044 0)
(0.431664383 0.05810502421 -2.593915586e-22)
(0.5304770729 0.03846235138 -1.741372318e-22)
(0.6016926646 0.02623301161 0)
(0.657108516 0.01831774136 -6.006939474e-23)
(0.701502934 0.01313473116 6.374899192e-23)
(0.7375805458 0.009541429493 -1.799094389e-23)
(0.7669103936 0.006804559953 2.884310377e-23)
(0.7901842916 0.004465631014 2.313784565e-23)
(0.8074317505 0.002222833219 0)
(0.8182428718 -0.0001481764325 -2.871928583e-23)
(0.8216362727 -0.002721854402 0)
(0.8162314877 -0.005711167848 2.73733657e-23)
(0.799129955 -0.009610501535 1.421589329e-23)
(0.7679983163 -0.01500231622 -5.799261749e-23)
(0.7106564221 -0.02502559389 -2.535522478e-22)
(0.6235189398 -0.04204331657 -6.917898401e-22)
(0.423009047 -0.09183015922 0)
(0.2705673262 -0.1524024008 -2.119463542e-21)
)


// ************************************************************************* //
