/*--------------------------------*- C++ -*----------------------------------*\
  =========                 |
  \\      /  F ield         | OpenFOAM: The Open Source CFD Toolbox
   \\    /   O peration     | Website:  https://openfoam.org
    \\  /    A nd           | Version:  13
     \\/     M anipulation  |
\*---------------------------------------------------------------------------*/
FoamFile
{
    format      ascii;
    class       vectorField;
    location    "38.61";
    object      U_all;
}
// * * * * * * * * * * * * * * * * * * * * * * * * * * * * * * * * * * * * * //


400
(
(1.100107396e-05 -3.783536691e-05 0)
(-0.0006661005165 0.0004130421874 -1.550975032e-23)
(-0.002185376314 0.0009203942614 0)
(-0.004047833108 0.001312781401 0)
(-0.005971866646 0.001535064909 6.845192014e-25)
(-0.00776278102 0.001569845614 4.151482333e-24)
(-0.009284544671 0.001423561712 -7.372811215e-24)
(-0.01043594337 0.001119723709 7.531444662e-24)
(-0.01113681727 0.0006960856346 -2.095533356e-25)
(-0.01132711272 0.0002030815786 -3.994822166e-24)
(-0.01097177096 -0.0003002308728 5.803849879e-24)
(-0.01007232422 -0.0007475161527 -5.929759617e-23)
(-0.008679876298 -0.001075564424 -6.552858465e-23)
(-0.006902850879 -0.00123304651 -7.78438175e-23)
(-0.004910737993 -0.001192639863 4.573631218e-24)
(-0.002927232742 -0.0009619209924 -4.137985603e-24)
(-0.001205299327 -0.0005912122616 -1.998800746e-22)
(-1.90672538e-05 -0.000169884099 0)
(0.0005181558571 0.0001720843584 1.509608237e-25)
(0.0002227522002 0.0003059784926 -2.552447099e-24)
(-0.0002633649856 0.0008289647777 1.383238944e-25)
(-0.002703306805 0.003383839069 1.560766099e-23)
(-0.006907277446 0.005604500129 1.554874318e-25)
(-0.01195232083 0.007008207939 -8.494452105e-25)
(-0.0171350446 0.007553776029 1.161987055e-24)
(-0.02197535197 0.007294197603 1.306746044e-23)
(-0.02611075594 0.006321890665 1.390091457e-24)
(-0.02926564225 0.004754190758 -7.283144155e-24)
(-0.03122672735 0.002737152769 1.015311993e-23)
(-0.03184200958 0.0004524098351 4.510190671e-24)
(-0.03102761493 -0.001884140003 -6.319140428e-24)
(-0.02879316566 -0.004023026487 2.961866254e-24)
(-0.02527138106 -0.005708354166 3.895613248e-23)
(-0.02073194537 -0.006707411145 -1.954815764e-24)
(-0.01558962396 -0.006854142371 3.754567375e-24)
(-0.01038513359 -0.006097466505 -9.74133953e-23)
(-0.005730272806 -0.004546188937 9.637925879e-23)
(-0.00223336669 -0.002507421768 -3.961604026e-25)
(-0.0001817730508 -0.0005023747297 4.061516402e-25)
(8.343699113e-05 0.0006099245155 0)
(-0.0004188239829 0.002935078205 -2.910693395e-25)
(-0.004647875162 0.008804011835 1.702456936e-23)
(-0.01137195901 0.01324041997 -8.280160531e-24)
(-0.01932728975 0.0157920388 -2.075047071e-25)
(-0.02747411644 0.01653000048 2.038517097e-25)
(-0.03511778701 0.01564441754 6.878559656e-27)
(-0.04171344435 0.01335997514 -1.222495255e-24)
(-0.04683571039 0.009919768012 -4.552725146e-25)
(-0.05014988124 0.005602429899 -1.063133327e-23)
(-0.0514123122 0.0007444192995 0)
(-0.05047792812 -0.004241778917 0)
(-0.04733706046 -0.008887183333 2.671094623e-23)
(-0.04215927759 -0.01268176539 2.813113336e-23)
(-0.03531437243 -0.01513604905 -1.646230155e-24)
(-0.02738996057 -0.01586189475 4.846089427e-23)
(-0.01917005748 -0.01467334225 9.419634446e-23)
(-0.01156090656 -0.01169360502 3.976219161e-23)
(-0.005465410734 -0.007450744323 4.143221003e-25)
(-0.001451097099 -0.002936044599 1.073158774e-25)
(-9.072540484e-05 0.0002258755097 0)
(-0.0005024640882 0.006045349762 -4.249168755e-23)
(-0.006402740937 0.01637075338 -1.692681083e-23)
(-0.01553502281 0.02355933071 8.207017452e-24)
(-0.02627911676 0.02744161983 0)
(-0.03728746305 0.02832101682 0)
(-0.04769037048 0.02658772331 0)
(-0.05679662568 0.02263120355 -4.472329368e-26)
(-0.0640538342 0.01683609338 -2.135847164e-24)
(-0.06901080696 0.00962218332 0)
(-0.07130826985 0.001491049181 1.635639004e-24)
(-0.07070852691 -0.006936503918 2.802862847e-25)
(-0.06713038759 -0.01493018662 -2.810710798e-25)
(-0.06069905175 -0.02166727783 0)
(-0.05180750279 -0.02631605286 4.133414718e-23)
(-0.04114991528 -0.02816070448 -4.68179551e-23)
(-0.02971970138 -0.02677371941 -2.762178615e-23)
(-0.01873716593 -0.0222153037 -3.961372205e-23)
(-0.009488026733 -0.0152192215 7.796085334e-25)
(-0.002976877481 -0.007298195119 9.789981189e-23)
(-0.0002318780399 -0.0008661695339 0)
(-0.0005316137381 0.01009501421 4.269832038e-23)
(-0.007983593401 0.02595219334 4.784750753e-25)
(-0.01939687407 0.03642882449 -4.67546861e-25)
(-0.03282382108 0.041855201 0)
(-0.04664688398 0.04289484493 7.782329295e-25)
(-0.05985228922 0.04020073392 -7.67442447e-25)
(-0.07163290605 0.03434741296 3.672116123e-23)
(-0.08132750464 0.02585663994 1.848028856e-23)
(-0.08836600223 0.01527298422 6.238387207e-24)
(-0.09225468588 0.003246148426 -1.637544546e-24)
(-0.09260378769 -0.0094078306 0)
(-0.0891755451 -0.02167477763 4.370820536e-25)
(-0.08195978391 -0.03236744669 1.009072195e-23)
(-0.07126884819 -0.0402124962 -4.349454688e-23)
(-0.05782018468 -0.04402045765 1.932996375e-24)
(-0.04278582828 -0.04294828853 4.217678764e-23)
(-0.02775450261 -0.03683346566 -3.842490822e-25)
(-0.01455062171 -0.02652720781 0)
(-0.004859460218 -0.01408454468 5.436535432e-23)
(-0.0003641469567 -0.00284695467 -2.565044673e-22)
(-0.0005272207156 0.01499927326 9.841116424e-23)
(-0.009377923962 0.03739021731 -4.907508422e-25)
(-0.02288182626 0.0517022244 0)
(-0.03883043228 0.05894182515 0)
(-0.05538656225 0.06025573916 -8.731916826e-23)
(-0.07142875866 0.05661900302 -8.498881412e-23)
(-0.08606653177 0.0488016811 -4.067353587e-23)
(-0.0985508497 0.03743980102 -1.504285509e-23)
(-0.1081945209 0.02315983857 -5.368480791e-24)
(-0.1143444626 0.006709680849 -8.174758798e-24)
(-0.1164046102 -0.01093291808 6.600878529e-24)
(-0.1138937291 -0.02848944582 8.826284825e-24)
(-0.1065486873 -0.04437045711 -1.892316045e-23)
(-0.09446803136 -0.05675333141 4.606454602e-24)
(-0.07826856268 -0.06378297987 0)
(-0.05922895107 -0.06393494759 -1.573063825e-23)
(-0.03933981754 -0.05653815725 -2.423236856e-26)
(-0.02114188678 -0.04235808751 0)
(-0.00731870124 -0.02398229284 -1.520607441e-22)
(-0.000521615607 -0.005925545746 6.056199443e-22)
(-0.0004990814575 0.02064574188 -9.774071712e-23)
(-0.01052950749 0.05045437298 2.831942583e-22)
(-0.02582957141 0.06912510707 1.526843857e-22)
(-0.04402137935 0.07849256976 3.619229331e-24)
(-0.06310738661 0.08029475572 -7.319381761e-23)
(-0.08190404347 0.07588042135 9.043324213e-23)
(-0.09947762705 0.06621689989 -3.590151289e-24)
(-0.1150227263 0.05201694515 -1.729139883e-24)
(-0.1277519059 0.03392358204 2.524116103e-24)
(-0.1368472479 0.01270233228 7.382408085e-24)
(-0.1414710402 -0.0105878198 -6.500639245e-24)
(-0.1408248062 -0.03446023793 -9.787668329e-24)
(-0.1342745851 -0.05692770993 -3.261730299e-23)
(-0.1215450133 -0.07553315428 -3.66129531e-23)
(-0.1029672573 -0.08754259734 5.645582693e-25)
(-0.07976369367 -0.0903920884 0)
(-0.05426682201 -0.08244513 0)
(-0.02987160781 -0.06397736306 -2.90600403e-24)
(-0.01066285048 -0.03798794455 2.970451915e-24)
(-0.0007350932857 -0.01050089485 1.027871134e-22)
(-0.0004479162838 0.0268725087 0)
(-0.01134923077 0.06480756632 2.001980139e-22)
(-0.02801599335 0.08829615983 8.962037221e-23)
(-0.04799856882 0.1001234813 0)
(-0.06920601443 0.1027076434 1.569868171e-22)
(-0.0904437253 0.09781577654 0)
(-0.11078316 0.0866110229 -1.428380353e-22)
(-0.1294093669 0.06983949835 6.515505637e-24)
(-0.1454771531 0.04808231924 0)
(-0.1580351705 0.02201755594 0)
(-0.1660133347 -0.007334436364 -1.374397006e-24)
(-0.168267145 -0.03838839102 -9.316657528e-25)
(-0.1637064592 -0.06883975006 1.491964024e-22)
(-0.1515208663 -0.09558274771 -4.704621201e-23)
(-0.131513447 -0.1148298554 -2.560931523e-24)
(-0.1045596013 -0.1225703308 1.534685865e-24)
(-0.07309349504 -0.1155517873 -1.558894432e-24)
(-0.04135021285 -0.0928311485 0)
(-0.015252302 -0.05740767237 3.203783867e-24)
(-0.00104430902 -0.01714714383 -1.012906852e-21)
(-0.0003744667312 0.03346304172 0)
(-0.01175006017 0.07998917829 -1.128269383e-22)
(-0.02920707698 0.1086390812 -6.19111529e-22)
(-0.05031744627 0.123223384 -3.755290653e-22)
(-0.07296316937 0.1269096888 0)
(-0.09598959617 0.1219255516 4.119442878e-22)
(-0.118527342 0.109634855 1.26091794e-22)
(-0.1398146351 0.09078245266 -5.581809721e-24)
(-0.1590221477 0.06581392879 5.554182762e-24)
(-0.1751460926 0.03520881136 0)
(-0.1869559906 -0.0001967435097 2.912118636e-23)
(-0.193017257 -0.03889753661 4.695810831e-24)
(-0.1917809834 -0.07843887588 -1.076800308e-22)
(-0.1817874358 -0.1151865265 8.004138446e-23)
(-0.1620570364 -0.1442599343 -2.419730999e-22)
(-0.1327061942 -0.1598548507 0)
(-0.0957788774 -0.1563112774 0)
(-0.05601632817 -0.1302980993 0)
(-0.02147859051 -0.08381134552 0)
(-0.001500384649 -0.02665516115 5.572080657e-22)
(-0.0002873901084 0.04016077253 0)
(-0.01169359606 0.09543610496 -3.492999947e-22)
(-0.02924438198 0.129407349 8.932766531e-22)
(-0.0506094706 0.1469299012 3.617163482e-22)
(-0.07370082299 0.1519748516 0)
(-0.09745150701 0.1472757822 -3.862541533e-22)
(-0.121106979 0.1344191841 -3.174421881e-23)
(-0.1440324738 0.1141393247 3.333098204e-22)
(-0.1655143188 0.08670006279 1.769471001e-22)
(-0.1846248475 0.05229123531 -4.060142927e-23)
(-0.2001325764 0.01141716575 1.656822133e-23)
(-0.2104622394 -0.03471423447 -8.265218906e-24)
(-0.2137208477 -0.08376562636 3.37184895e-22)
(-0.2078215445 -0.131875623 0)
(-0.1908238481 -0.1732756005 2.420900018e-22)
(-0.1616335687 -0.2002593258 5.774729011e-24)
(-0.1211662649 -0.2040121578 -5.860847302e-24)
(-0.07384989534 -0.1772119846 1.548431495e-22)
(-0.0297178672 -0.1188642254 -5.435408928e-24)
(-0.00217954515 -0.04005398478 0)
(-0.0002117198277 0.04671639499 0)
(-0.01125001071 0.1105498013 0)
(-0.0281562446 0.1497354856 -5.022741394e-22)
(-0.04874479271 0.1701517443 -1.880992925e-23)
(-0.0710008654 0.1766256989 2.038373829e-23)
(-0.09399451342 0.172452637 -2.014306384e-23)
(-0.1171434282 0.1594870875 -2.316879438e-23)
(-0.1400179486 0.1384805005 -3.029817333e-22)
(-0.1621328875 0.1095160677 6.698616653e-23)
(-0.1827959023 0.07245186978 4.513167474e-23)
(-0.2009835544 0.02734929218 -4.577709268e-23)
(-0.215227025 -0.02508697068 0)
(-0.2235562197 -0.08298350402 -7.839635333e-23)
(-0.2234632177 -0.1427257215 0)
(-0.2120679407 -0.198182075 -3.739553722e-22)
(-0.186743452 -0.2400773556 5.244937949e-22)
(-0.1464438276 -0.2560773275 0)
(-0.09394567509 -0.2331209384 -1.493978103e-22)
(-0.04022000882 -0.1639613575 1.937533839e-22)
(-0.003201100197 -0.05861062817 -3.411513478e-22)
(-0.000201540927 0.05297584681 0)
(-0.01067261921 0.1248172278 9.182852529e-22)
(-0.02628446783 0.1687424433 -2.440680298e-23)
(-0.04501107968 0.1916454979 9.193322018e-22)
(-0.06494597689 0.1992920899 -2.512081518e-23)
(-0.08536628742 0.1956104181 2.838840077e-23)
(-0.1059305671 0.1827886735 -2.812926175e-23)
(-0.1264924213 0.1616583435 -1.660916108e-23)
(-0.1468996877 0.1321762264 -5.260223279e-22)
(-0.1668458191 0.09389646647 -8.906618373e-24)
(-0.1857303061 0.04640576647 9.660183926e-24)
(-0.2024781723 -0.01023784117 3.313074461e-22)
(-0.2154154648 -0.07499819475 -5.820732387e-22)
(-0.2220209744 -0.1450311735 0)
(-0.2188032121 -0.21467605 8.887308095e-22)
(-0.201625753 -0.2740016295 -4.940871572e-22)
(-0.1668639187 -0.3075811826 -1.572218209e-23)
(-0.1140220083 -0.2953811789 0)
(-0.05288481927 -0.2195802485 -1.890167815e-22)
(-0.004749188021 -0.08377277578 3.360571537e-22)
(-0.0003641988722 0.05902317446 1.551007854e-23)
(-0.01049574095 0.1379881404 -8.764180989e-22)
(-0.02441389777 0.1856803964 -1.157057356e-21)
(-0.04026724768 0.2101384599 -8.628971956e-22)
(-0.05630730051 0.2182348765 0)
(-0.07214857079 0.2146190144 3.513801489e-23)
(-0.08779222217 0.2018791859 -7.294859377e-23)
(-0.1034562858 0.1810005549 5.867879623e-23)
(-0.1193983948 0.1518997217 3.021364094e-22)
(-0.1357931628 0.1139150579 -1.1281949e-23)
(-0.1526082406 0.06621425339 0)
(-0.1694521463 0.008177209578 -3.603926156e-22)
(-0.1852760683 -0.06015986907 7.515661849e-22)
(-0.1980448596 -0.137274692 8.831696915e-22)
(-0.2043546329 -0.2189261786 -5.296619785e-22)
(-0.1990977658 -0.2959712803 5.162682191e-22)
(-0.1760605355 -0.3514072472 1.078227962e-23)
(-0.1300890638 -0.3584150669 -1.095542923e-23)
(-0.06688803271 -0.2843276417 -8.215495549e-23)
(-0.007083319786 -0.1169964377 0)
(-0.0009095781401 0.06540041293 -1.91148467e-23)
(-0.01167591951 0.150281633 -1.326964224e-21)
(-0.0238888244 0.2000659442 1.094235849e-21)
(-0.03601340927 0.2244216832 6.734921571e-22)
(-0.04657309396 0.2316588112 6.014624711e-22)
(-0.05577039294 0.2272393584 6.643950146e-22)
(-0.06411246652 0.2141774793 -4.458674175e-23)
(-0.07227562642 0.1936494332 -3.461334776e-22)
(-0.08096974029 0.1656028303 2.152161116e-22)
(-0.09087193457 0.1292707372 0)
(-0.1025547569 0.08353082886 0)
(-0.1163622273 0.02720011315 2.655395391e-22)
(-0.1321589673 -0.04062005305 8.194328447e-23)
(-0.1489252425 -0.1200128229 -2.821620239e-22)
(-0.1641284375 -0.2089300606 -5.411267334e-23)
(-0.1727877693 -0.3006992417 1.301951604e-22)
(-0.1670311354 -0.3793329006 -3.400496167e-22)
(-0.1365292463 -0.413645187 -1.593932287e-23)
(-0.08018250185 -0.3538326115 8.204267983e-23)
(-0.01050762285 -0.1594130527 -6.032178533e-22)
(-0.002260498833 0.07348883314 0)
(-0.01580355912 0.162652171 2.14587259e-21)
(-0.02665043064 0.2117904645 0)
(-0.03422340299 0.2333947162 -1.351806337e-21)
(-0.03759399381 0.2377766714 6.184052614e-23)
(-0.03799686316 0.2312553424 -6.193088192e-22)
(-0.03668267113 0.2171898935 -4.756279864e-22)
(-0.03489037665 0.1968934449 8.301248503e-22)
(-0.0337883932 0.1703342373 -1.885696889e-22)
(-0.03449877885 0.1367221095 0)
(-0.03811574156 0.09479674048 0)
(-0.04564993836 0.04304287157 2.410615738e-23)
(-0.05790805653 -0.02013780576 -6.007194912e-22)
(-0.07514599816 -0.09620649532 -4.309564046e-22)
(-0.09645176131 -0.1855556105 4.637859047e-22)
(-0.1183462711 -0.2853567704 -6.488727062e-22)
(-0.1332715452 -0.3838386464 9.119938616e-23)
(-0.1265351029 -0.450435864 2.93742281e-23)
(-0.08899154222 -0.4198536303 5.660453247e-22)
(-0.01526917937 -0.2111719692 6.02081124e-22)
(-0.005180899664 0.08598045821 0)
(-0.0252555093 0.1766291147 1.465579547e-22)
(-0.03483408507 0.2205961487 -4.917139824e-23)
(-0.03640014682 0.2354859266 7.642921896e-22)
(-0.03018484086 0.2343406665 -7.005369614e-22)
(-0.01916580655 0.2241603801 4.746475511e-23)
(-0.00561516368 0.208352578 -1.018608167e-22)
(0.008569593452 0.1881241049 -3.389885797e-22)
(0.02179884676 0.1633911259 2.062820961e-22)
(0.03262779961 0.1333242747 0)
(0.03958457084 0.09664086536 0)
(0.04117011865 0.05174056921 -2.902665995e-22)
(0.03578482528 -0.003255392522 0)
(0.02198183502 -0.07058360306 -5.512183582e-22)
(-0.001264856512 -0.1525735456 -1.492375811e-23)
(-0.0331047076 -0.25059498 2.55973568e-23)
(-0.06909236516 -0.3599341471 2.203133821e-22)
(-0.09227827459 -0.4575424482 4.788144836e-24)
(-0.0871809011 -0.4698129365 -5.789422304e-22)
(-0.02103127169 -0.2698972265 0)
(-0.01111631546 0.1085974968 0)
(-0.04248902016 0.1947151651 -8.848472838e-22)
(-0.04795529375 0.2258195467 -5.41103563e-22)
(-0.03919536709 0.2282135501 4.543812384e-22)
(-0.01877831316 0.2182328077 -1.709988234e-24)
(0.007664301679 0.2028220299 -4.561044079e-23)
(0.03667992055 0.1847619724 5.696675121e-22)
(0.06582997177 0.1647118186 -2.766887553e-23)
(0.09327129457 0.1423128169 -2.069779884e-22)
(0.1173891465 0.1166274949 3.142210831e-23)
(0.136546155 0.08641144147 -3.425914613e-23)
(0.148966914 0.05017669388 -3.690591794e-23)
(0.1525275666 0.006159170977 3.205631474e-22)
(0.144936693 -0.0479612663 6.119602292e-22)
(0.1235159702 -0.1153052874 -5.101167573e-22)
(0.08633532697 -0.200419562 -1.616054432e-22)
(0.03199088647 -0.3067806568 1.531311947e-22)
(-0.02362123617 -0.4239837121 7.293658503e-23)
(-0.06492413246 -0.4871612762 1.9132925e-21)
(-0.02509971733 -0.3291544723 2.954992476e-21)
(-0.02004680467 0.1460727405 -4.390205244e-23)
(-0.06416406315 0.2112955851 4.41737798e-23)
(-0.05070230809 0.2177300457 1.000187822e-21)
(-0.0193409783 0.2014679955 -8.270529812e-24)
(0.02414464211 0.1809076148 0)
(0.07154121131 0.1606933321 4.363716834e-23)
(0.1190703299 0.1416495473 -2.273849091e-22)
(0.1644767217 0.1233181809 -9.027946908e-23)
(0.206225104 0.1048117292 3.680730824e-23)
(0.2429642905 0.08507140173 -1.701653691e-23)
(0.2732207468 0.06296147853 3.429967918e-23)
(0.2952536009 0.03726294055 -6.592676559e-23)
(0.3066970972 0.006535070684 -9.30390138e-23)
(0.3049738237 -0.03087769806 1.517042812e-22)
(0.2863936187 -0.0778629077 0)
(0.2470568034 -0.1399300355 1.505606965e-22)
(0.1810922195 -0.2266299746 2.560014441e-22)
(0.09604449936 -0.3443894939 0)
(-0.006697617514 -0.4552210209 -3.675636287e-21)
(-0.01922408232 -0.3777537579 -2.892621916e-21)
(-0.02591951325 0.2276828805 -9.514202699e-22)
(-0.03998324631 0.2238216532 -1.388975683e-22)
(0.03656136895 0.1810585356 -2.335579952e-22)
(0.1090503038 0.1451059082 -1.193741061e-22)
(0.1817191166 0.1172445486 -4.295822438e-23)
(0.2490090686 0.09627907573 9.783171395e-23)
(0.310033664 0.08002510398 -1.408590732e-22)
(0.3646209259 0.06656815354 1.297173934e-22)
(0.4126252415 0.05449178944 -8.620112511e-23)
(0.453625022 0.04270895012 1.132185313e-25)
(0.4867878648 0.03032298529 1.527740664e-23)
(0.5107451298 0.01652901978 7.997199494e-23)
(0.5236597402 0.0005365154354 -1.811122569e-22)
(0.5231797972 -0.01863373155 -1.617144952e-22)
(0.505232339 -0.04286478886 -4.262945046e-23)
(0.465871506 -0.07633231145 0)
(0.3952696482 -0.1286089383 -1.846480057e-22)
(0.2916071036 -0.2208468098 8.148766131e-22)
(0.1197455098 -0.3525016902 1.631602031e-21)
(0.02670547238 -0.3775497978 2.172656135e-21)
(0.2142894471 0.134744721 9.864987453e-22)
(0.2776311193 0.09870503583 0)
(0.4316592301 0.05810414858 -2.594319153e-22)
(0.5304749353 0.03846264958 -1.741665245e-22)
(0.6016965747 0.02623419126 0)
(0.6571198943 0.01831923502 -6.009085998e-23)
(0.7015213578 0.01313600885 6.377994842e-23)
(0.7376042469 0.009542126751 -1.800154758e-23)
(0.7669368383 0.00680446399 2.885971371e-23)
(0.7902106651 0.004464744233 2.315031182e-23)
(0.807455498 0.00222132013 0)
(0.818262133 -0.0001500747546 -2.873030815e-23)
(0.8216499698 -0.002723848112 0)
(0.8162394187 -0.005712668566 2.738146479e-23)
(0.7991333145 -0.009611382805 1.421687389e-23)
(0.7679986345 -0.01500255108 -5.799408362e-23)
(0.7106555757 -0.02502519961 -2.535662499e-22)
(0.6235183981 -0.04204285414 -6.918103874e-22)
(0.423009102 -0.09182968087 0)
(0.2705674689 -0.1524021841 -2.119483994e-21)
)


// ************************************************************************* //
