/*--------------------------------*- C++ -*----------------------------------*\
  =========                 |
  \\      /  F ield         | OpenFOAM: The Open Source CFD Toolbox
   \\    /   O peration     | Website:  https://openfoam.org
    \\  /    A nd           | Version:  13
     \\/     M anipulation  |
\*---------------------------------------------------------------------------*/
FoamFile
{
    format      ascii;
    class       scalarField;
    location    "13.35";
    object      p_all;
}
// * * * * * * * * * * * * * * * * * * * * * * * * * * * * * * * * * * * * * //


400
(
-4.611361234e-07
-0.0005428609761
-0.0008802396373
-0.001003436224
-0.0009210499944
-0.0006653554507
-0.0002737632204
0.0002179127111
0.0007733563458
0.001352359132
0.001909561512
0.002392498856
0.002746070898
0.002917394896
0.002864952257
0.00257047577
0.002053726383
0.001371403966
0.0007177891295
0.0001254930393
0.0005811608066
5.56337899e-06
-0.0003532827692
-0.0004912039207
-0.0004564521816
-0.0002755572883
2.212759821e-05
0.000407343566
0.00084875339
0.001309292192
0.001749413349
0.002118199843
0.002365509623
0.002444168711
0.002320282514
0.001984774879
0.001463770584
0.0008215930405
0.0002290456123
-0.0004305266651
0.0009399537168
0.0003020747468
-9.383573977e-05
-0.0002355708939
-0.0002247946838
-9.151101511e-05
0.0001401616468
0.0004488089152
0.0008106750944
0.001194351843
0.001566302087
0.00187454739
0.002068896927
0.002100793491
0.00193510916
0.001561753412
0.001004151393
0.0003181882912
-0.0003752383757
-0.001207540159
0.0009603777369
0.0002494493723
-0.0001948800385
-0.0003421812717
-0.0003460106395
-0.0002430816494
-5.424842984e-05
0.0002075842113
0.0005285595055
0.0008878767969
0.001245979221
0.001558721922
0.0017660521
0.001807807923
0.001635267799
0.001224913635
0.0005881547609
-0.0002288110347
-0.001137870809
-0.002281168979
0.0004660070755
-0.0002921018994
-0.00076475685
-0.0009109340674
-0.0009254312283
-0.0008494707763
-0.0006984513467
-0.0004734073597
-0.0001745851565
0.0001883138599
0.0005850432374
0.0009674087395
0.001264708575
0.001396577136
0.001287005541
0.0008829588691
0.0001702489533
-0.000819409783
-0.00202173182
-0.00354098256
-0.0006933444605
-0.00146722208
-0.001949966331
-0.002094759756
-0.002129460498
-0.002096382285
-0.002001354878
-0.001828125966
-0.001556347634
-0.001176279925
-0.0007036379691
-0.0001828408685
0.0003040186857
0.0006479115806
0.0007277542054
0.0004361085169
-0.0002922423121
-0.001455519905
-0.003017412607
-0.005013367967
-0.002654059061
-0.003410032901
-0.003895669623
-0.004053715187
-0.004140833664
-0.004197149875
-0.004214066626
-0.004150966235
-0.003956753339
-0.003588733588
-0.003033004935
-0.002315279919
-0.001521020852
-0.0007915359189
-0.0003137224746
-0.0002870842363
-0.0008735862498
-0.002139687323
-0.004102489581
-0.006685220768
-0.005525206812
-0.006236138325
-0.006728302136
-0.006933425503
-0.007133696629
-0.007364948812
-0.007600067064
-0.007766569829
-0.007769953263
-0.007515494699
-0.006934383773
-0.006003336488
-0.004789468282
-0.003456072931
-0.002272216245
-0.001578914464
-0.001710259714
-0.002879516252
-0.005224598806
-0.008504907843
-0.009377160812
-0.01002167349
-0.0105325307
-0.01083410951
-0.01123296844
-0.01176157639
-0.01237303534
-0.0129574198
-0.01336411751
-0.0134230521
-0.01297179138
-0.01190821572
-0.01022003546
-0.008059606218
-0.005774117143
-0.00389460698
-0.003033971842
-0.003690780561
-0.006269079979
-0.01032167693
-0.01422664659
-0.01478628849
-0.01532750337
-0.01577422875
-0.01646201913
-0.01742611135
-0.01860355975
-0.01984612343
-0.02093812039
-0.0216137494
-0.02158535164
-0.02059773625
-0.01850470366
-0.01536893491
-0.01156612197
-0.007832716863
-0.005176538342
-0.004589740136
-0.007011675524
-0.01180026899
-0.02003096666
-0.02048454078
-0.02104960698
-0.02165781582
-0.02269034428
-0.02419861131
-0.02611347462
-0.02825377264
-0.03033733479
-0.0319901578
-0.03276855749
-0.0322120823
-0.02996332044
-0.02587925296
-0.02025304676
-0.01396377412
-0.008481863856
-0.00553965549
-0.007041520706
-0.01228496923
-0.02670246768
-0.02701442309
-0.0275511999
-0.02825788462
-0.02960015184
-0.03166801298
-0.034401226
-0.03759576017
-0.04090835352
-0.0438564968
-0.04582786844
-0.04612043095
-0.04411580571
-0.03933478824
-0.03182555445
-0.02243772275
-0.01304067361
-0.006289747086
-0.005630128654
-0.01059120508
-0.03415645426
-0.03424895008
-0.03461929438
-0.03522273743
-0.03668741778
-0.03917391151
-0.04264729133
-0.04688944724
-0.05150176208
-0.05590058406
-0.05931506651
-0.06083125243
-0.05943833311
-0.05433997544
-0.04515544334
-0.03244651975
-0.01823301106
-0.006055949437
-0.001506882431
-0.004719767037
-0.04241633891
-0.04209772314
-0.04201699815
-0.04211010325
-0.04330904972
-0.04588283992
-0.04983108786
-0.05491965751
-0.06068768188
-0.06645504204
-0.07129979825
-0.07408717496
-0.07353206604
-0.06840502748
-0.05783349729
-0.04185190877
-0.02225621378
-0.00309657456
0.007485925024
0.008461323454
-0.0518129954
-0.05057790061
-0.04950312449
-0.04840356071
-0.04873845917
-0.05090717872
-0.05492555741
-0.06052150395
-0.06713592762
-0.07398224025
-0.07998337439
-0.08380016954
-0.08388974208
-0.07863502943
-0.06667631994
-0.0473838047
-0.0220074891
0.005607684161
0.02480765206
0.03360115912
-0.06346789108
-0.06001749856
-0.05694017486
-0.05361410976
-0.05230840173
-0.05350125461
-0.05714108638
-0.06291170366
-0.06999999072
-0.07753307968
-0.08423819488
-0.08856216115
-0.08872331147
-0.08270629796
-0.06875972586
-0.04555854855
-0.01371005734
0.02445497011
0.05557249522
0.07737823815
-0.08002224829
-0.07092878511
-0.06399601451
-0.0570541319
-0.05331759274
-0.05308133285
-0.05609084528
-0.06171357833
-0.06903253362
-0.07688531934
-0.08379479375
-0.08796661494
-0.08733626615
-0.07957300653
-0.06244608828
-0.03405490754
0.005518071109
0.05859688594
0.1058029538
0.1480436521
-0.1103792891
-0.085745604
-0.07152420295
-0.05890615077
-0.05184769565
-0.04979250819
-0.05197551473
-0.05734462198
-0.06466757023
-0.07250775759
-0.07915186945
-0.08255871503
-0.080419028
-0.06983432446
-0.04823028345
-0.01276048429
0.03817284028
0.1070724516
0.177918124
0.2564133432
-0.1683431617
-0.09983020041
-0.07496219358
-0.05477045381
-0.04458780106
-0.04152797638
-0.04362158395
-0.04924619489
-0.05685125111
-0.06479201096
-0.0711906922
-0.07383579483
-0.07002492133
-0.05696682376
-0.03103227286
0.01188513882
0.0755290044
0.1663263424
0.2760822921
0.4376290596
-0.3983367085
-0.1380290923
-0.07493407906
-0.04707429014
-0.03353359227
-0.0299897264
-0.0327238313
-0.03914713621
-0.04740914971
-0.05577396308
-0.06233885434
-0.06489096836
-0.06089409161
-0.04691672692
-0.01875066208
0.02990241357
0.1068956655
0.2333560044
0.4198060732
0.7799518888
)


// ************************************************************************* //
