/*--------------------------------*- C++ -*----------------------------------*\
  =========                 |
  \\      /  F ield         | OpenFOAM: The Open Source CFD Toolbox
   \\    /   O peration     | Website:  https://openfoam.org
    \\  /    A nd           | Version:  13
     \\/     M anipulation  |
\*---------------------------------------------------------------------------*/
FoamFile
{
    format      ascii;
    class       vectorField;
    location    "29.27";
    object      U_all;
}
// * * * * * * * * * * * * * * * * * * * * * * * * * * * * * * * * * * * * * //


400
(
(1.094921404e-05 -3.78694166e-05 0)
(-0.0006661532757 0.0004130335673 -1.547677988e-23)
(-0.002185380334 0.0009203865066 0)
(-0.004047815148 0.001312770481 0)
(-0.005971830486 0.001535054106 6.840253894e-25)
(-0.007762729228 0.001569836284 4.152439619e-24)
(-0.009284479109 0.001423553297 -7.357610722e-24)
(-0.01043586773 0.001119715235 7.547049129e-24)
(-0.01113673821 0.0006960776746 -2.096790096e-25)
(-0.01132703818 0.0002030764303 -3.99669622e-24)
(-0.0109717073 -0.0003002309696 5.805843451e-24)
(-0.01007227487 -0.0007475109484 -5.931333489e-23)
(-0.008679842235 -0.001075555968 -6.55445695e-23)
(-0.006902831476 -0.001233038201 -7.786068776e-23)
(-0.004910731856 -0.001192634582 4.574695479e-24)
(-0.002927237703 -0.0009619197828 -4.13909433e-24)
(-0.001205312132 -0.0005912143394 -1.999528563e-22)
(-1.908228337e-05 -0.0001698877673 0)
(0.0005181442423 0.0001720800054 1.512973238e-25)
(0.0002227491749 0.0003059748196 -2.596710009e-24)
(-0.000263388492 0.0008289110933 1.385855774e-25)
(-0.002703315662 0.003383792564 1.557412618e-23)
(-0.006907240543 0.005604440951 1.549719974e-25)
(-0.01195223348 0.007008140521 -8.484078931e-25)
(-0.01713490885 0.007553708737 1.160461021e-24)
(-0.02197517606 0.007294138896 1.305155674e-23)
(-0.0261105495 0.00632184574 1.405933232e-24)
(-0.02926541496 0.004754161214 -7.298335724e-24)
(-0.03122649031 0.00273713888 1.016065812e-23)
(-0.03184177655 0.0004524123665 4.512359646e-24)
(-0.03102740103 -0.001884119539 -6.321307627e-24)
(-0.02879298436 -0.004022989969 2.961564023e-24)
(-0.02527124126 -0.005708306894 3.896438102e-23)
(-0.02073184974 -0.006707361636 -1.955340767e-24)
(-0.01558956899 -0.006854099982 3.755636891e-24)
(-0.01038511144 -0.006097438361 -9.744870988e-23)
(-0.005730273435 -0.004546178008 9.641702236e-23)
(-0.002233378794 -0.002507426314 -3.967776902e-25)
(-0.0001817866058 -0.0005023890859 4.067845394e-25)
(8.343381311e-05 0.0006099121586 0)
(-0.0004188262847 0.002935037333 -2.913276654e-25)
(-0.004647850622 0.00880392033 1.705866315e-23)
(-0.01137187281 0.01324029087 -8.248198956e-24)
(-0.01932712808 0.01579188986 -2.069930442e-25)
(-0.02747387815 0.01652984935 2.033490295e-25)
(-0.03511748199 0.01564428202 7.388949774e-27)
(-0.04171308932 0.01335987072 -1.237848615e-24)
(-0.0468353246 0.009919704696 -4.562683254e-25)
(-0.05014948392 0.005602411142 -1.063925098e-23)
(-0.05141192114 0.0007444435761 0)
(-0.0504775619 -0.004241717248 0)
(-0.04733673732 -0.008887091884 2.671950556e-23)
(-0.04215901136 -0.01268165477 2.813921918e-23)
(-0.03531417126 -0.01513593279 -1.646751844e-24)
(-0.02738982445 -0.01586178832 4.847834628e-23)
(-0.01916997847 -0.01467326022 9.42305621e-23)
(-0.01156087131 -0.01169355727 3.979523899e-23)
(-0.005465403021 -0.007450732461 4.154629938e-25)
(-0.001451102386 -0.002936059406 1.067122265e-25)
(-9.072699577e-05 0.0002258574666 0)
(-0.0005024611638 0.006045285169 -4.252434442e-23)
(-0.006402687623 0.01637058927 -1.696086326e-23)
(-0.01553488679 0.02355910317 8.175085039e-24)
(-0.0262788832 0.02744136463 0)
(-0.03728713074 0.02832076385 0)
(-0.04768994931 0.02658749793 0)
(-0.05679613454 0.02263102738 -4.523376175e-26)
(-0.0640532976 0.01683598314 -2.127171744e-24)
(-0.069010251 0.009622148522 0)
(-0.07130772058 0.001491090761 1.637686535e-24)
(-0.07070800796 -0.006936394421 2.80415673e-25)
(-0.06712991932 -0.01493002334 -2.812008297e-25)
(-0.0606986516 -0.02166708033 0)
(-0.05180718264 -0.02631584396 4.135194345e-23)
(-0.04114967945 -0.02816050823 -4.683488746e-23)
(-0.02971954551 -0.02677355846 -2.763957486e-23)
(-0.01873707803 -0.02221519517 -3.964730594e-23)
(-0.009487989169 -0.01521917171 7.795722921e-25)
(-0.002976871054 -0.007298194428 9.786062241e-23)
(-0.0002318785239 -0.0008661863896 0)
(-0.0005316086357 0.01009491525 4.273117704e-23)
(-0.007983520241 0.02595193913 4.779455624e-25)
(-0.01939669716 0.03642847561 -4.670294581e-25)
(-0.03282352662 0.04185481505 0)
(-0.04664647334 0.04289446922 7.777307201e-25)
(-0.0598517739 0.04020040504 -7.669471905e-25)
(-0.07163230562 0.03434715846 3.670535621e-23)
(-0.08132684474 0.02585647973 1.846358953e-23)
(-0.08836531198 0.01527293019 6.233940915e-24)
(-0.09225399528 0.003246202884 -1.639594462e-24)
(-0.09260312527 -0.009407674895 0)
(-0.08917493645 -0.0216745385 4.373563198e-25)
(-0.08195925054 -0.03236715035 1.01001409e-23)
(-0.07126840599 -0.04021217483 -4.351348955e-23)
(-0.05781984248 -0.04402014615 1.934128288e-24)
(-0.04278558671 -0.04294802057 4.221252103e-23)
(-0.02775435359 -0.03683326852 -3.848075535e-25)
(-0.0145505484 -0.02652709542 0)
(-0.004859438998 -0.01408450994 5.436507027e-23)
(-0.0003641457645 -0.0028469625 -2.564628988e-22)
(-0.0005272164413 0.01499913154 9.837737991e-23)
(-0.009377841964 0.03738986316 -4.904911373e-25)
(-0.02288162664 0.05170174324 0)
(-0.03883010016 0.05894129542 0)
(-0.05538610075 0.06025522585 -8.730229338e-23)
(-0.07142818138 0.05661855636 -8.497246301e-23)
(-0.08606585935 0.04880133727 -4.065617508e-23)
(-0.09855010757 0.03743958394 -1.503482642e-23)
(-0.1081937378 0.02315976125 -5.364549126e-24)
(-0.114343669 0.00670974567 -8.172566956e-24)
(-0.1164038367 -0.01093271935 6.598503944e-24)
(-0.1138930046 -0.02848913261 8.821824185e-24)
(-0.1065480377 -0.04437005922 -1.892278735e-23)
(-0.0944674777 -0.05675288773 4.586879647e-24)
(-0.0782681195 -0.06378253536 0)
(-0.05922862516 -0.06393454859 -1.574970802e-23)
(-0.0393396063 -0.05653784464 -2.36331637e-26)
(-0.02114177594 -0.04235788725 0)
(-0.007318664244 -0.02398220546 -1.520207916e-22)
(-0.0005216126037 -0.005925537878 6.055362082e-22)
(-0.0004990787096 0.02064555126 -9.770725422e-23)
(-0.0105294256 0.05045391338 2.831592115e-22)
(-0.02582937031 0.06912449162 1.526670363e-22)
(-0.04402104155 0.07849189622 3.618689026e-24)
(-0.06310691425 0.08029410387 -7.319259764e-23)
(-0.08190345025 0.07587985312 9.041582026e-23)
(-0.0994769338 0.06621646019 -3.589611822e-24)
(-0.1150219577 0.05201666323 -1.728864514e-24)
(-0.1277510891 0.03392347312 2.52370324e-24)
(-0.1368464112 0.01270239895 7.380352256e-24)
(-0.1414702126 -0.01058758662 -6.498401091e-24)
(-0.1408240167 -0.03445985901 -9.782766018e-24)
(-0.1342738613 -0.05692721699 -3.261787047e-23)
(-0.1215443802 -0.07553258998 -3.658198966e-23)
(-0.1029667352 -0.08754201386 5.639269896e-25)
(-0.07976329659 -0.09039154367 0)
(-0.05426655466 -0.08244468036 0)
(-0.02987146111 -0.06397705143 -2.905369344e-24)
(-0.01066279772 -0.03798778581 2.969803167e-24)
(-0.0007350886201 -0.0105008635 1.027862448e-22)
(-0.0004479149209 0.02687227088 0)
(-0.01134915738 0.06480700421 2.001956432e-22)
(-0.02801581168 0.08829541583 8.96201368e-23)
(-0.04799826003 0.1001226726 0)
(-0.06920557825 0.1027068627 1.569692489e-22)
(-0.09044317316 0.09781509472 0)
(-0.1107825108 0.08661049127 -1.428277852e-22)
(-0.1294086434 0.0698391505 6.514922292e-24)
(-0.1454763795 0.0480821728 0)
(-0.1580343713 0.02201761425 0)
(-0.1660125349 -0.007334182724 -1.374245733e-24)
(-0.1682663695 -0.03838796263 -9.315082124e-25)
(-0.1637057326 -0.06883917928 1.491759018e-22)
(-0.1515202133 -0.09558207818 -4.704649681e-23)
(-0.131512891 -0.1148291425 -2.560280828e-24)
(-0.1045591628 -0.1225696403 1.534040832e-24)
(-0.07309318756 -0.11555119 -1.558239211e-24)
(-0.04135003642 -0.092830708 0)
(-0.01525223467 -0.05740742548 3.203446468e-24)
(-0.001044302834 -0.01714708111 -1.012819554e-21)
(-0.0003744674724 0.03346276695 0)
(-0.01175000509 0.07998853074 -1.128095124e-22)
(-0.02920693555 0.1086382273 -6.190743564e-22)
(-0.05031720059 0.1232224592 -3.755100136e-22)
(-0.07296281707 0.1269087984 0)
(-0.09598914555 0.1219247742 4.119236422e-22)
(-0.1185268086 0.1096342463 1.260827377e-22)
(-0.1398140381 0.09078204839 -5.581487092e-24)
(-0.1590215073 0.06581374739 5.55386173e-24)
(-0.1751454284 0.03520885606 0)
(-0.18695532 -0.0001964825141 2.911982189e-23)
(-0.1930165971 -0.03889707997 4.69548269e-24)
(-0.1917803516 -0.07843825491 -1.076693784e-22)
(-0.1817868501 -0.1151857826 8.003087788e-23)
(-0.1620565173 -0.1442591208 -2.419510406e-22)
(-0.1327057648 -0.159854035 0)
(-0.0957785597 -0.1563105398 0)
(-0.056016135 -0.1302975243 0)
(-0.02147851174 -0.08381099872 0)
(-0.001500377158 -0.02665505967 5.571641463e-22)
(-0.0002873940165 0.04016047533 0)
(-0.01169356877 0.09543540115 -3.492813106e-22)
(-0.02924430058 0.1294064184 8.932376419e-22)
(-0.05060931928 0.1469288927 3.616979073e-22)
(-0.07370059792 0.1519738819 0)
(-0.09745121355 0.1472749372 -3.862347788e-22)
(-0.121106629 0.1344185229 -3.174287854e-23)
(-0.1440320823 0.1141388837 3.332979979e-22)
(-0.1655139008 0.08669985897 1.769410323e-22)
(-0.1846244158 0.05229126935 -4.060011579e-23)
(-0.2001321405 0.01141742549 1.656809425e-23)
(-0.2104618056 -0.0347137714 -8.264863596e-24)
(-0.2137204205 -0.08376498978 3.371727204e-22)
(-0.2078211296 -0.1318748494 0)
(-0.1908234563 -0.1732747359 2.420679318e-22)
(-0.1616332187 -0.2002584304 5.77404027e-24)
(-0.1211659831 -0.2040113122 -5.860148293e-24)
(-0.07384970806 -0.1772112883 1.548202115e-22)
(-0.02971778328 -0.1188637766 -5.434708719e-24)
(-0.002179536656 -0.04005383911 0)
(-0.000211726995 0.04671609193 0)
(-0.0112500173 0.1105490774 0)
(-0.02815623829 0.1497345219 -5.022548459e-22)
(-0.04874476015 0.1701506963 -1.880929724e-23)
(-0.07100080126 0.1766246913 2.038306717e-23)
(-0.09399442 0.1724517621 -2.014240063e-23)
(-0.1171433134 0.1594864074 -2.316806406e-23)
(-0.1400178228 0.1384800511 -3.029709534e-22)
(-0.1621327602 0.1095158625 6.698579461e-23)
(-0.1827957795 0.07245190427 4.513018173e-23)
(-0.2009834363 0.02734954877 -4.577559779e-23)
(-0.2152269065 -0.02508651785 0)
(-0.2235560911 -0.08298288612 -7.839080154e-23)
(-0.2234630687 -0.1427249693 0)
(-0.2120677667 -0.1981812228 -3.739425732e-22)
(-0.1867432597 -0.2400764485 5.244695113e-22)
(-0.1464436395 -0.2560764333 0)
(-0.0939455265 -0.2331201592 -1.493755761e-22)
(-0.04021993049 -0.1639608197 1.937304285e-22)
(-0.003201091223 -0.05861043693 -3.411284606e-22)
(-0.0002015504785 0.0529755567 0)
(-0.01067266127 0.1248165236 9.182627362e-22)
(-0.02628454358 0.1687414953 -2.440614531e-23)
(-0.04501117885 0.1916444609 9.193102171e-22)
(-0.06494609204 0.1992910923 -2.512015208e-23)
(-0.08536641672 0.1956095566 2.838767503e-23)
(-0.1059307133 0.1827880124 -2.812854263e-23)
(-0.1264925889 0.1616579176 -1.660876526e-23)
(-0.1468998801 0.1321760445 -5.260101732e-22)
(-0.166846035 0.09389651721 -8.906415681e-24)
(-0.1857305376 0.04640602403 9.65997933e-24)
(-0.2024784062 -0.01023741032 3.313014918e-22)
(-0.2154156792 -0.07499762225 -5.820609184e-22)
(-0.2220211436 -0.145030488 0)
(-0.2188033153 -0.2146752742 8.887065093e-22)
(-0.2016257801 -0.274000788 -4.940643385e-22)
(-0.1668638796 -0.3075803192 -1.572144216e-23)
(-0.1140219363 -0.2953803805 0)
(-0.05288476189 -0.2195796544 -1.889942112e-22)
(-0.004749179533 -0.08377254422 3.360346617e-22)
(-0.0003642098652 0.05902291718 1.550972927e-23)
(-0.01049581632 0.1379874968 -8.763966223e-22)
(-0.02441405338 0.1856795141 -1.157034226e-21)
(-0.04026747743 0.2101374852 -8.628765576e-22)
(-0.05630759435 0.2182339371 0)
(-0.07214892092 0.2146182087 3.513727984e-23)
(-0.08779262356 0.2018785791 -7.29470954e-23)
(-0.1034567351 0.1810001805 5.86776306e-23)
(-0.1193988875 0.151899584 3.021301249e-22)
(-0.135793691 0.1139151389 -1.128174346e-23)
(-0.152608791 0.0662145193 0)
(-0.1694526972 0.008177618962 -3.60386045e-22)
(-0.1852765928 -0.06015935331 7.51554205e-22)
(-0.1980453275 -0.1372740996 8.831566405e-22)
(-0.2043550112 -0.2189255242 -5.296497472e-22)
(-0.1990980287 -0.2959705697 5.1625673e-22)
(-0.176060675 -0.3514064944 1.078157659e-23)
(-0.1300890991 -0.3584143278 -1.095471492e-23)
(-0.06688801361 -0.2843270433 -8.217659741e-23)
(-0.007083313456 -0.1169961799 0)
(-0.0009095899932 0.06540020663 -1.911448956e-23)
(-0.01167602293 0.1502810881 -1.326941825e-21)
(-0.02388904896 0.2000651745 1.094214093e-21)
(-0.03601375409 0.2244208187 6.734806637e-22)
(-0.04657354637 0.2316579734 6.01452263e-22)
(-0.05577093756 0.2272386437 6.643838268e-22)
(-0.06411308752 0.2141769519 -4.458598357e-23)
(-0.07227630976 0.1936491264 -3.461281804e-22)
(-0.08097047171 0.1656027445 2.152129873e-22)
(-0.09087269766 0.129270851 0)
(-0.1025555341 0.0835311038 0)
(-0.1163629971 0.0272005028 2.65536448e-22)
(-0.1321597048 -0.04061959404 8.194365049e-23)
(-0.1489259186 -0.1200123278 -2.82156211e-22)
(-0.1641290189 -0.2089295423 -5.411193699e-23)
(-0.1727882228 -0.3006986952 1.301953385e-22)
(-0.1670314384 -0.379332314 -3.400385264e-22)
(-0.1365293961 -0.4136445797 -1.594959239e-23)
(-0.08018253386 -0.3538320719 8.206429219e-23)
(-0.01050762102 -0.1594127916 -6.032375495e-22)
(-0.002260510844 0.07348869137 0)
(-0.01580368144 0.1626517554 2.145838561e-21)
(-0.0266507042 0.2117898463 0)
(-0.0342238327 0.2333940013 -1.351784911e-21)
(-0.03759456545 0.2377759689 6.184082848e-23)
(-0.03799755383 0.2312547421 -6.192983314e-22)
(-0.03668345199 0.2171894556 -4.75620966e-22)
(-0.03489122175 0.1968932069 8.301126884e-22)
(-0.03378927778 0.1703341941 -1.885669368e-22)
(-0.03449967676 0.1367222414 0)
(-0.03811663171 0.09479700957 0)
(-0.0456508009 0.04304323112 2.410636687e-23)
(-0.05790887432 -0.02013740181 -6.007128217e-22)
(-0.07514675152 -0.09620608708 -4.309513845e-22)
(-0.0964524264 -0.1855552146 4.637809747e-22)
(-0.1183468187 -0.2853563817 -6.488614555e-22)
(-0.13327195 -0.3838382392 9.119765556e-23)
(-0.1265353416 -0.4504354332 2.938509738e-23)
(-0.08899162459 -0.4198532059 5.660540158e-22)
(-0.01526918402 -0.2111717338 6.021007831e-22)
(-0.005180910174 0.08598038732 0)
(-0.02525563484 0.1766288462 1.465582859e-22)
(-0.03483437499 0.2205957071 -4.917072935e-23)
(-0.03640061227 0.2354853879 7.642809113e-22)
(-0.03018546891 0.2343401211 -7.005263748e-22)
(-0.01916657056 0.2241599068 4.746408163e-23)
(-0.005616018606 0.2083522327 -1.01859764e-22)
(0.008568679333 0.1881239179 -3.389838619e-22)
(0.02179790319 0.1633911011 2.062796418e-22)
(0.03262686712 0.1333243961 0)
(0.03958367328 0.09664110067 0)
(0.04116927537 0.05174087629 -2.902637111e-22)
(0.03578404293 -0.003255059075 0)
(0.02198112336 -0.07058327526 -5.512136185e-22)
(-0.001265485263 -0.1525732487 -1.492324652e-23)
(-0.03310523689 -0.250594716 2.559681023e-23)
(-0.069092788 -0.3599338919 2.203041048e-22)
(-0.09227855139 -0.4575421991 4.788693727e-24)
(-0.08718101358 -0.4698126574 -5.789515271e-22)
(-0.02103128339 -0.2698970443 0)
(-0.01111632103 0.1085974911 0)
(-0.04248912281 0.1947150388 -8.848370024e-22)
(-0.04795554761 0.2258192834 -5.410980068e-22)
(-0.03919579057 0.228213193 4.543758493e-22)
(-0.01877889974 0.2182324249 -1.70999521e-24)
(0.007663576776 0.2028216839 -4.560982708e-23)
(0.03667909836 0.1847617132 5.696597304e-22)
(0.06582909275 0.1647116674 -2.766853856e-23)
(0.09327039827 0.1423127889 -2.069755122e-22)
(0.1173882722 0.1166275803 3.142177006e-23)
(0.1365453303 0.08641161756 -3.425881269e-23)
(0.1489661568 0.05017692901 -3.690560037e-23)
(0.1525268915 0.006159430562 3.205604306e-22)
(0.1449361048 -0.04796101693 6.119549413e-22)
(0.1235154627 -0.1153050737 -5.101117852e-22)
(0.08633490854 -0.200419394 -1.616016281e-22)
(0.03199052069 -0.3067805266 1.53134791e-22)
(-0.02362149759 -0.4239835809 7.293708551e-23)
(-0.0649242387 -0.487161127 1.913299377e-21)
(-0.02509973187 -0.3291543557 2.955000252e-21)
(-0.02004680067 0.1460727754 -4.390173515e-23)
(-0.06416411013 0.2112955639 4.417346057e-23)
(-0.0507024596 0.2177299302 1.000178435e-21)
(-0.01934126183 0.2014678011 -8.27016465e-24)
(0.02414421744 0.1809073832 0)
(0.07154065597 0.1606931075 4.363657068e-23)
(0.1190696749 0.1416493675 -2.273818228e-22)
(0.1644760038 0.1233180678 -9.027821621e-23)
(0.2062243625 0.1048116952 3.680682399e-23)
(0.2429635644 0.08507144404 -1.701636303e-23)
(0.2732200679 0.06296158401 3.429934534e-23)
(0.2952529951 0.03726308841 -6.592614148e-23)
(0.3066965696 0.006535236841 -9.303833787e-23)
(0.3049733786 -0.03087753767 1.517026965e-22)
(0.2863932563 -0.07786277435 0)
(0.2470565145 -0.1399299432 1.505564323e-22)
(0.1810919856 -0.2266299324 2.560018006e-22)
(0.09604432465 -0.344389442 0)
(-0.006697706768 -0.4552209655 -3.675647481e-21)
(-0.01922409685 -0.3777537068 -2.892629432e-21)
(-0.02591950214 0.2276829165 -9.514181563e-22)
(-0.03998322927 0.2238216777 -1.388966933e-22)
(0.03656134992 0.181058513 -2.335556867e-22)
(0.1090502093 0.1451058388 -1.193728637e-22)
(0.1817189219 0.1172444482 -4.295769508e-23)
(0.249008767 0.09627896904 9.783003086e-23)
(0.310033269 0.08002501246 -1.408567268e-22)
(0.3646204633 0.06656809185 1.297155366e-22)
(0.4126247435 0.05449176599 -8.619999276e-23)
(0.4536245236 0.0427089653 1.132190478e-25)
(0.4867873968 0.03032303302 1.527724828e-23)
(0.5107447161 0.01652908956 7.997121864e-23)
(0.5236593983 0.0005365899907 -1.811105313e-22)
(0.5231795362 -0.01863365881 -1.617129087e-22)
(0.5052321468 -0.04286472997 -4.262846299e-23)
(0.4658713705 -0.07633227432 0)
(0.3952695499 -0.1286089265 -1.846501797e-22)
(0.2916070296 -0.2208468063 8.148787876e-22)
(0.119745465 -0.352501687 1.631605597e-21)
(0.02670546111 -0.377549791 2.172657893e-21)
(0.214289458 0.1347447314 9.864963887e-22)
(0.2776311534 0.09870504898 0)
(0.4316592683 0.05810415501 -2.594298175e-22)
(0.5304749518 0.03846264734 -1.741644721e-22)
(0.6016965465 0.0262341822 0)
(0.6571198104 0.01831922339 -6.008977482e-23)
(0.701521221 0.01313599873 6.377880234e-23)
(0.7376040702 0.009542121019 -1.800124109e-23)
(0.7669366406 0.006804464283 2.885925174e-23)
(0.7902104676 0.004464750554 2.314999503e-23)
(0.8074553197 0.002221331246 0)
(0.818261988 -0.0001500606599 -2.873000378e-23)
(0.8216498662 -0.00272383324 0)
(0.8162393581 -0.00571265728 2.738095757e-23)
(0.7991332882 -0.009611376105 1.421641654e-23)
(0.7679986312 -0.01500254922 -5.799452581e-23)
(0.7106555813 -0.02502520247 -2.535675193e-22)
(0.6235184018 -0.04204285755 -6.918120877e-22)
(0.4230091014 -0.09182968443 0)
(0.2705674678 -0.1524021857 -2.119485709e-21)
)


// ************************************************************************* //
