/*--------------------------------*- C++ -*----------------------------------*\
  =========                 |
  \\      /  F ield         | OpenFOAM: The Open Source CFD Toolbox
   \\    /   O peration     | Website:  https://openfoam.org
    \\  /    A nd           | Version:  13
     \\/     M anipulation  |
\*---------------------------------------------------------------------------*/
FoamFile
{
    format      ascii;
    class       vectorField;
    location    "35.65";
    object      U_all;
}
// * * * * * * * * * * * * * * * * * * * * * * * * * * * * * * * * * * * * * //


400
(
(1.099334977e-05 -3.784057753e-05 0)
(-0.0006661086752 0.0004130410779 -1.550461852e-23)
(-0.002185377607 0.0009203926307 0)
(-0.004047832705 0.001312779115 0)
(-0.005971867397 0.001535064628 6.844452954e-25)
(-0.007762782515 0.001569848541 4.151068026e-24)
(-0.009284543436 0.001423565712 -7.369711481e-24)
(-0.01043593701 0.001119725006 7.534414926e-24)
(-0.01113680757 0.0006960823763 -2.095670753e-25)
(-0.01132710452 0.0002030755657 -3.995092655e-24)
(-0.01097176799 -0.0003002358722 5.8040752e-24)
(-0.01007232651 -0.0007475174293 -5.929927683e-23)
(-0.008679880876 -0.001075561892 -6.553069541e-23)
(-0.006902853995 -0.001233042408 -7.784715952e-23)
(-0.004910737926 -0.001192636661 4.573837831e-24)
(-0.002927230799 -0.0009619195102 -4.138183528e-24)
(-0.001205298409 -0.0005912115871 -1.998913636e-22)
(-1.906929875e-05 -0.0001698830406 0)
(0.0005181519353 0.000172085957 1.510250937e-25)
(0.0002227506305 0.0003059783919 -2.561360325e-24)
(-0.0002633688067 0.0008289572718 1.383647624e-25)
(-0.002703311366 0.003383835774 1.560244494e-23)
(-0.006907278751 0.00560449577 1.554021994e-25)
(-0.01195231641 0.007008200999 -8.493082406e-25)
(-0.01713503614 0.00755376929 1.161800089e-24)
(-0.02197534372 0.00729419521 1.306535154e-23)
(-0.02611074999 0.006321893404 1.391864678e-24)
(-0.02926563655 0.004754194963 -7.286050519e-24)
(-0.03122671829 0.002737153832 1.015445182e-23)
(-0.03184199621 0.0004524065924 4.510507574e-24)
(-0.03102760009 -0.001884144915 -6.319387947e-24)
(-0.02879315362 -0.004023029075 2.961566858e-24)
(-0.02527137465 -0.005708351984 3.895729884e-23)
(-0.02073194403 -0.006707404966 -1.954889187e-24)
(-0.01558962455 -0.006854135074 3.754725958e-24)
(-0.01038513352 -0.006097460515 -9.741791452e-23)
(-0.005730272292 -0.004546184831 9.638501198e-23)
(-0.002233367858 -0.002507419106 -3.962497719e-25)
(-0.0001817782422 -0.0005023732898 4.062432635e-25)
(8.343335105e-05 0.0006099247686 0)
(-0.0004188241142 0.002935073509 -2.911065375e-25)
(-0.004647875985 0.008804006549 1.702917585e-23)
(-0.01137195929 0.01324041519 -8.275613892e-24)
(-0.01932728556 0.0157920319 -2.074114449e-25)
(-0.02747410512 0.01652998981 2.037600893e-25)
(-0.03511776972 0.01564440556 6.937747904e-27)
(-0.04171342512 0.01335996683 -1.224253364e-24)
(-0.04683569278 0.009919766536 -4.553698518e-25)
(-0.05014986568 0.005602434029 -1.063274395e-23)
(-0.05141229712 0.0007444250601 0)
(-0.05047791214 -0.004241774659 0)
(-0.04733704359 -0.008887181179 2.671216382e-23)
(-0.04215926184 -0.01268176345 2.813211232e-23)
(-0.03531436034 -0.015136045 -1.646285992e-24)
(-0.02738995308 -0.01586188813 4.846271935e-23)
(-0.0191700538 -0.01467333473 9.420069374e-23)
(-0.01156090605 -0.01169359903 3.97647087e-23)
(-0.005465413552 -0.007450741468 4.144456248e-25)
(-0.001451102386 -0.002936044944 1.072424577e-25)
(-9.072880373e-05 0.0002258760897 0)
(-0.0005024630639 0.006045344184 -4.249748914e-23)
(-0.006402737497 0.01637074158 -1.693140246e-23)
(-0.01553501784 0.02355931885 8.202463863e-24)
(-0.0262791096 0.0274416098 0)
(-0.03728745091 0.02832100689 0)
(-0.04769035127 0.0265877117 0)
(-0.05679660015 0.02263119124 -4.47960694e-26)
(-0.0640538059 0.01683608393 -2.134618387e-24)
(-0.06901077972 0.009622179954 0)
(-0.07130824542 0.001491052236 1.635900996e-24)
(-0.07070850512 -0.006936496271 2.803065543e-25)
(-0.06713036725 -0.01493017734 -2.810914061e-25)
(-0.06069903205 -0.02166726911 0)
(-0.0518074846 -0.02631604516 4.133680182e-23)
(-0.04114990043 -0.02816069734 -4.681972454e-23)
(-0.02971969137 -0.02677371286 -2.762349871e-23)
(-0.01873716162 -0.02221529871 -3.961629093e-23)
(-0.009488028182 -0.01521921907 7.795855221e-25)
(-0.002976881963 -0.00729819501 9.7894608e-23)
(-0.0002318807434 -0.0008661689102 0)
(-0.0005316134112 0.01009501016 4.270415077e-23)
(-0.007983589436 0.02595217785 4.783937005e-25)
(-0.01939686435 0.03642880321 -4.674673449e-25)
(-0.0328238075 0.04185518028 0)
(-0.04664686682 0.04289482795 7.781622067e-25)
(-0.05985226739 0.04020072051 -7.673727046e-25)
(-0.07163287853 0.03434740176 3.671881132e-23)
(-0.08132747223 0.02585663087 1.847784421e-23)
(-0.08836596773 0.01527297902 6.237752362e-24)
(-0.09225465233 0.003246148987 -1.637806843e-24)
(-0.09260375714 -0.00940782369 0)
(-0.08917551815 -0.02167476555 4.371240593e-25)
(-0.08195975986 -0.03236743211 1.009221009e-23)
(-0.0712688264 -0.04021248187 -4.349737926e-23)
(-0.05782016554 -0.04402044527 1.933154175e-24)
(-0.04278581329 -0.04294827876 4.21808302e-23)
(-0.02775449371 -0.03683345885 -3.843054246e-25)
(-0.01455061977 -0.02652720407 0)
(-0.004859462473 -0.01408454317 5.436537191e-23)
(-0.0003641487338 -0.002846953712 -2.564983983e-22)
(-0.0005272217054 0.01499926881 9.840647726e-23)
(-0.00937792205 0.03739020136 -4.907072358e-25)
(-0.02288181672 0.0517021988 0)
(-0.03883041546 0.05894179553 0)
(-0.05538653979 0.06025571134 -8.731681836e-23)
(-0.07142873183 0.05661898082 -8.498673718e-23)
(-0.08606650096 0.04880166561 -4.06709645e-23)
(-0.09855081512 0.03743979165 -1.504164403e-23)
(-0.1081944836 0.02315983479 -5.367921264e-24)
(-0.1143444245 0.006709682871 -8.174459245e-24)
(-0.1164045735 -0.01093290982 6.600550205e-24)
(-0.1138936955 -0.02848943139 8.825645622e-24)
(-0.1065486577 -0.04437043795 -1.89231439e-23)
(-0.09446800558 -0.05675331022 4.603266565e-24)
(-0.07826854046 -0.06378295962 0)
(-0.05922893295 -0.06393493056 -1.573310118e-23)
(-0.03933980515 -0.05653814474 -2.415300692e-26)
(-0.02114188135 -0.04235807974 0)
(-0.007318700873 -0.02398228885 -1.520555053e-22)
(-0.0005216164175 -0.005925544304 6.056081654e-22)
(-0.0004990822038 0.02064573248 -9.773608225e-23)
(-0.01052950574 0.05045435276 2.831895446e-22)
(-0.02582956406 0.06912507841 1.526816839e-22)
(-0.04402136392 0.07849253596 3.619142092e-24)
(-0.06310736338 0.08029472126 -7.319331989e-23)
(-0.08190401405 0.07588039096 9.043102944e-23)
(-0.09947759327 0.0662168771 -3.590083235e-24)
(-0.1150226896 0.05201693148 -1.729106097e-24)
(-0.1277518673 0.03392357739 2.524064665e-24)
(-0.1368472086 0.01270233596 7.382125965e-24)
(-0.1414710013 -0.0105878085 -6.500330333e-24)
(-0.1408247692 -0.03446021971 -9.786965081e-24)
(-0.1342745514 -0.05692768589 -3.261748562e-23)
(-0.1215449839 -0.07553312652 -3.660801544e-23)
(-0.1029672323 -0.08754256887 5.644560109e-25)
(-0.0797636734 -0.09039206248 0)
(-0.05426680743 -0.08244510933 0)
(-0.02987159988 -0.06397734904 -2.905921436e-24)
(-0.01066284805 -0.03798793696 2.970367489e-24)
(-0.0007350933436 -0.01050089269 1.027872706e-22)
(-0.0004479158902 0.02687249508 0)
(-0.01134922754 0.06480753829 2.00197905e-22)
(-0.0280159868 0.08829612464 8.962065558e-23)
(-0.04799855612 0.100123443 0)
(-0.06920599437 0.1027076051 1.569840545e-22)
(-0.09044369824 0.09781574166 0)
(-0.1107831275 0.08661099488 -1.428366576e-22)
(-0.1294093309 0.06983947984 6.51543306e-24)
(-0.1454771155 0.04808231152 0)
(-0.1580351325 0.02201755902 0)
(-0.1660132971 -0.007334423384 -1.374378352e-24)
(-0.1682671086 -0.03838836943 -9.316435897e-25)
(-0.1637064252 -0.06883972146 1.491936333e-22)
(-0.1515208357 -0.09558271415 -4.70464265e-23)
(-0.1315134206 -0.1148298197 -2.560834643e-24)
(-0.1045595799 -0.1225702964 1.534591654e-24)
(-0.07309347934 -0.115551758 -1.558798735e-24)
(-0.04135020355 -0.09283112719 0)
(-0.0152522984 -0.05740766026 3.203740422e-24)
(-0.001044308687 -0.01714714051 -1.012895717e-21)
(-0.0003744661891 0.03346302773 0)
(-0.01175005693 0.07998914494 -1.12824858e-22)
(-0.02920707076 0.1086390388 -6.191064817e-22)
(-0.05031743601 0.1232233395 -3.755264379e-22)
(-0.07296315391 0.1269096462 0)
(-0.09598957499 0.1219255137 4.1194132e-22)
(-0.1185273156 0.1096348244 1.260905765e-22)
(-0.139814605 0.09078243142 -5.581771767e-24)
(-0.1590221156 0.06581391856 5.554144997e-24)
(-0.17514606 0.03520881281 0)
(-0.1869559584 -0.0001967307245 2.912104934e-23)
(-0.1930172257 -0.03889751371 4.695773603e-24)
(-0.1917809537 -0.07843884466 -1.076786819e-22)
(-0.1817874083 -0.1151864892 8.003995074e-23)
(-0.1620570118 -0.1442598934 -2.419703012e-22)
(-0.1327061736 -0.1598548098 0)
(-0.09577886184 -0.1563112407 0)
(-0.05601631847 -0.1302980709 0)
(-0.02147858644 -0.08381132841 0)
(-0.001500384213 -0.02665515614 5.572025266e-22)
(-0.0002873904378 0.04016075918 0)
(-0.01169359487 0.09543607036 -3.492974297e-22)
(-0.02924437787 0.1294073029 8.932714115e-22)
(-0.05060946376 0.1469298517 3.617138033e-22)
(-0.07370081314 0.1519748047 0)
(-0.0974514937 0.1472757414 -3.862513638e-22)
(-0.1211069622 0.1344191517 -3.174403931e-23)
(-0.1440324542 0.1141393023 3.333083273e-22)
(-0.1655142975 0.08670005151 1.769463977e-22)
(-0.1846248256 0.05229123566 -4.060129219e-23)
(-0.2001325547 0.01141717755 1.656821166e-23)
(-0.2104622184 -0.03471421221 -8.26518304e-24)
(-0.2137208274 -0.08376559516 3.371836583e-22)
(-0.2078215249 -0.1318755848 0)
(-0.1908238296 -0.1732755577 2.420872017e-22)
(-0.161633552 -0.2002592814 5.774642094e-24)
(-0.1211662514 -0.204012116 -5.860759089e-24)
(-0.07384988627 -0.1772119504 1.548402436e-22)
(-0.0297178631 -0.1188642034 -5.435319477e-24)
(-0.002179544723 -0.04005397774 0)
(-0.0002117207183 0.04671638095 0)
(-0.01125001175 0.110549767 0)
(-0.02815624438 0.149735439 -5.022715416e-22)
(-0.04874479126 0.1701516932 -1.88098458e-23)
(-0.07100086286 0.1766256498 2.038365055e-23)
(-0.09399450968 0.1724525944 -2.014297713e-23)
(-0.1171434231 0.1594870541 -2.316870093e-23)
(-0.1400179424 0.1384804779 -3.029803782e-22)
(-0.1621328806 0.1095160565 6.698610499e-23)
(-0.1827958955 0.07245186995 4.513151816e-23)
(-0.200983548 0.02734930319 -4.577694565e-23)
(-0.2152270189 -0.02508694986 0)
(-0.2235562134 -0.08298347477 -7.839578648e-23)
(-0.2234632107 -0.1427256853 0)
(-0.2120679325 -0.1981820336 -3.739539548e-22)
(-0.186743443 -0.2400773114 5.244909893e-22)
(-0.1464438187 -0.2560772838 0)
(-0.09394566803 -0.2331209004 -1.493949943e-22)
(-0.04022000509 -0.1639613314 1.937505052e-22)
(-0.003201099787 -0.05861061898 -3.411484663e-22)
(-0.0002015415731 0.052975832 0)
(-0.01067262147 0.124817194 9.182825926e-22)
(-0.02628447174 0.1687423979 -2.440672336e-23)
(-0.04501108485 0.1916454479 9.193295685e-22)
(-0.06494598316 0.1992920414 -2.512073263e-23)
(-0.0853662946 0.1956103759 2.838830749e-23)
(-0.105930575 0.1827886408 -2.812916931e-23)
(-0.1264924297 0.1616583219 -1.660911224e-23)
(-0.1468996968 0.1321762164 -5.260208625e-22)
(-0.1668458291 0.09389646746 -8.906594906e-24)
(-0.1857303169 0.04640577741 9.660162746e-24)
(-0.2024781834 -0.01023782173 3.313068148e-22)
(-0.2154154751 -0.07499816824 -5.820719607e-22)
(-0.2220209826 -0.1450311412 0)
(-0.2188032172 -0.214676013 8.887281112e-22)
(-0.2016257544 -0.274001589 -4.940845204e-22)
(-0.1668639169 -0.3075811408 -1.572209591e-23)
(-0.1140220049 -0.2953811402 0)
(-0.05288481657 -0.2195802197 -1.890139512e-22)
(-0.004749187643 -0.08377276462 3.360543218e-22)
(-0.0003641990838 0.0590231606 1.551003725e-23)
(-0.01049574387 0.1379881084 -8.764155612e-22)
(-0.02441390507 0.1856803537 -1.157054726e-21)
(-0.04026725927 0.2101384129 -8.628947233e-22)
(-0.05630731574 0.218234831 0)
(-0.07214858897 0.2146189751 3.513792045e-23)
(-0.08779224265 0.2018791561 -7.294839976e-23)
(-0.1034563081 0.1810005361 5.86786452e-23)
(-0.1193984186 0.1518997142 3.021356398e-22)
(-0.1357931881 0.1139150608 -1.128192395e-23)
(-0.1526082671 0.06621426513 0)
(-0.1694521729 0.008177228255 -3.603919208e-22)
(-0.1852760937 -0.0601598452 7.515648691e-22)
(-0.1980448822 -0.1372746642 8.831681932e-22)
(-0.2043546511 -0.2189261476 -5.296606143e-22)
(-0.1990977785 -0.2959712462 5.162668617e-22)
(-0.1760605422 -0.3514072109 1.078219483e-23)
(-0.1300890655 -0.358415031 -1.095534307e-23)
(-0.06688803183 -0.2843276126 -8.215769897e-23)
(-0.007083319509 -0.1169964251 0)
(-0.0009095782767 0.06540040186 -1.911480181e-23)
(-0.01167592322 0.1502816055 -1.326961359e-21)
(-0.02388883421 0.2000659063 1.094233377e-21)
(-0.03601342603 0.2244216413 6.734908671e-22)
(-0.04657311685 0.2316587709 6.014612944e-22)
(-0.05577042066 0.2272393241 6.643936537e-22)
(-0.06411249777 0.214177454 -4.458664234e-23)
(-0.07227566016 0.1936494186 -3.461327915e-22)
(-0.08096977585 0.1656028261 2.152157127e-22)
(-0.09087197147 0.1292707425 0)
(-0.1025547946 0.08353084176 0)
(-0.1163622649 0.02720013149 2.655391692e-22)
(-0.1321590033 -0.04062003139 8.194328005e-23)
(-0.1489252753 -0.1200127995 -2.821614061e-22)
(-0.1641284655 -0.2089300359 -5.411258524e-23)
(-0.1727877911 -0.3006992155 1.301951026e-22)
(-0.16703115 -0.3793328722 -3.400482201e-22)
(-0.1365292536 -0.4136451574 -1.594063786e-23)
(-0.0801825034 -0.3538325852 8.204541956e-23)
(-0.01050762277 -0.1594130399 -6.032204748e-22)
(-0.002260499155 0.07348882583 0)
(-0.01580356369 0.1626521502 2.145868151e-21)
(-0.02665044213 0.2117904339 0)
(-0.03422342309 0.2333946814 -1.351803918e-21)
(-0.03759402201 0.2377766378 6.184060369e-23)
(-0.03799689771 0.2312553141 -6.193075434e-22)
(-0.03668271002 0.2171898733 -4.756271488e-22)
(-0.03489041824 0.1968934344 8.301233207e-22)
(-0.0337884363 0.170334236 -1.885693372e-22)
(-0.03449882248 0.1367221164 0)
(-0.03811578495 0.09479675377 0)
(-0.0456499806 0.0430428891 2.410617242e-23)
(-0.05790809658 -0.02013778618 -6.00718678e-22)
(-0.07514603489 -0.09620647564 -4.30955787e-22)
(-0.09645179356 -0.1855555914 4.637852373e-22)
(-0.1183462976 -0.2853567516 -6.488712928e-22)
(-0.1332715648 -0.3838386266 9.119926558e-23)
(-0.1265351144 -0.4504358429 2.937562262e-23)
(-0.08899154616 -0.4198536095 5.660465285e-22)
(-0.01526917957 -0.2111719576 6.020837405e-22)
(-0.00518090003 0.08598045493 0)
(-0.02525551421 0.1766291019 1.465579689e-22)
(-0.0348340971 0.2205961269 -4.917131678e-23)
(-0.03640016795 0.2354859 7.642909017e-22)
(-0.03018487107 0.2343406399 -7.005357844e-22)
(-0.01916584417 0.2241603576 4.746468081e-23)
(-0.005615205915 0.2083525621 -1.018607571e-22)
(0.008569548494 0.1881240968 -3.389879984e-22)
(0.02179880057 0.1633911256 2.062818212e-22)
(0.03262775405 0.1333242813 0)
(0.03958452688 0.09664087728 0)
(0.04117007719 0.05174058449 -2.902662437e-22)
(0.03578478676 -0.003255376043 0)
(0.02198180007 -0.07058358695 -5.512176983e-22)
(-0.001264887222 -0.1525735311 -1.492373625e-23)
(-0.03310473334 -0.2505949672 2.559727813e-23)
(-0.0690923857 -0.3599341346 2.203121108e-22)
(-0.09227828801 -0.457542436 4.788223811e-24)
(-0.08718090647 -0.4698129227 -5.789435144e-22)
(-0.02103127221 -0.2698972174 0)
(-0.01111631547 0.1085974972 0)
(-0.04248902419 0.1947151598 -8.848458576e-22)
(-0.04795530451 0.2258195336 -5.411028045e-22)
(-0.03919538623 0.2282135316 4.543805456e-22)
(-0.01877834095 0.2182327876 -1.709984016e-24)
(0.007664266573 0.2028220119 -4.561037387e-23)
(0.0366798803 0.1847619591 5.696666731e-22)
(0.06582992857 0.1647118111 -2.766883986e-23)
(0.0932712505 0.1423128156 -2.069777073e-22)
(0.1173891035 0.1166274993 3.142207065e-23)
(0.1365461144 0.08641145028 -3.425910739e-23)
(0.1489668765 0.05017670559 -3.690587755e-23)
(0.1525275331 0.006159183884 3.205627881e-22)
(0.1449366639 -0.04796125389 6.11959489e-22)
(0.1235159453 -0.1153052767 -5.101160306e-22)
(0.08633530648 -0.2004195537 -1.6160483e-22)
(0.03199086857 -0.3067806503 1.531317941e-22)
(-0.02362124894 -0.4239837055 7.293666176e-23)
(-0.06492413754 -0.4871612687 1.9132936e-21)
(-0.02509971797 -0.3291544665 2.95499371e-21)
(-0.02004680402 0.1460727429 -4.390200955e-23)
(-0.06416406491 0.2112955847 4.417373664e-23)
(-0.05070231517 0.2177300393 1.000186496e-21)
(-0.01934099162 0.2014679843 -8.270573502e-24)
(0.02414462191 0.1809076011 0)
(0.07154118472 0.1606933185 4.363709731e-23)
(0.1190702983 0.1416495362 -2.273845681e-22)
(0.1644766868 0.1233181737 -9.027931763e-23)
(0.2062250677 0.1048117264 3.680725041e-23)
(0.2429642548 0.08507140308 -1.701651737e-23)
(0.2732207132 0.06296148329 3.429964039e-23)
(0.2952535707 0.03726294765 -6.592668759e-23)
(0.3066970709 0.006535078891 -9.303892858e-23)
(0.3049738016 -0.03087769002 1.517040496e-22)
(0.2863936007 -0.07786290094 0)
(0.2470567892 -0.1399300308 1.505600085e-22)
(0.1810922079 -0.2266299724 2.56001513e-22)
(0.09604449077 -0.3443894912 0)
(-0.006697621844 -0.455221018 -3.675638099e-21)
(-0.01922408297 -0.3777537553 -2.892623109e-21)
(-0.02591951223 0.2276828823 -9.51419977e-22)
(-0.03998324585 0.2238216538 -1.388974477e-22)
(0.03656136678 0.1810585333 -2.335576761e-22)
(0.1090502987 0.1451059032 -1.193739774e-22)
(0.1817191072 0.1172445416 -4.295813763e-23)
(0.2490090544 0.09627906816 9.783144532e-23)
(0.3100336455 0.08002509728 -1.408587282e-22)
(0.3646209042 0.06656814866 1.29717159e-22)
(0.4126252178 0.05449178687 -8.620098738e-23)
(0.4536249981 0.04270894985 1.132188575e-25)
(0.4867878421 0.03032298698 1.527738693e-23)
(0.5107451095 0.01652902286 7.997189712e-23)
(0.5236597232 0.0005365190282 -1.811120235e-22)
(0.5231797842 -0.01863372788 -1.617142626e-22)
(0.5052323293 -0.04286478578 -4.262929977e-23)
(0.4658714992 -0.07633230943 0)
(0.3952696432 -0.1286089376 -1.846483767e-22)
(0.2916070998 -0.2208468095 8.148769822e-22)
(0.1197455075 -0.35250169 1.631602627e-21)
(0.02670547184 -0.3775497974 2.17265643e-21)
(0.2142894475 0.1347447213 9.864984206e-22)
(0.2776311199 0.09870503571 0)
(0.4316592305 0.0581041484 -2.594315807e-22)
(0.5304749354 0.03846264884 -1.741661688e-22)
(0.6016965735 0.02623419006 0)
(0.6571198912 0.01831923363 -6.009068075e-23)
(0.7015213524 0.01313600757 6.377977525e-23)
(0.7376042396 0.009542125796 -1.800150478e-23)
(0.7669368297 0.006804463469 2.885965099e-23)
(0.7902106563 0.004464744146 2.315027117e-23)
(0.8074554897 0.002221320407 0)
(0.8182621261 -0.0001500742157 -2.873026941e-23)
(0.8216499647 -0.00272384743 0)
(0.8162394156 -0.005712667976 2.738139078e-23)
(0.799133313 -0.009611382406 1.421680071e-23)
(0.7679986342 -0.01500255092 -5.799415565e-23)
(0.7106555758 -0.0250251997 -2.535664653e-22)
(0.6235183982 -0.04204285428 -6.918106758e-22)
(0.423009102 -0.09182968104 0)
(0.2705674689 -0.1524021842 -2.119484282e-21)
)


// ************************************************************************* //
