/*--------------------------------*- C++ -*----------------------------------*\
  =========                 |
  \\      /  F ield         | OpenFOAM: The Open Source CFD Toolbox
   \\    /   O peration     | Website:  https://openfoam.org
    \\  /    A nd           | Version:  13
     \\/     M anipulation  |
\*---------------------------------------------------------------------------*/
FoamFile
{
    format      ascii;
    class       vectorField;
    location    "12.68";
    object      U_all;
}
// * * * * * * * * * * * * * * * * * * * * * * * * * * * * * * * * * * * * * //


400
(
(9.841730217e-06 -3.585004688e-05 0)
(-0.0006634023385 0.0004111048646 -1.526798688e-23)
(-0.002169462123 0.0009132876031 0)
(-0.004014949069 0.001301574156 0)
(-0.005921307692 0.001521526172 6.613948847e-25)
(-0.007696340459 0.001555939301 4.129317691e-24)
(-0.009205730597 0.001411155502 -6.541202459e-24)
(-0.01034946098 0.001110353407 8.429118748e-24)
(-0.01104815699 0.0006907623586 -2.17468625e-25)
(-0.01124205358 0.0002021200917 -4.120749419e-24)
(-0.01089595611 -0.0002971813937 5.950759656e-24)
(-0.01001064795 -0.0007415607901 -6.057225756e-23)
(-0.008635738169 -0.001068306882 -6.700771122e-23)
(-0.006877645579 -0.001226344021 -7.950561416e-23)
(-0.004903442763 -0.001188216017 4.691230855e-24)
(-0.002934287672 -0.0009609620546 -4.27479827e-24)
(-0.001221211168 -0.0005939615782 -2.10087048e-22)
(-3.626392382e-05 -0.0001753357003 0)
(0.0005058683922 0.0001654736345 2.013910205e-25)
(0.0002196118676 0.0003016302224 -9.198986439e-24)
(-0.0002610564877 0.0008248595414 1.367078333e-25)
(-0.002678297977 0.003354906768 1.536417652e-23)
(-0.006840128262 0.005551826093 1.520364401e-25)
(-0.01183437505 0.006940658035 -8.211987641e-25)
(-0.01696585883 0.007481315804 1.11572828e-24)
(-0.0217605797 0.007226194987 1.233593118e-23)
(-0.02586055657 0.006266309339 2.143899805e-24)
(-0.02899328597 0.004717061633 -8.159556925e-24)
(-0.0309473741 0.002722073018 1.064702352e-23)
(-0.03157127718 0.0004600501505 4.655191825e-24)
(-0.03078043607 -0.00185513754 -6.479568709e-24)
(-0.02858237863 -0.003977791744 2.87668191e-24)
(-0.02510602839 -0.005654161421 3.965212341e-23)
(-0.02061624429 -0.006652881099 -2.015923843e-24)
(-0.01552210876 -0.006807942389 3.886700997e-24)
(-0.01035851096 -0.006066705387 -1.025958864e-22)
(-0.005732310035 -0.004534734145 1.018118351e-22)
(-0.002248449267 -0.002514076206 -4.960695291e-25)
(-0.000195563918 -0.0005204291851 5.085808992e-25)
(8.139625028e-05 0.0005956122327 0)
(-0.0004138777379 0.002909222232 -2.865964184e-25)
(-0.004597537923 0.008717072596 1.661649678e-23)
(-0.01124903523 0.01310547061 -8.236188187e-24)
(-0.01912008692 0.01563095975 -1.975522315e-25)
(-0.02718352948 0.01636484669 1.940751381e-25)
(-0.03475345649 0.01549478998 2.74269813e-26)
(-0.04129157884 0.01324186661 -1.949717773e-24)
(-0.04637703517 0.009844869213 -5.062958997e-25)
(-0.04967782164 0.005577540765 -1.114892616e-23)
(-0.05094984661 0.0007710259007 0)
(-0.05004767622 -0.004168769278 0)
(-0.04695938603 -0.008777425193 2.747794328e-23)
(-0.0418483901 -0.01254965395 2.894476517e-23)
(-0.0350781382 -0.01499903717 -1.712925309e-24)
(-0.02722864795 -0.01573818293 5.093002722e-23)
(-0.01907596802 -0.01457893635 9.922782176e-23)
(-0.01151920641 -0.01163894324 4.577952411e-23)
(-0.005456137585 -0.007437156991 6.175758379e-25)
(-0.001455201503 -0.002952769006 -5.05790719e-28)
(-9.078673037e-05 0.000204928979 0)
(-0.0004958773279 0.005984405775 -4.149777091e-23)
(-0.006329366405 0.01619878596 -1.651515901e-23)
(-0.0153603324 0.02331039859 8.160617271e-24)
(-0.025989031 0.02715555427 0)
(-0.03688445703 0.02803493853 0)
(-0.04718761773 0.02633330569 0)
(-0.05621519769 0.0224335512 -7.336463554e-26)
(-0.06342004405 0.01671309201 -1.519482179e-24)
(-0.06835381018 0.009583919974 0)
(-0.07065885419 0.001539410737 1.836836153e-24)
(-0.07009541109 -0.006809449406 2.935281345e-25)
(-0.0665783232 -0.01473930505 -2.943500445e-25)
(-0.06022831871 -0.02143477591 0)
(-0.05143119386 -0.02606928161 4.375496138e-23)
(-0.04087256253 -0.02792906281 -4.9220773e-23)
(-0.02953642617 -0.02658445094 -3.069910418e-23)
(-0.0186338898 -0.02208827262 -4.573425501e-23)
(-0.009443129358 -0.01516111749 7.713584024e-25)
(-0.002966978287 -0.00729720671 8.991681419e-23)
(-0.0002306239362 -0.000886548636 0)
(-0.0005246584386 0.009987287551 4.170013485e-23)
(-0.0078927116 0.02567237846 4.803730068e-25)
(-0.01918138742 0.03603976688 -4.694026057e-25)
(-0.03246752207 0.04141875893 0)
(-0.04615325249 0.0424652388 7.581965207e-25)
(-0.05923689234 0.03982260824 -7.476843874e-25)
(-0.07091999694 0.03405527933 3.545280458e-23)
(-0.08054699375 0.02567458908 1.706368336e-23)
(-0.08755092331 0.01521427018 5.734703234e-24)
(-0.09143936858 0.003312782318 -1.838976231e-24)
(-0.09182135921 -0.009224424334 0)
(-0.08845614223 -0.02139463879 4.729983071e-25)
(-0.08132917143 -0.03202008312 1.149601657e-23)
(-0.07074630239 -0.03983495306 -4.608040141e-23)
(-0.05741660917 -0.04365395241 2.111531989e-24)
(-0.04250198582 -0.04263312528 4.852499212e-23)
(-0.02757991148 -0.03660203822 -4.884063309e-25)
(-0.0144638912 -0.02639555926 0)
(-0.004832493912 -0.01404415655 5.359872542e-23)
(-0.0003611949634 -0.002857391155 -2.46846045e-22)
(-0.0005210324114 0.01483681984 9.817822244e-23)
(-0.009277527261 0.03698744863 -4.913423651e-25)
(-0.02264247768 0.05115587332 0)
(-0.03843399926 0.05833847801 0)
(-0.05483646937 0.05966777629 -8.616058644e-23)
(-0.07074132469 0.0561041778 -8.348271959e-23)
(-0.08526707229 0.04840365928 -3.92693127e-23)
(-0.09767039522 0.03718863071 -1.424967938e-23)
(-0.1072673113 0.02307209008 -4.919641444e-24)
(-0.1134061245 0.006788453557 -7.788468129e-24)
(-0.1154903685 -0.01069757688 6.163533328e-24)
(-0.113036938 -0.02812066038 7.979115406e-24)
(-0.1057795949 -0.04390310233 -1.8500304e-23)
(-0.09381207634 -0.05623256383 9.572660298e-25)
(-0.07774412814 -0.06326118314 0)
(-0.05884464324 -0.0634664938 -1.92015758e-23)
(-0.03909158465 -0.05617113647 9.293399771e-26)
(-0.021011102 -0.04212304815 0)
(-0.007273804066 -0.02388019075 -1.432255727e-22)
(-0.0005170239135 -0.0059176164 5.851893234e-22)
(-0.0004946213986 0.02042566808 -9.750761314e-23)
(-0.01042952638 0.04992375592 2.811456194e-22)
(-0.02558819317 0.06841617117 1.514473018e-22)
(-0.04361883061 0.07771741902 3.578621671e-24)
(-0.06254594788 0.07954390608 -7.239396634e-23)
(-0.0811991128 0.07522418065 8.881557243e-23)
(-0.0986535338 0.06570731562 -3.52327124e-24)
(-0.1141092791 0.05168932955 -1.680744132e-24)
(-0.1267819237 0.03379747435 2.448765268e-24)
(-0.1358548717 0.01278215283 7.022802865e-24)
(-0.1404906455 -0.01031210769 -6.084948603e-24)
(-0.1398898826 -0.03401324996 -8.853974856e-24)
(-0.1334170166 -0.05634716039 -3.217885095e-23)
(-0.1207942822 -0.07486946262 -3.031982354e-23)
(-0.102348356 -0.08685692214 4.352469393e-25)
(-0.07929397066 -0.08975210191 0)
(-0.05395138682 -0.08191671819 0)
(-0.02969835264 -0.06361101803 -2.753395058e-24)
(-0.01059995856 -0.03780166052 2.814458151e-24)
(-0.0007290785985 -0.01046492036 1.016760089e-22)
(-0.000446005912 0.02659805282 0)
(-0.01126082986 0.06415623823 1.98346216e-22)
(-0.02779755115 0.08743336221 8.878891139e-23)
(-0.04762930398 0.09918548702 0)
(-0.06868625457 0.1018020646 1.550679038e-22)
(-0.08978662681 0.09702441953 0)
(-0.1100104824 0.08599319245 -1.405579942e-22)
(-0.1285478651 0.06943468543 6.394296129e-24)
(-0.1445560009 0.04791215529 0)
(-0.1570842731 0.02208725958 0)
(-0.1650629345 -0.007034906201 -1.331019356e-24)
(-0.1673465786 -0.03788274889 -8.877961678e-25)
(-0.1628442769 -0.06816633151 1.434152663e-22)
(-0.1507459442 -0.09479346683 -4.644919978e-23)
(-0.1308537525 -0.113990168 -2.393364564e-24)
(-0.1040398068 -0.1217574956 1.377438624e-24)
(-0.07272963395 -0.1148487654 -1.399166682e-24)
(-0.04114149641 -0.09231257807 0)
(-0.01517255867 -0.05711720251 3.110713931e-24)
(-0.001036896927 -0.01707363825 -9.880364102e-22)
(-0.0003757277488 0.03314396905 0)
(-0.0116844476 0.07923710891 -1.119889089e-22)
(-0.02903712235 0.1076461402 -6.138308066e-22)
(-0.05002240954 0.1221465823 -3.719868279e-22)
(-0.07254106744 0.1258718478 0)
(-0.09545057483 0.1210186381 4.068353871e-22)
(-0.1178896882 0.1089241373 1.240768907e-22)
(-0.1391010004 0.09031018291 -5.484065486e-24)
(-0.1582566817 0.06560232004 5.456922598e-24)
(-0.1743524843 0.03526254563 0)
(-0.1861557581 0.0001116517802 2.858174441e-23)
(-0.192230965 -0.03835814802 4.577738224e-24)
(-0.1910290351 -0.0777053723 -1.042864992e-22)
(-0.18109092 -0.1143081364 7.688978826e-23)
(-0.1614402661 -0.143300047 -2.344176467e-22)
(-0.1321964338 -0.1588929495 0)
(-0.09540219495 -0.1554418939 0)
(-0.05578751119 -0.1296203889 0)
(-0.02138542877 -0.08340275424 0)
(-0.001491614752 -0.02653551709 5.443213621e-22)
(-0.000292126593 0.03981295989 0)
(-0.01166050408 0.0946154027 -3.46413213e-22)
(-0.02914582753 0.128322361 8.858082728e-22)
(-0.05042613012 0.1457530476 3.582967999e-22)
(-0.07342841876 0.1508415657 0)
(-0.09709677671 0.146286726 -3.814831893e-22)
(-0.1206842445 0.1336442924 -3.132640971e-23)
(-0.1435597278 0.1136219981 3.289494917e-22)
(-0.1650097854 0.08646096659 1.745161417e-22)
(-0.1841043448 0.05233206197 -4.003090111e-23)
(-0.1996078331 0.01172428019 1.643967357e-23)
(-0.2099411784 -0.03416681047 -8.113474241e-24)
(-0.2132090814 -0.08301298064 3.317536065e-22)
(-0.2073257667 -0.1309612369 0)
(-0.1903567252 -0.1722540524 2.345308832e-22)
(-0.1612171191 -0.1992021708 5.548888494e-24)
(-0.1208314461 -0.2030143591 -5.631639195e-24)
(-0.07362776251 -0.1763907013 1.4775134e-22)
(-0.02961855601 -0.1183349648 -5.22637725e-24)
(-0.002169607172 -0.03988197112 0)
(-0.0002198313791 0.04636049174 0)
(-0.0112561751 0.1097023728 0)
(-0.02814600218 0.1486084524 -4.981450807e-22)
(-0.04870171972 0.1689259432 -1.865280939e-23)
(-0.07091850667 0.1754458619 2.017768716e-23)
(-0.09387571787 0.1714265199 -1.993944508e-23)
(-0.1169978779 0.1586881066 -2.289295193e-23)
(-0.1398583885 0.1379517074 -2.989874933e-22)
(-0.1619711492 0.1092742934 6.660280269e-23)
(-0.1826394772 0.07249276502 4.44906022e-23)
(-0.2008333505 0.02765266688 -4.510768699e-23)
(-0.2150774357 -0.02455134735 0)
(-0.223396216 -0.08225232621 -7.611295837e-23)
(-0.2232807527 -0.1418358218 0)
(-0.2118574233 -0.197174368 -3.684602933e-22)
(-0.1865127564 -0.2390053408 5.148845597e-22)
(-0.146219428 -0.2550213894 0)
(-0.0937689912 -0.232201265 -1.425163088e-22)
(-0.04012713989 -0.1633267447 1.866467475e-22)
(-0.003190522735 -0.05838476527 -3.340760356e-22)
(-0.0002125347292 0.05263514605 0)
(-0.01072067745 0.1239909562 9.118715283e-22)
(-0.02637072627 0.1676310296 -2.422635927e-23)
(-0.04512332592 0.1904297945 9.125519e-22)
(-0.06507546371 0.198121898 -2.491430173e-23)
(-0.08551086365 0.1945985902 2.811365304e-23)
(-0.1060936205 0.1820109981 -2.785702135e-23)
(-0.1266799254 0.1611565648 -1.643465108e-23)
(-0.1471160802 0.1319617239 -5.205500392e-22)
(-0.1670901118 0.09395667443 -8.812361966e-24)
(-0.1859936063 0.04671071572 9.559719156e-24)
(-0.2027450739 -0.009727462298 3.283856093e-22)
(-0.2156607778 -0.07431990098 -5.761651399e-22)
(-0.2222144372 -0.1442192399 0)
(-0.2189201035 -0.2137575861 8.78195524e-22)
(-0.2016541079 -0.2730062763 -4.850564447e-22)
(-0.1668153158 -0.3065608219 -1.543539751e-23)
(-0.1139356593 -0.2944383139 0)
(-0.05281650581 -0.2188788337 -1.820299794e-22)
(-0.004739094806 -0.08349935432 3.291047992e-22)
(-0.0003773200401 0.05872104515 1.540400993e-23)
(-0.01058384632 0.1372320868 -8.702983574e-22)
(-0.02459473859 0.1846443949 -1.149926965e-21)
(-0.04053380285 0.2089939477 -8.565364862e-22)
(-0.05664814323 0.2171313022 0)
(-0.07255474239 0.2136714771 3.484596632e-23)
(-0.0882579567 0.201164565 -7.232905293e-23)
(-0.1039781271 0.1805593502 5.816860002e-23)
(-0.1199716059 0.1517375798 2.99239522e-22)
(-0.1364083314 0.1140115628 -1.118450529e-23)
(-0.153249994 0.06652980457 0)
(-0.1700952997 0.008663019479 -3.571686906e-22)
(-0.1858893497 -0.05954778395 7.459321948e-22)
(-0.1985924687 -0.1365719919 8.774656715e-22)
(-0.2047975014 -0.2181505156 -5.243280613e-22)
(-0.1994052289 -0.295129965 5.119576545e-22)
(-0.1762232756 -0.3505169558 1.054030124e-23)
(-0.1301294709 -0.3575419302 -1.070956602e-23)
(-0.06686484765 -0.2836210489 -8.816329045e-23)
(-0.007075716395 -0.1166921002 0)
(-0.0009239423822 0.06515772154 -1.900061261e-23)
(-0.01179783298 0.1496410149 -1.319937814e-21)
(-0.02415200599 0.199161395 1.087526533e-21)
(-0.03641670259 0.2234054264 6.698403069e-22)
(-0.04710213826 0.2306732361 5.980205283e-22)
(-0.05640757445 0.2263976107 6.602746538e-22)
(-0.06483923951 0.2135553977 -4.426289828e-23)
(-0.07307611754 0.1932877225 -3.438487241e-22)
(-0.08182769185 0.1655021151 2.138067646e-22)
(-0.09176769538 0.1294063835 0)
(-0.1034674776 0.08385752069 0)
(-0.1172665412 0.02766299019 2.6418317e-22)
(-0.1330261982 -0.04007426075 8.239108913e-23)
(-0.1497209006 -0.119424552 -2.792751377e-22)
(-0.164812805 -0.2083147928 -5.382030552e-23)
(-0.173321493 -0.3000513757 1.310080167e-22)
(-0.1673877014 -0.3786385379 -3.369327197e-22)
(-0.1367053029 -0.4129275186 -1.851480006e-23)
(-0.08021977609 -0.3531952922 8.804280117e-23)
(-0.01050535185 -0.1591048413 -6.070415902e-22)
(-0.002274908513 0.07332142861 0)
(-0.01594805803 0.1621630444 2.135269138e-21)
(-0.02697259528 0.2110634311 0)
(-0.03472851001 0.2325536648 -1.345293783e-21)
(-0.03826555208 0.2369492654 6.227155833e-23)
(-0.03880853151 0.2305468898 -6.154514712e-22)
(-0.03760001419 0.2166712604 -4.729465959e-22)
(-0.03588409457 0.1966133708 8.250768209e-22)
(-0.0348303982 0.1702836631 -1.873206742e-22)
(-0.03555703012 0.1368791089 0)
(-0.03916511903 0.09511695396 0)
(-0.04666632805 0.04347109571 2.433361847e-23)
(-0.05887261343 -0.01965494455 -5.980114588e-22)
(-0.07603519598 -0.09572033983 -4.290501609e-22)
(-0.09723649943 -0.1850847994 4.625862216e-22)
(-0.1189922701 -0.2848951482 -6.454506588e-22)
(-0.1337493075 -0.3833560733 8.971869157e-23)
(-0.126816749 -0.4499270363 3.206811393e-23)
(-0.08908853787 -0.4193524424 5.671796271e-22)
(-0.01527467102 -0.2108942344 6.058976496e-22)
(-0.005193307712 0.08589611261 0)
(-0.02540383567 0.1763122884 1.469095381e-22)
(-0.03517655117 0.2200764733 -4.898602379e-23)
(-0.03694933933 0.2348520493 7.610179355e-22)
(-0.03092546057 0.2336983287 -6.972973781e-22)
(-0.02006725209 0.2236017588 4.72351725e-23)
(-0.006620318782 0.207943913 -1.01723835e-22)
(0.00749397921 0.1879022467 -3.370772212e-22)
(0.02068406565 0.1633611606 2.05318336e-22)
(0.03152646948 0.1334677678 0)
(0.03852498476 0.09691949538 0)
(0.04017715365 0.05210380192 -2.891349134e-22)
(0.03486043729 -0.002863381915 0)
(0.02113885308 -0.07019544091 -5.502110814e-22)
(-0.002008155921 -0.1522208912 -1.431746507e-23)
(-0.03372974937 -0.2502810986 2.553440409e-23)
(-0.06959249044 -0.3596310483 2.18770496e-22)
(-0.09260571031 -0.4572490593 4.838437458e-24)
(-0.08731346257 -0.4694836477 -5.80197308e-22)
(-0.02104521027 -0.2696824358 0)
(-0.01112290372 0.1085897832 0)
(-0.04261041124 0.194565561 -8.819024716e-22)
(-0.048255625 0.2255095296 -5.399250011e-22)
(-0.0396960914 0.2277937464 4.533877658e-22)
(-0.0194713724 0.2177829652 -1.723821631e-24)
(0.006808053074 0.2024147496 -4.546429972e-23)
(0.03571014684 0.1844570686 5.672047658e-22)
(0.06479278164 0.164531103 -2.754724124e-23)
(0.09221184439 0.1422784405 -2.059942378e-22)
(0.1163549306 0.1167277367 3.129914275e-23)
(0.1355695276 0.08661923293 -3.414357422e-23)
(0.1480685308 0.05045421204 -3.68111918e-23)
(0.1517286077 0.006463700184 3.198983932e-22)
(0.1442445891 -0.04766630298 6.108826308e-22)
(0.1229175921 -0.1150517595 -5.09452372e-22)
(0.08584239892 -0.2002198564 -1.617736219e-22)
(0.03155742248 -0.3066262748 1.526427239e-22)
(-0.02393145539 -0.423828411 7.292982556e-23)
(-0.065048717 -0.4869852171 1.912589084e-21)
(-0.02511694145 -0.3290169159 2.954199727e-21)
(-0.0200423726 0.1461133916 -4.38292114e-23)
(-0.06421995523 0.2112700973 4.410048751e-23)
(-0.0508816046 0.2175944267 9.985282389e-22)
(-0.01967626945 0.2012399048 -7.884719396e-24)
(0.02364241229 0.1806358687 0)
(0.070884433 0.1604298864 4.350778169e-23)
(0.1182965613 0.1414386543 -2.265687046e-22)
(0.1636286437 0.1231845989 -8.993184092e-23)
(0.2053483728 0.1047714146 3.665800733e-23)
(0.2421051749 0.08512136266 -1.694953783e-23)
(0.2724170864 0.06308634334 3.418397069e-23)
(0.2945366158 0.03743835627 -6.5754137e-23)
(0.306072253 0.006733777628 -9.279845945e-23)
(0.3044470021 -0.03068678826 1.515548591e-22)
(0.2859647252 -0.07770437277 0)
(0.2467153024 -0.1398203917 1.507839618e-22)
(0.1808154244 -0.2265809181 2.558366022e-22)
(0.09583758019 -0.3443274683 0)
(-0.006803012003 -0.4551556379 -3.674268857e-21)
(-0.01924136529 -0.377693412 -2.89184223e-21)
(-0.02590695166 0.2277256313 -9.510125364e-22)
(-0.03996326839 0.223851188 -1.387638541e-22)
(0.03653918439 0.181032669 -2.33158138e-22)
(0.1089382309 0.145024828 -1.191075174e-22)
(0.1814884809 0.1171271381 -4.29193504e-23)
(0.2486520709 0.09615457147 9.761717963e-23)
(0.3095665435 0.07991852086 -1.404227868e-22)
(0.3640738165 0.06649623471 1.292337405e-22)
(0.4120360367 0.05446468605 -8.585462418e-23)
(0.4530347828 0.04272727299 1.131145369e-25)
(0.4862332301 0.03037964045 1.523192267e-23)
(0.5102543094 0.01661161482 7.976279067e-23)
(0.5232544341 0.0006244361306 -1.807827825e-22)
(0.5228715544 -0.01854797317 -1.615644445e-22)
(0.5050055115 -0.04279526929 -4.261995546e-23)
(0.4657117783 -0.07628845802 0)
(0.3951538383 -0.1285952449 -1.842584987e-22)
(0.2915197852 -0.220842572 8.144534665e-22)
(0.1196928006 -0.3524979766 1.630956406e-21)
(0.02669214972 -0.3775418856 2.1723199e-21)
(0.2143025192 0.1347575644 9.860486767e-22)
(0.2776718828 0.09872152555 0)
(0.4317047349 0.05811188579 -2.592210475e-22)
(0.5304939449 0.03846008432 -1.740510991e-22)
(0.6016623283 0.02622378973 0)
(0.6570196454 0.01830604961 -5.997148408e-23)
(0.7013587233 0.01312468886 6.357616446e-23)
(0.7373946254 0.009535860977 -1.792515854e-23)
(0.7667024503 0.006805195518 2.873877818e-23)
(0.7899763947 0.00447249475 2.305723253e-23)
(0.8072440636 0.00223469191 0)
(0.8180901675 -0.0001331881373 -2.864988718e-23)
(0.8215272777 -0.002705725967 0)
(0.8161681335 -0.005699077138 2.734526443e-23)
(0.7991026882 -0.009603349591 1.424403904e-23)
(0.7679951981 -0.0150002933 -5.79447017e-23)
(0.7106626776 -0.02502862926 -2.533312409e-22)
(0.6235229276 -0.04204686486 -6.914790326e-22)
(0.4230085304 -0.09183390451 0)
(0.270566186 -0.1524040961 -2.119155909e-21)
)


// ************************************************************************* //
