/*--------------------------------*- C++ -*----------------------------------*\
  =========                 |
  \\      /  F ield         | OpenFOAM: The Open Source CFD Toolbox
   \\    /   O peration     | Website:  https://openfoam.org
    \\  /    A nd           | Version:  13
     \\/     M anipulation  |
\*---------------------------------------------------------------------------*/
FoamFile
{
    format      ascii;
    class       vectorField;
    location    "12.14";
    object      U_all;
}
// * * * * * * * * * * * * * * * * * * * * * * * * * * * * * * * * * * * * * //


400
(
(9.522085094e-06 -3.535723805e-05 0)
(-0.0006627473852 0.0004106371861 -1.532828324e-23)
(-0.002165464379 0.0009115177488 0)
(-0.004006683159 0.00129876428 0)
(-0.005908584615 0.001518122027 6.589574003e-25)
(-0.007679600641 0.001552436203 4.11552023e-24)
(-0.009185851979 0.001408026014 -6.446680352e-24)
(-0.01032762882 0.001107987695 8.530087098e-24)
(-0.01102575932 0.0006894183097 -2.184317437e-25)
(-0.01122056084 0.0002018821041 -4.136650107e-24)
(-0.01087680525 -0.0002964072946 5.970365633e-24)
(-0.009995083819 -0.0007400517512 -6.074996589e-23)
(-0.008624630879 -0.001066470677 -6.723279253e-23)
(-0.006871353192 -0.001224653255 -7.976793374e-23)
(-0.004901705319 -0.001187109386 4.711168829e-24)
(-0.002936195212 -0.0009607409224 -4.299365741e-24)
(-0.001225357008 -0.0005946856502 -2.12016655e-22)
(-4.070933186e-05 -0.0001767455273 0)
(0.0005027047971 0.0001637762174 2.114391706e-25)
(0.0002188058484 0.0003005174685 -1.054064458e-23)
(-0.0002604707808 0.0008238528517 1.353195274e-25)
(-0.002672005787 0.003347670365 1.543101007e-23)
(-0.006823226531 0.005538589395 1.537323168e-25)
(-0.01180465908 0.006923642338 -8.209209052e-25)
(-0.01692318743 0.007463029719 1.11445104e-24)
(-0.02170635235 0.007209004083 1.227099315e-23)
(-0.02579731934 0.006252233869 2.205578073e-24)
(-0.02892438422 0.004707641515 -8.254903358e-24)
(-0.03087664289 0.002718238725 1.070527415e-23)
(-0.03150269846 0.0004619987497 4.672932345e-24)
(-0.03071781652 -0.001847778741 -6.500545363e-24)
(-0.02852898303 -0.003966308259 2.856963209e-24)
(-0.02506417674 -0.005640400416 3.974781531e-23)
(-0.02058702165 -0.006639040126 -2.026314813e-24)
(-0.0155051462 -0.006796234091 3.909802876e-24)
(-0.0103519455 -0.006058944837 -1.035568965e-22)
(-0.005733010968 -0.004531905533 1.028334141e-22)
(-0.002252418754 -0.002515865363 -5.157602019e-25)
(-0.0001991441415 -0.0005251071927 5.287502286e-25)
(8.086546585e-05 0.0005919284899 0)
(-0.0004126122284 0.0029027699 -2.840994692e-25)
(-0.004584832666 0.008695211362 1.630090564e-23)
(-0.01121800056 0.01307145268 -8.442878908e-24)
(-0.01906773346 0.0155902807 -1.986994142e-25)
(-0.02711004071 0.01632306419 1.951946533e-25)
(-0.03466122658 0.01545686142 2.85842943e-26)
(-0.04118467335 0.01321185701 -2.008731039e-24)
(-0.04626068035 0.009825769945 -5.108860107e-25)
(-0.0495579442 0.005571108373 -1.120986372e-23)
(-0.0508323479 0.0007776553368 0)
(-0.04993833382 -0.004150287642 0)
(-0.04686335955 -0.008749553573 2.759276778e-23)
(-0.04176934435 -0.01251606282 2.907424445e-23)
(-0.03501810624 -0.01496418647 -1.724702403e-24)
(-0.02718771326 -0.01570672978 5.138291912e-23)
(-0.01905216769 -0.01455497776 1.001611549e-22)
(-0.01150874328 -0.01162514713 4.695846465e-23)
(-0.005453898343 -0.00743385184 6.578149789e-25)
(-0.001456318533 -0.002957177453 -2.202493212e-26)
(-9.081458644e-05 0.000199520275 0)
(-0.0004941943165 0.005969091702 -4.102165474e-23)
(-0.006310789269 0.01615541784 -1.619819724e-23)
(-0.01531609101 0.02324750459 8.366028037e-24)
(-0.02591551387 0.02708315308 0)
(-0.03678223343 0.02796239653 0)
(-0.04705996692 0.02626864839 0)
(-0.05606741596 0.02238317696 -7.626518219e-26)
(-0.06325878814 0.01668159652 -1.439362356e-24)
(-0.06818650099 0.009573930185 0)
(-0.07049329254 0.001551457233 1.869011926e-24)
(-0.06993895699 -0.006777276989 2.956719983e-25)
(-0.06643738904 -0.01469078678 -2.964995509e-25)
(-0.06010811415 -0.02137557507 0)
(-0.05133510025 -0.02600639619 4.420314305e-23)
(-0.04080176404 -0.02787002804 -4.966195735e-23)
(-0.02948968461 -0.02653625399 -3.130115602e-23)
(-0.01860759723 -0.02205600436 -4.693394075e-23)
(-0.009431737519 -0.01514648 7.692948213e-25)
(-0.002964493004 -0.007297142946 8.826178846e-23)
(-0.0002303051749 -0.0008918472455 0)
(-0.0005228757178 0.009960115087 4.122174904e-23)
(-0.007869624983 0.02560164062 4.849234582e-25)
(-0.01912663422 0.03594125718 -4.738380494e-25)
(-0.03237692889 0.04130806156 0)
(-0.04602762973 0.04235605327 7.574305681e-25)
(-0.05908011957 0.03972626675 -7.469225823e-25)
(-0.07073817895 0.03398060303 3.527183768e-23)
(-0.08034770919 0.025627799 1.68528351e-23)
(-0.08734259113 0.01519885817 5.64721439e-24)
(-0.09123076136 0.00332938285 -1.871186937e-24)
(-0.09162099387 -0.009177952733 0)
(-0.08827180214 -0.02132334891 4.795871019e-25)
(-0.08116751284 -0.03193149719 1.176787838e-23)
(-0.0706123197 -0.03973856113 -4.655989059e-23)
(-0.05731313626 -0.04356033723 2.146194792e-24)
(-0.04242923625 -0.04255264377 4.978818604e-23)
(-0.02753519462 -0.03654301184 -5.092856994e-25)
(-0.01444170385 -0.0263620964 0)
(-0.004825613253 -0.01403403758 5.340117485e-23)
(-0.000360439663 -0.0028601783 -2.447548651e-22)
(-0.000519436353 0.01479572471 9.840357139e-23)
(-0.009251929124 0.03688539554 -4.93683351e-25)
(-0.02258144258 0.05101724237 0)
(-0.03833284391 0.05818511941 0)
(-0.05469598061 0.0595180029 -8.601330163e-23)
(-0.07056557217 0.05597267392 -8.324448206e-23)
(-0.08506243895 0.04830161524 -3.906779865e-23)
(-0.09744476188 0.03712383849 -1.41206322e-23)
(-0.1070294285 0.02304894213 -4.841426603e-24)
(-0.1131651394 0.006807903975 -7.710121913e-24)
(-0.1152553745 -0.01063795441 6.073787444e-24)
(-0.1128165758 -0.028026707 7.803435655e-24)
(-0.1055817081 -0.04378372207 -1.839314674e-23)
(-0.09364326975 -0.05609934792 1.987673999e-25)
(-0.07760917347 -0.06312760992 0)
(-0.05874577374 -0.06334656464 -1.990262422e-23)
(-0.03902775399 -0.05607723103 1.170977042e-25)
(-0.02097749798 -0.04206301432 0)
(-0.007262285284 -0.02385423674 -1.413559996e-22)
(-0.0005158469135 -0.005915704738 5.807226549e-22)
(-0.0004934569006 0.02036985579 -9.773020727e-23)
(-0.0104039257 0.04978901563 2.809390767e-22)
(-0.0255263914 0.068235911 1.51287787e-22)
(-0.04351571018 0.07751997547 3.573050412e-24)
(-0.0624020014 0.07935221281 -7.220222633e-23)
(-0.08101818172 0.07505614469 8.85585127e-23)
(-0.09844176379 0.06557631093 -3.511034431e-24)
(-0.1138742609 0.05160455349 -1.670902746e-24)
(-0.1265320744 0.03376414419 2.433301355e-24)
(-0.135598998 0.01280161558 6.950025928e-24)
(-0.1402376684 -0.01024225319 -5.999468436e-24)
(-0.1396485163 -0.03389922919 -8.660195467e-24)
(-0.1331955598 -0.05619860896 -3.205891708e-23)
(-0.1206004106 -0.0746993496 -2.898386709e-23)
(-0.1021885598 -0.08668102045 4.077417902e-25)
(-0.0791727383 -0.08958787614 0)
(-0.0538700208 -0.08178116245 0)
(-0.02965369534 -0.06351713136 -2.72034971e-24)
(-0.01058376771 -0.03775403175 2.780695469e-24)
(-0.0007275326835 -0.01045580342 1.013897462e-22)
(-0.0004454846584 0.026528285 0)
(-0.01123807365 0.06399049942 1.978979603e-22)
(-0.02774134934 0.0872135378 8.858035274e-23)
(-0.04753427145 0.09894607772 0)
(-0.06855239087 0.1015703728 1.547343084e-22)
(-0.08961721567 0.09682131479 0)
(-0.1098110331 0.08583395184 -1.400627186e-22)
(-0.1283252103 0.06932963838 6.368406393e-24)
(-0.1443176514 0.04786712395 0)
(-0.1568379843 0.02210384753 0)
(-0.1648166229 -0.006959075133 -1.321254371e-24)
(-0.1671079277 -0.03775361207 -8.77920495e-25)
(-0.1626207456 -0.06799371307 1.421113793e-22)
(-0.1505450872 -0.09459075986 -4.62901577e-23)
(-0.1306828471 -0.1137743025 -2.356064776e-24)
(-0.1039052365 -0.1215484597 1.342936771e-24)
(-0.07263550976 -0.114667999 -1.364130516e-24)
(-0.04108755481 -0.09217932975 0)
(-0.01515197499 -0.05704267174 3.089946636e-24)
(-0.001034987708 -0.01705484813 -9.824291584e-22)
(-0.0003760126981 0.03306267867 0)
(-0.01166741987 0.0790453519 -1.119343348e-22)
(-0.02899309409 0.107392672 -6.128193571e-22)
(-0.04994600379 0.1218712148 -3.712518648e-22)
(-0.07243170737 0.1256057822 0)
(-0.09531079768 0.1207853704 4.057030189e-22)
(-0.1177241411 0.1087405181 1.236391396e-22)
(-0.1389154866 0.09018730881 -5.4616856e-24)
(-0.1580574515 0.06554623647 5.434652282e-24)
(-0.1741457394 0.03527477557 0)
(-0.1859471524 0.0001896936546 2.845402856e-23)
(-0.1920259584 -0.03822020977 4.550169561e-24)
(-0.1908330652 -0.07751700466 -1.035068564e-22)
(-0.1809095437 -0.114082085 7.617066698e-23)
(-0.1612798317 -0.1430527653 -2.32658991e-22)
(-0.1320640017 -0.1586450623 0)
(-0.09530446374 -0.155217882 0)
(-0.05572822038 -0.1294458645 0)
(-0.02136132382 -0.08329764229 0)
(-0.0014893512 -0.02650480414 5.413986129e-22)
(-0.0002933013914 0.03972416017 0)
(-0.01165173557 0.09440574904 -3.458458408e-22)
(-0.02911992418 0.1280448969 8.842507874e-22)
(-0.05037808393 0.1454515563 3.57587738e-22)
(-0.07335708876 0.1505504945 0)
(-0.09700385915 0.1460318242 -3.804267445e-22)
(-0.1205734023 0.1334436463 -3.123010488e-23)
(-0.1434355789 0.1134870428 3.279196104e-22)
(-0.164877067 0.08639743364 1.739362834e-22)
(-0.1839672569 0.05234076345 -3.989368081e-23)
(-0.1994695442 0.01180200008 1.640636978e-23)
(-0.2098039018 -0.03402662305 -8.07719314e-24)
(-0.2130744433 -0.08281932677 3.30446179e-22)
(-0.2071956287 -0.1307254329 0)
(-0.190234435 -0.1719903343 2.327713872e-22)
(-0.1611083907 -0.198929183 5.496699202e-24)
(-0.1207442468 -0.2027567554 -5.578681112e-24)
(-0.07357003219 -0.1761787939 1.461302466e-22)
(-0.02959279618 -0.1181985247 -5.17891882e-24)
(-0.002167036396 -0.03983769295 0)
(-0.0002218771039 0.04626944662 0)
(-0.01125744688 0.1094855093 0)
(-0.02814267658 0.1483197594 -4.972625416e-22)
(-0.04868954722 0.168611406 -1.861819427e-23)
(-0.0708958202 0.1751423366 2.013044963e-23)
(-0.09384325825 0.1711615981 -1.989275846e-23)
(-0.1169581618 0.1584807909 -2.282762572e-23)
(-0.1398146712 0.1378133407 -2.980435191e-22)
(-0.1619265088 0.1092097316 6.650329851e-23)
(-0.1825959965 0.07250130299 4.433663249e-23)
(-0.2007914183 0.02772942057 -4.494633165e-23)
(-0.2150357664 -0.02441401425 0)
(-0.2233521457 -0.08206382686 -7.557102453e-23)
(-0.2232313016 -0.1416058417 0)
(-0.2118011975 -0.1969136669 -3.671399162e-22)
(-0.1864518116 -0.238727959 5.125999206e-22)
(-0.1461605815 -0.2547482689 0)
(-0.09372287569 -0.2319635586 -1.409429715e-22)
(-0.04010297992 -0.1631628541 1.850219554e-22)
(-0.00318777927 -0.05832650433 -3.324524374e-22)
(-0.0002153311503 0.05254783106 0)
(-0.01073272609 0.1237791672 9.104284443e-22)
(-0.02639220942 0.1673459166 -2.41860093e-23)
(-0.04515109665 0.1901174099 9.110054286e-22)
(-0.06510730573 0.1978204349 -2.486703229e-23)
(-0.08554628773 0.1943369726 2.804873919e-23)
(-0.1061336079 0.1818088453 -2.779269475e-23)
(-0.1267259101 0.1610247653 -1.639247125e-23)
(-0.1471691703 0.1319039393 -5.192237516e-22)
(-0.1671502728 0.0939700963 -8.78943257e-24)
(-0.1860586904 0.04678796238 9.535132275e-24)
(-0.2028112075 -0.009596340839 3.276693518e-22)
(-0.2157216613 -0.07414463155 -5.747241887e-22)
(-0.2222623798 -0.1440089293 0)
(-0.2189486827 -0.2135194421 8.756572799e-22)
(-0.2016602252 -0.2727482111 -4.829092849e-22)
(-0.1668019384 -0.306296437 -1.536737455e-23)
(-0.1139128674 -0.2941942391 0)
(-0.05279865348 -0.218697414 -1.804325762e-22)
(-0.00473646882 -0.08342870712 3.27509401e-22)
(-0.0003806772873 0.05864348858 1.537980081e-23)
(-0.01060625049 0.137038024 -8.689212563e-22)
(-0.02464065468 0.1843782946 -1.14830434e-21)
(-0.04060144022 0.208699526 -8.550858942e-22)
(-0.05673463509 0.216846715 0)
(-0.07265790877 0.2134262586 3.477666217e-23)
(-0.08837662259 0.2009786278 -7.218101454e-23)
(-0.1041110665 0.180442759 5.804552246e-23)
(-0.1201173654 0.1516931104 2.985351361e-22)
(-0.1365648888 0.1140343131 -1.116071269e-23)
(-0.1534134662 0.06660989451 0)
(-0.1702593465 0.00878803809 -3.563785406e-22)
(-0.1860461551 -0.05938920564 7.445561433e-22)
(-0.1987327465 -0.1363895552 8.760817599e-22)
(-0.2049109959 -0.2179489369 -5.230402734e-22)
(-0.1994839795 -0.2949114008 5.109350698e-22)
(-0.176264842 -0.3502858942 1.048384863e-23)
(-0.1301395859 -0.3573156223 -1.06522177e-23)
(-0.06685867861 -0.2834380601 -8.951080832e-23)
(-0.007073730265 -0.1166133611 0)
(-0.000927632099 0.06509533183 -1.897434552e-23)
(-0.01182901888 0.1494763823 -1.318333934e-21)
(-0.02421927879 0.1989288101 1.085999704e-21)
(-0.03651979546 0.2231437513 6.690056986e-22)
(-0.04723745681 0.2304188688 5.972254718e-22)
(-0.05657075244 0.2261796663 6.593091688e-22)
(-0.06502644771 0.2133938211 -4.41851534e-23)
(-0.0732822376 0.1931910175 -3.432932686e-22)
(-0.08204769787 0.1654734585 2.134646111e-22)
(-0.09199761181 0.1294393244 0)
(-0.1037019141 0.08394061634 0)
(-0.1174989666 0.02778226606 2.638518723e-22)
(-0.1332497007 -0.03993219504 8.250619349e-23)
(-0.1499264569 -0.119271438 -2.785677053e-22)
(-0.1649896637 -0.2081545248 -5.375009307e-23)
(-0.1734594609 -0.2998827409 1.312232147e-22)
(-0.1674799038 -0.3784580638 -3.362283368e-22)
(-0.1367507869 -0.4127413719 -1.908106687e-23)
(-0.08022932757 -0.3530301034 8.938850827e-23)
(-0.01050475239 -0.1590250323 -6.078299037e-22)
(-0.002278622068 0.07327834309 0)
(-0.01598515417 0.1620372316 2.132852595e-21)
(-0.02705525837 0.2108763647 0)
(-0.03485813984 0.2323370334 -1.34381738e-21)
(-0.03843795805 0.2367358346 6.238348347e-23)
(-0.03901677865 0.2303641583 -6.145473032e-22)
(-0.03783816327 0.2165393851 -4.723489897e-22)
(-0.03614204255 0.196534592 8.238283724e-22)
(-0.03509832766 0.1702674046 -1.870174103e-22)
(-0.03582985364 0.1369176522 0)
(-0.03943585341 0.09519873089 0)
(-0.0469282552 0.0435822745 2.439334121e-23)
(-0.05912238615 -0.01952676947 -5.973579944e-22)
(-0.07626638439 -0.09559301453 -4.285933943e-22)
(-0.09744024452 -0.1849618204 4.623218608e-22)
(-0.1191599398 -0.2847747846 -6.446628956e-22)
(-0.1338733934 -0.3832304872 8.933981535e-23)
(-0.1268898864 -0.4497951707 3.265881639e-23)
(-0.0891136515 -0.419222542 5.673758268e-22)
(-0.01527610845 -0.2108223163 6.066845063e-22)
(-0.005196506588 0.08587437112 0)
(-0.02544196764 0.1762307105 1.470010561e-22)
(-0.03526453703 0.2199426173 -4.894477001e-23)
(-0.03709037326 0.2346885432 7.602822097e-22)
(-0.03111527714 0.2335322445 -6.965614879e-22)
(-0.02029623486 0.2234565889 4.718592225e-23)
(-0.00688696705 0.2078371602 -1.017011137e-22)
(0.007208989223 0.1878426836 -3.365884055e-22)
(0.0203994996 0.1633516151 2.050908989e-22)
(0.0312426164 0.1335032025 0)
(0.03825174553 0.09698999209 0)
(0.03992347826 0.05219584648 -2.8886267e-22)
(0.03462038225 -0.002766457886 0)
(0.020917022 -0.07009606662 -5.499960459e-22)
(-0.002202146002 -0.1521295205 -1.415996144e-23)
(-0.03389233264 -0.2501994488 2.552417103e-23)
(-0.06972276115 -0.3595521017 2.184691629e-22)
(-0.09269097528 -0.4571734641 4.845138403e-24)
(-0.08734776945 -0.4693984618 -5.804185049e-22)
(-0.02104886663 -0.2696268758 0)
(-0.01112461472 0.108587772 0)
(-0.04264170011 0.1945269889 -8.812437097e-22)
(-0.04833300466 0.2254295547 -5.396802687e-22)
(-0.03982510411 0.2276851711 4.531887067e-22)
(-0.01965012095 0.2176662641 -1.727722764e-24)
(0.006587617746 0.2023076286 -4.543245225e-23)
(0.03545663891 0.1843728336 5.666730762e-22)
(0.06452134 0.164486629 -2.751858173e-23)
(0.09193761418 0.1422693967 -2.057597635e-22)
(0.1160859957 0.1167528101 3.127002958e-23)
(0.1353146185 0.08667187652 -3.411617659e-23)
(0.1478317076 0.05052448789 -3.678733987e-23)
(0.1515202439 0.006538679167 3.197368584e-22)
(0.1440683736 -0.04759080298 6.106547546e-22)
(0.1227634391 -0.1149860315 -5.093325578e-22)
(0.08571514498 -0.2001678726 -1.61864995e-22)
(0.031444465 -0.3065862086 1.524642088e-22)
(-0.02401247248 -0.423788105 7.292216886e-23)
(-0.06508067225 -0.4869396516 1.912313141e-21)
(-0.02512140468 -0.3289813181 2.953892338e-21)
(-0.02004124172 0.1461238671 -4.381368766e-23)
(-0.06423438904 0.2112635302 4.408495892e-23)
(-0.05092789133 0.2175594651 9.982059365e-22)
(-0.01976260442 0.2011809948 -7.784579271e-24)
(0.02351283634 0.1805654859 0)
(0.07071466315 0.1603612016 4.348053871e-23)
(0.1180952123 0.1413820394 -2.263890272e-22)
(0.1634073658 0.1231501501 -8.985347562e-23)
(0.2051204101 0.1047604565 3.66237789e-23)
(0.2418813485 0.08513378934 -1.693349561e-23)
(0.2722074346 0.06311840804 3.415654109e-23)
(0.294349379 0.03748416701 -6.571464609e-23)
(0.305909081 0.006788049047 -9.272934427e-23)
(0.30431002 -0.03063602036 1.51533572e-22)
(0.2858531316 -0.07766261674 0)
(0.246626597 -0.1397916805 1.508957213e-22)
(0.1807434325 -0.2265685212 2.557899984e-22)
(0.09578369411 -0.3443111191 0)
(-0.006830311035 -0.4551386693 -3.673760403e-21)
(-0.01924586391 -0.3776777718 -2.89154151e-21)
(-0.02590372142 0.2277366586 -9.509301306e-22)
(-0.03995812179 0.2238588182 -1.38739479e-22)
(0.03653346301 0.1810260341 -2.33081521e-22)
(0.10890939 0.145004005 -1.190510061e-22)
(0.1814289923 0.1170967025 -4.291578195e-23)
(0.248559769 0.09612223291 9.758090504e-23)
(0.3094451839 0.07989025298 -1.403350255e-22)
(0.3639311117 0.06647745634 1.291262663e-22)
(0.4118825221 0.05445736172 -8.577513476e-23)
(0.45288071 0.04273175083 1.131062088e-25)
(0.4860881253 0.03039413289 1.522144671e-23)
(0.5101254117 0.0166329298 7.971514075e-23)
(0.5231480909 0.0006472804503 -1.807132935e-22)
(0.5227915105 -0.01852572769 -1.615439625e-22)
(0.5049466642 -0.04277717384 -4.262924828e-23)
(0.4656704038 -0.07627701588 0)
(0.3951238249 -0.1285917518 -1.841265101e-22)
(0.2914970948 -0.220841426 8.143126624e-22)
(0.1196791625 -0.3524970442 1.630737786e-21)
(0.02668869856 -0.3775398606 2.172208083e-21)
(0.2143058852 0.1347608769 9.859572983e-22)
(0.2776823903 0.09872578223 0)
(0.4317164706 0.0581138815 -2.591919429e-22)
(0.5304988738 0.03845944529 -1.74046234e-22)
(0.6016535126 0.0262210874 0)
(0.6569937175 0.01830264505 -5.995287714e-23)
(0.7013164532 0.01312164885 6.353556568e-23)
(0.7373398773 0.009534242292 -1.790822531e-23)
(0.76664124 0.006805351273 2.87117207e-23)
(0.7899150814 0.004474477788 2.303586422e-23)
(0.807188569 0.002238173249 0)
(0.8180448706 -0.0001287482306 -2.863155181e-23)
(0.8214949206 -0.002700698736 0)
(0.8161494773 -0.005695381739 2.734140132e-23)
(0.7990946968 -0.009601176036 1.425673829e-23)
(0.7679943253 -0.01499965934 -5.792612081e-23)
(0.7106645551 -0.0250295211 -2.532526691e-22)
(0.6235241176 -0.04204789176 -6.913694987e-22)
(0.4230084123 -0.0918350026 0)
(0.2705658601 -0.1524045959 -2.119047487e-21)
)


// ************************************************************************* //
