/*--------------------------------*- C++ -*----------------------------------*\
  =========                 |
  \\      /  F ield         | OpenFOAM: The Open Source CFD Toolbox
   \\    /   O peration     | Website:  https://openfoam.org
    \\  /    A nd           | Version:  13
     \\/     M anipulation  |
\*---------------------------------------------------------------------------*/
FoamFile
{
    format      ascii;
    class       vectorField;
    location    "42.88";
    object      U_all;
}
// * * * * * * * * * * * * * * * * * * * * * * * * * * * * * * * * * * * * * //


400
(
(1.100607665e-05 -3.783172622e-05 0)
(-0.0006660952082 0.0004130431499 -1.551289696e-23)
(-0.002185374314 0.0009203938738 0)
(-0.004047831756 0.001312780242 0)
(-0.005971867319 0.001535064578 6.845699522e-25)
(-0.007762783639 0.001569847478 4.150954936e-24)
(-0.009284546999 0.001423564956 -7.373655765e-24)
(-0.0104359432 0.001119725854 7.530393842e-24)
(-0.01113681473 0.0006960848551 -2.095384272e-25)
(-0.01132711026 0.0002030783663 -3.994648396e-24)
(-0.01097177103 -0.0003002342982 5.803611671e-24)
(-0.01007232739 -0.0007475176928 -5.929551325e-23)
(-0.008679881112 -0.001075563509 -6.552681417e-23)
(-0.006902854806 -0.001233044303 -7.784293376e-23)
(-0.004910739303 -0.001192638006 4.573582204e-24)
(-0.002927231572 -0.0009619202164 -4.13792794e-24)
(-0.001205297265 -0.0005912121237 -1.998750726e-22)
(-1.906593732e-05 -0.0001698838991 0)
(0.0005181561444 0.0001720845543 1.509497146e-25)
(0.0002227523036 0.0003059783888 -2.551420104e-24)
(-0.000263362452 0.0008289698642 1.382984783e-25)
(-0.002703304918 0.003383842569 1.561086679e-23)
(-0.006907277516 0.00560450247 1.555327326e-25)
(-0.01195232031 0.007008207828 -8.495560845e-25)
(-0.01713504352 0.00755377486 1.162164134e-24)
(-0.02197535247 0.007294198253 1.30693197e-23)
(-0.02611075972 0.006321894271 1.387988926e-24)
(-0.02926564841 0.004754195308 -7.282134837e-24)
(-0.031226733 0.002737154955 1.01525266e-23)
(-0.03184201254 0.0004524082322 4.509992375e-24)
(-0.03102761539 -0.001884144223 -6.318884411e-24)
(-0.02879316561 -0.004023030471 2.961639865e-24)
(-0.0252713827 -0.005708355722 3.895523309e-23)
(-0.02073194901 -0.006707410286 -1.954764174e-24)
(-0.01558962767 -0.006854140801 3.754472864e-24)
(-0.01038513513 -0.006097465799 -9.740990991e-23)
(-0.00573027175 -0.004546189278 9.637652697e-23)
(-0.002233364845 -0.002507422383 -3.961135507e-25)
(-0.0001817722305 -0.0005023750433 4.061036067e-25)
(8.343722089e-05 0.0006099240007 0)
(-0.0004188229194 0.002935079569 -2.910416766e-25)
(-0.004647873992 0.008804014818 1.70207364e-23)
(-0.01137196066 0.01324042501 -8.283676748e-24)
(-0.01932729267 0.01579204343 -2.075412843e-25)
(-0.02747411864 0.01653000243 2.03887643e-25)
(-0.03511778834 0.01564441696 6.817128434e-27)
(-0.04171344672 0.01335997437 -1.220486582e-24)
(-0.04683571572 0.009919769125 -4.551340772e-25)
(-0.05014988921 0.005602432699 -1.063071891e-23)
(-0.05141232081 0.0007444216473 0)
(-0.05047793506 -0.004241778693 0)
(-0.04733706458 -0.008887185837 2.671013795e-23)
(-0.04215928002 -0.01268176944 2.813021347e-23)
(-0.03531437495 -0.01513605285 -1.646167441e-24)
(-0.02738996363 -0.01586189732 4.845885948e-23)
(-0.01917005982 -0.01467334378 9.419294388e-23)
(-0.01156090696 -0.01169360615 3.975764061e-23)
(-0.005465409592 -0.007450745363 4.141973969e-25)
(-0.001451096456 -0.002936045381 1.07374083e-25)
(-9.072543374e-05 0.0002258748232 0)
(-0.0005024632867 0.006045351027 -4.248904699e-23)
(-0.006402739782 0.01637075541 -1.692297809e-23)
(-0.01553502373 0.0235593353 8.210523779e-24)
(-0.02627912074 0.02744162691 0)
(-0.03728746884 0.02832102415 0)
(-0.0476903764 0.02658772817 0)
(-0.05679663125 0.02263120488 -4.467316694e-26)
(-0.06405384038 0.01683609237 -2.136690419e-24)
(-0.06901081483 0.009622182032 0)
(-0.071308279 0.001491048563 1.635420994e-24)
(-0.07070853627 -0.006936503988 2.802750964e-25)
(-0.06713039612 -0.01493018752 -2.810598602e-25)
(-0.06069905862 -0.02166728055 0)
(-0.05180750809 -0.02631605709 4.133274211e-23)
(-0.04114991927 -0.02816070884 -4.68159828e-23)
(-0.02971970382 -0.02677372261 -2.761975077e-23)
(-0.01873716664 -0.02221530536 -3.960910562e-23)
(-0.009488026403 -0.01521922212 7.795955302e-25)
(-0.002976877694 -0.007298195377 9.790315927e-23)
(-0.00023187858 -0.0008661694893 0)
(-0.0005316139157 0.01009501748 4.269565927e-23)
(-0.00798359393 0.02595219738 4.785240666e-25)
(-0.01939687483 0.03642882891 -4.675947334e-25)
(-0.03282382407 0.04185520708 0)
(-0.04664688998 0.04289485288 7.782886446e-25)
(-0.0598522977 0.04020074213 -7.674973896e-25)
(-0.07163291575 0.03434741899 3.672270649e-23)
(-0.08132751453 0.02585664236 1.848183961e-23)
(-0.08836601199 0.01527298347 6.238785084e-24)
(-0.09225469555 0.003246146064 -1.637326282e-24)
(-0.09260379756 -0.00940783343 0)
(-0.08917555536 -0.0216747804 4.370589728e-25)
(-0.08195979405 -0.03236744985 1.008999708e-23)
(-0.07126885713 -0.04021250016 -4.349305901e-23)
(-0.05782019126 -0.04402046196 1.932907191e-24)
(-0.04278583194 -0.04294829215 4.217325391e-23)
(-0.0277545039 -0.03683346788 -3.841878489e-25)
(-0.0145506221 -0.02652720876 0)
(-0.004859461112 -0.01408454474 5.436542761e-23)
(-0.0003641478467 -0.002846953825 -2.565073514e-22)
(-0.0005272215706 0.01499927723 9.841485682e-23)
(-0.009377926433 0.03739022514 -4.907738417e-25)
(-0.02288182901 0.05170223245 0)
(-0.03883043572 0.05894183268 0)
(-0.05538656763 0.06025574672 -8.73208676e-23)
(-0.07142876692 0.05661901087 -8.499063144e-23)
(-0.08606654274 0.04880168834 -4.067523717e-23)
(-0.09855086214 0.03743980605 -1.504356382e-23)
(-0.1081945333 0.02315984027 -5.368832718e-24)
(-0.1143444741 0.006709679244 -8.17495272e-24)
(-0.116404621 -0.0109329221 6.601092522e-24)
(-0.1138937399 -0.02848945101 8.826680198e-24)
(-0.1065486986 -0.04437046262 -1.892320542e-23)
(-0.09446804247 -0.05675333692 4.607736319e-24)
(-0.07826857182 -0.06378298517 0)
(-0.0592289569 -0.06393495224 -1.572903086e-23)
(-0.03933982035 -0.05653816081 -2.428234083e-26)
(-0.02114188814 -0.04235808973 0)
(-0.007318702429 -0.02398229345 -1.520642156e-22)
(-0.0005216164913 -0.005925544562 6.056261875e-22)
(-0.0004990818788 0.02064574447 -9.774437995e-23)
(-0.01052950986 0.05045438199 2.831979315e-22)
(-0.02582957577 0.06912511887 1.526858827e-22)
(-0.04402138441 0.07849258141 3.619272819e-24)
(-0.06310739255 0.08029476592 -7.319357654e-23)
(-0.08190405125 0.07588043003 9.043517751e-23)
(-0.09947763735 0.06621690713 -3.5902085e-24)
(-0.1150227387 0.05201695054 -1.72916758e-24)
(-0.1277519191 0.03392358476 2.524156614e-24)
(-0.1368472607 0.01270233166 7.382589309e-24)
(-0.1414710519 -0.01058782384 -6.500840908e-24)
(-0.1408248174 -0.03446024471 -9.788101706e-24)
(-0.1342745966 -0.05692771828 -3.261729343e-23)
(-0.1215450249 -0.07553316304 -3.661504848e-23)
(-0.1029672677 -0.08754260568 5.645985911e-25)
(-0.07976370128 -0.09039209583 0)
(-0.05426682652 -0.08244513612 0)
(-0.0298716102 -0.06397736737 -2.906059988e-24)
(-0.01066285172 -0.03798794639 2.970509114e-24)
(-0.0007350938888 -0.01050089406 1.027874182e-22)
(-0.0004479160365 0.02687251116 0)
(-0.01134923189 0.06480757472 2.001980492e-22)
(-0.02801599714 0.08829617268 8.962050309e-23)
(-0.04799857422 0.1001234958 0)
(-0.06920602085 0.1027076571 1.56988233e-22)
(-0.09044373298 0.09781578802 0)
(-0.1107831694 0.08661103161 -1.428388907e-22)
(-0.1294093781 0.06983950416 6.515559883e-24)
(-0.1454771653 0.04808232199 0)
(-0.1580351826 0.02201755534 0)
(-0.1660133461 -0.007334440588 -1.374410925e-24)
(-0.1682671558 -0.03838839877 -9.316788953e-25)
(-0.16370647 -0.06883976054 1.491981288e-22)
(-0.1515208771 -0.09558275959 -4.704625567e-23)
(-0.1315134571 -0.1148298674 -2.560978225e-24)
(-0.1045596094 -0.1225703418 1.534732514e-24)
(-0.07309350049 -0.1155517966 -1.558941817e-24)
(-0.04135021588 -0.09283115536 0)
(-0.01525230319 -0.05740767589 3.203812816e-24)
(-0.001044309303 -0.01714714398 -1.012914312e-21)
(-0.0003744665366 0.03346304601 0)
(-0.01175006082 0.07998918757 -1.128289477e-22)
(-0.02920707918 0.1086390943 -6.19114854e-22)
(-0.05031745014 0.1232233994 -3.755306532e-22)
(-0.07296317461 0.1269097044 0)
(-0.09598960277 0.1219255655 4.119458219e-22)
(-0.1185273501 0.1096348659 1.260925493e-22)
(-0.1398146445 0.09078245988 -5.581836239e-24)
(-0.1590221578 0.06581393213 5.554209149e-24)
(-0.1751461026 0.03520881086 0)
(-0.186956 -0.000196747812 2.912130411e-23)
(-0.1930172658 -0.03889754463 4.695839923e-24)
(-0.1917809922 -0.07843888711 -1.076809448e-22)
(-0.1817874446 -0.1151865399 8.004220261e-23)
(-0.1620570448 -0.1442599485 -2.419747585e-22)
(-0.1327062014 -0.1598548645 0)
(-0.09577888272 -0.1563112896 0)
(-0.05601633129 -0.1302981087 0)
(-0.02147859165 -0.08381135094 0)
(-0.001500384738 -0.02665516246 5.572118322e-22)
(-0.0002873903593 0.04016077818 0)
(-0.01169359703 0.09543611637 -3.493015752e-22)
(-0.02924438318 0.1294073634 8.9327988e-22)
(-0.05060947238 0.146929917 3.617178863e-22)
(-0.07370082566 0.1519748676 0)
(-0.09745151094 0.147275797 -3.862555936e-22)
(-0.1211069845 0.1344191962 -3.174431479e-23)
(-0.1440324805 0.1141393331 3.333106244e-22)
(-0.1655143259 0.08670006714 1.769475193e-22)
(-0.1846248542 0.05229123553 -4.060152482e-23)
(-0.2001325823 0.01141716204 1.656821905e-23)
(-0.2104622448 -0.03471424186 -8.265248668e-24)
(-0.213720853 -0.083765637 3.371858687e-22)
(-0.20782155 -0.1318756361 0)
(-0.1908238537 -0.1732756151 2.420916612e-22)
(-0.161633574 -0.2002593407 5.774780755e-24)
(-0.1211662692 -0.2040121718 -5.860899818e-24)
(-0.07384989808 -0.1772119961 1.548449358e-22)
(-0.0297178683 -0.1188642327 -5.435464743e-24)
(-0.002179545189 -0.04005398722 0)
(-0.0002117201554 0.04671640037 0)
(-0.01125001167 0.1105498138 0)
(-0.02815624531 0.1497355014 -5.022756705e-22)
(-0.04874479275 0.1701517609 -1.880997834e-23)
(-0.0710008652 0.176625715 2.038378855e-23)
(-0.09399451372 0.1724526515 -2.014311351e-23)
(-0.1171434296 0.1594870994 -2.316884359e-23)
(-0.1400179511 0.1384805091 -3.029824663e-22)
(-0.1621328903 0.1095160725 6.698615802e-23)
(-0.1827959047 0.07245187062 4.513178377e-23)
(-0.2009835561 0.02734928931 -4.577720841e-23)
(-0.2152270262 -0.025086977 0)
(-0.2235562208 -0.08298351337 -7.839683282e-23)
(-0.2234632192 -0.1427257333 0)
(-0.2120679428 -0.1981820886 -3.739563198e-22)
(-0.1867434546 -0.2400773703 5.244956046e-22)
(-0.1464438302 -0.256077342 0)
(-0.09394567711 -0.2331209511 -1.493995405e-22)
(-0.04022000984 -0.1639613664 1.937552199e-22)
(-0.003201100273 -0.05861063155 -3.411531755e-22)
(-0.0002015409256 0.05297585134 0)
(-0.01067261943 0.1248172397 9.182872169e-22)
(-0.02628446776 0.1687424591 -2.440685907e-23)
(-0.04501107821 0.1916455147 9.193339664e-22)
(-0.06494597409 0.1992921058 -2.512086606e-23)
(-0.08536628405 0.1956104319 2.83884503e-23)
(-0.105930564 0.1827886844 -2.812931083e-23)
(-0.1264924187 0.161658351 -1.660918558e-23)
(-0.1468996853 0.1321762304 -5.260230766e-22)
(-0.1668458164 0.09389646698 -8.906631101e-24)
(-0.1857303029 0.04640576378 9.660197981e-24)
(-0.2024781688 -0.01023784679 3.313078523e-22)
(-0.2154154613 -0.07499820296 -5.820741278e-22)
(-0.2220209714 -0.1450311839 0)
(-0.2188032102 -0.2146760622 8.887326012e-22)
(-0.2016257522 -0.2740016429 -4.940888569e-22)
(-0.1668639191 -0.3075811965 -1.57222379e-23)
(-0.1140220092 -0.2953811919 0)
(-0.05288482007 -0.2195802584 -1.890185867e-22)
(-0.004749188145 -0.08377277979 3.360589498e-22)
(-0.0003641986121 0.05902317847 1.551010804e-23)
(-0.01049574028 0.1379881509 -8.764199726e-22)
(-0.02441389645 0.1856804109 -1.157059353e-21)
(-0.04026724457 0.2101384758 -8.628988516e-22)
(-0.05630729539 0.2182348916 0)
(-0.07214856421 0.2146190273 3.513806283e-23)
(-0.08779221489 0.2018791956 -7.294868761e-23)
(-0.1034562782 0.1810005609 5.867886547e-23)
(-0.119398387 0.1518997241 3.021367848e-22)
(-0.1357931548 0.1139150571 -1.128196113e-23)
(-0.1526082325 0.06621424988 0)
(-0.1694521381 0.008177203807 -3.60393065e-22)
(-0.1852760604 -0.06015987674 7.515670144e-22)
(-0.1980448523 -0.1372747012 8.831706191e-22)
(-0.2043546268 -0.2189261891 -5.29662877e-22)
(-0.1990977615 -0.2959712917 5.16269119e-22)
(-0.1760605331 -0.3514072595 1.078233587e-23)
(-0.1300890631 -0.358415079 -1.095548638e-23)
(-0.066888033 -0.2843276516 -8.215312696e-23)
(-0.007083319904 -0.116996442 0)
(-0.0009095779293 0.06540041654 -1.911487443e-23)
(-0.01167591832 0.1502816421 -1.326965957e-21)
(-0.02388882174 0.2000659568 1.094237728e-21)
(-0.03601340439 0.2244216974 6.734931144e-22)
(-0.04657308675 0.2316588251 6.01463272e-22)
(-0.05577038383 0.2272393702 6.643958113e-22)
(-0.06411245608 0.2141774879 -4.458678605e-23)
(-0.072275615 0.1936494379 -3.461337833e-22)
(-0.08096972816 0.1656028312 2.152162867e-22)
(-0.0908719221 0.1292707349 0)
(-0.1025547445 0.08353082414 0)
(-0.1163622153 0.02720010676 2.655397401e-22)
(-0.1321589558 -0.04062006056 8.194325883e-23)
(-0.1489252318 -0.1200128312 -2.821624295e-22)
(-0.1641284281 -0.2089300693 -5.411272749e-23)
(-0.1727877619 -0.3006992509 1.301951927e-22)
(-0.1670311304 -0.3793329104 -3.400505714e-22)
(-0.1365292438 -0.4136451971 -1.593841525e-23)
(-0.08018250132 -0.3538326205 8.20408538e-23)
(-0.01050762288 -0.159413057 -6.032160538e-22)
(-0.002260498831 0.07348883591 0)
(-0.01580355775 0.1626521782 2.14587518e-21)
(-0.02665042694 0.2117904749 0)
(-0.03422339654 0.2333947283 -1.35180814e-21)
(-0.03759398491 0.2377766835 6.184057021e-23)
(-0.0379968523 0.2312553529 -6.193095668e-22)
(-0.03668265877 0.2171899011 -4.756284893e-22)
(-0.03489036299 0.1968934488 8.301256042e-22)
(-0.0337883785 0.1703342375 -1.885698423e-22)
(-0.03449876369 0.1367221066 0)
(-0.03811572656 0.09479673531 0)
(-0.04564992404 0.04304286509 2.410614735e-23)
(-0.0579080431 -0.02013781283 -6.007199482e-22)
(-0.07514598576 -0.09620650245 -4.309567683e-22)
(-0.09645175025 -0.1855556174 4.637863033e-22)
(-0.1183462619 -0.2853567772 -6.488736366e-22)
(-0.1332715383 -0.3838386534 9.119948179e-23)
(-0.1265350988 -0.4504358713 2.937326531e-23)
(-0.08899154078 -0.4198536374 5.6604449e-22)
(-0.01526917925 -0.2111719731 6.020793278e-22)
(-0.005180899824 0.08598045968 0)
(-0.0252555079 0.1766291195 1.465579569e-22)
(-0.0348340808 0.2205961563 -4.917145321e-23)
(-0.03640013948 0.235485936 7.642931444e-22)
(-0.03018483107 0.2343406761 -7.005378608e-22)
(-0.01916579494 0.2241603888 4.74648114e-23)
(-0.005615150786 0.2083525845 -1.018609834e-22)
(0.008569607551 0.1881241085 -3.38988883e-22)
(0.02179886192 0.1633911265 2.062822769e-22)
(0.03262781519 0.1333242726 0)
(0.03958458616 0.09664086122 0)
(0.04117013309 0.05174056391 -2.902667908e-22)
(0.0357848386 -0.003255398209 0)
(0.0219818471 -0.07058360867 -5.512187289e-22)
(-0.001264845787 -0.1525735508 -1.492378134e-23)
(-0.03310469848 -0.2505949847 2.559740739e-23)
(-0.06909235782 -0.3599341515 2.203142396e-22)
(-0.09227826974 -0.4575424525 4.78809179e-24)
(-0.08718089905 -0.4698129412 -5.789413402e-22)
(-0.02103127141 -0.2698972295 0)
(-0.0111163157 0.108597497 0)
(-0.04248901891 0.194715167 -8.848480619e-22)
(-0.04795528963 0.2258195508 -5.411040444e-22)
(-0.03919536016 0.228213556 4.543817378e-22)
(-0.018778304 0.2182328142 -1.709984895e-24)
(0.007664312531 0.2028220361 -4.561050138e-23)
(0.03667993252 0.1847619774 5.696682236e-22)
(0.06582998465 0.164711822 -2.766890406e-23)
(0.09327130818 0.1423128183 -2.069781656e-22)
(0.1173891604 0.1166274943 3.142213481e-23)
(0.1365461687 0.08641143928 -3.42591714e-23)
(0.1489669268 0.05017669059 -3.69059415e-23)
(0.1525275781 0.006159167143 3.205633581e-22)
(0.1449367031 -0.04796127012 6.119606457e-22)
(0.123515979 -0.1153052907 -5.101171789e-22)
(0.08633533432 -0.2004195648 -1.616058155e-22)
(0.03199089297 -0.306780659 1.531308112e-22)
(-0.02362123148 -0.4239837143 7.29365335e-23)
(-0.06492413046 -0.4871612787 1.913291746e-21)
(-0.02509971698 -0.3291544742 2.954991611e-21)
(-0.02004680505 0.1460727398 -4.39020803e-23)
(-0.0641640626 0.2112955846 4.417380783e-23)
(-0.05070230529 0.2177300465 1.000188676e-21)
(-0.0193409734 0.201467998 -8.270568718e-24)
(0.02414464879 0.1809076183 0)
(0.07154121956 0.1606933358 4.363722801e-23)
(0.1190703392 0.1416495507 -2.273852134e-22)
(0.1644767318 0.1233181837 -9.027958105e-23)
(0.2062251147 0.104811731 3.680734909e-23)
(0.2429643014 0.08507140233 -1.701654947e-23)
(0.2732207574 0.062961478 3.429970448e-23)
(0.2952536107 0.03726293915 -6.592681495e-23)
(0.306697106 0.006535068774 -9.303905947e-23)
(0.3049738313 -0.03087770008 1.517044203e-22)
(0.2863936251 -0.07786290947 0)
(0.2470568086 -0.1399300368 1.505611155e-22)
(0.1810922238 -0.2266299752 2.560013997e-22)
(0.09604450261 -0.3443894947 0)
(-0.006697615794 -0.4552210218 -3.675635048e-21)
(-0.01922408197 -0.3777537588 -2.892621079e-21)
(-0.0259195137 0.2276828794 -9.514204664e-22)
(-0.03998324699 0.2238216522 -1.388976525e-22)
(0.03656136934 0.1810585351 -2.335582158e-22)
(0.1090503058 0.1451059088 -1.19374238e-22)
(0.1817191201 0.1172445498 -4.295827036e-23)
(0.2490090735 0.09627907721 9.783185059e-23)
(0.31003367 0.08002510551 -1.408592675e-22)
(0.3646209328 0.06656815494 1.297175566e-22)
(0.4126252489 0.05449179048 -8.620121827e-23)
(0.4536250296 0.04270895063 1.132188777e-25)
(0.4867878722 0.03032298525 1.527741914e-23)
(0.5107451365 0.01652901928 7.997205652e-23)
(0.5236597459 0.0005365147602 -1.811123999e-22)
(0.5231798018 -0.01863373229 -1.617146332e-22)
(0.5052323425 -0.04286478948 -4.262954481e-23)
(0.4658715086 -0.07633231184 0)
(0.3952696502 -0.1286089384 -1.846477685e-22)
(0.2916071051 -0.2208468098 8.148763682e-22)
(0.1197455107 -0.3525016903 1.631601624e-21)
(0.02670547263 -0.377549798 2.172655933e-21)
(0.2142894467 0.1347447204 9.864989647e-22)
(0.2776311182 0.09870503541 0)
(0.4316592291 0.05810414846 -2.5943211e-22)
(0.5304749353 0.03846264957 -1.741666948e-22)
(0.601696576 0.02623419131 0)
(0.6571198967 0.0183192351 -6.009094573e-23)
(0.7015213608 0.01313600895 6.37800407e-23)
(0.7376042502 0.009542126872 -1.800157107e-23)
(0.7669368416 0.006804464079 2.885974985e-23)
(0.7902106684 0.00446474425 2.315033625e-23)
(0.8074555009 0.002221320066 0)
(0.8182621355 -0.0001500748877 -2.873033238e-23)
(0.8216499716 -0.002723848249 0)
(0.8162394199 -0.005712668639 2.738151157e-23)
(0.7991333151 -0.00961138282 1.421691927e-23)
(0.7679986349 -0.01500255105 -5.799403701e-23)
(0.7106555758 -0.02502519953 -2.535661095e-22)
(0.6235183983 -0.04204285409 -6.918101956e-22)
(0.4230091022 -0.09182968084 0)
(0.270567469 -0.1524021842 -2.119483797e-21)
)


// ************************************************************************* //
