/*--------------------------------*- C++ -*----------------------------------*\
  =========                 |
  \\      /  F ield         | OpenFOAM: The Open Source CFD Toolbox
   \\    /   O peration     | Website:  https://openfoam.org
    \\  /    A nd           | Version:  13
     \\/     M anipulation  |
\*---------------------------------------------------------------------------*/
FoamFile
{
    format      ascii;
    class       vectorField;
    location    "46.8";
    object      U_all;
}
// * * * * * * * * * * * * * * * * * * * * * * * * * * * * * * * * * * * * * //


400
(
(1.100828914e-05 -3.78304154e-05 0)
(-0.0006660926931 0.0004130428946 -1.551422297e-23)
(-0.002185374047 0.0009203941269 0)
(-0.004047833005 0.001312781928 0)
(-0.005971868015 0.00153506631 6.845784941e-25)
(-0.007762781856 0.001569847006 4.151224232e-24)
(-0.009284543905 0.00142356174 -7.374699271e-24)
(-0.01043594199 0.001119721945 7.529538711e-24)
(-0.01113681725 0.000696083088 -2.095322412e-25)
(-0.01132711495 0.0002030798058 -3.994529147e-24)
(-0.01097177442 -0.0003002310029 5.80354517e-24)
(-0.0100723271 -0.0007475149973 -5.929561018e-23)
(-0.008679877506 -0.001075562981 -6.552671344e-23)
(-0.006902850631 -0.001233045575 -7.784206563e-23)
(-0.004910737428 -0.001192639475 4.573517968e-24)
(-0.002927232975 -0.000961920562 -4.137870344e-24)
(-0.00120530087 -0.0005912111901 -1.99872347e-22)
(-1.906986982e-05 -0.0001698823219 0)
(0.0005181532361 0.0001720860098 1.509522835e-25)
(0.0002227512182 0.0003059790398 -2.551882036e-24)
(-0.0002633615929 0.0008289721308 1.382882831e-25)
(-0.002703303258 0.003383842584 1.561221157e-23)
(-0.006907275108 0.005604501898 1.55557326e-25)
(-0.01195231955 0.007008209096 -8.496082712e-25)
(-0.0171350461 0.007553778272 1.162220814e-24)
(-0.02197535647 0.007294200972 1.306940303e-23)
(-0.02611076153 0.006321893343 1.388072686e-24)
(-0.02926564654 0.004754190959 -7.281269269e-24)
(-0.03122672955 0.002737150568 1.015226446e-23)
(-0.0318420108 0.0004524071628 4.509853248e-24)
(-0.03102761682 -0.001884141629 -6.318808665e-24)
(-0.02879316884 -0.004023026487 2.961999059e-24)
(-0.0252713847 -0.005708353203 3.895532664e-23)
(-0.02073194812 -0.006707410197 -1.954758974e-24)
(-0.01558962512 -0.006854141731 3.754447722e-24)
(-0.01038513374 -0.006097465593 -9.740790759e-23)
(-0.005730273318 -0.004546187048 9.637484057e-23)
(-0.002233368859 -0.002507418932 -3.960938053e-25)
(-0.000181777012 -0.0005023718691 4.060833634e-25)
(8.343456997e-05 0.0006099262587 0)
(-0.0004188233099 0.002935081438 -2.910333864e-25)
(-0.004647874259 0.008804016523 1.701969729e-23)
(-0.01137195923 0.01324042442 -8.284225761e-24)
(-0.01932729019 0.01579204146 -2.075773296e-25)
(-0.02747411798 0.01653000211 2.039230537e-25)
(-0.03511779101 0.01564441987 6.797851136e-27)
(-0.0417134512 0.01335997877 -1.22054608e-24)
(-0.04683571878 0.009919771649 -4.551326483e-25)
(-0.05014988895 0.005602431591 -1.063043452e-23)
(-0.05141231833 0.000744418258 0)
(-0.05047793294 -0.004241781879 0)
(-0.04733706449 -0.008887186836 2.670968799e-23)
(-0.04215928143 -0.01268176832 2.813002659e-23)
(-0.03531437583 -0.01513605102 -1.64615006e-24)
(-0.0273899628 -0.01586189587 4.845804533e-23)
(-0.01917005845 -0.01467334258 9.419099202e-23)
(-0.01156090741 -0.01169360451 3.975480402e-23)
(-0.00546541296 -0.007450743084 4.141223872e-25)
(-0.001451101115 -0.002936042821 1.074072091e-25)
(-9.072826311e-05 0.0002258778323 0)
(-0.000502463365 0.006045351627 -4.24871188e-23)
(-0.006402740675 0.01637075841 -1.692193394e-23)
(-0.01553502501 0.0235593381 8.211071064e-24)
(-0.0262791205 0.02744162699 0)
(-0.03728746758 0.02832102203 0)
(-0.047690376 0.02658772662 0)
(-0.05679663304 0.02263120607 -4.464348242e-26)
(-0.06405384381 0.0168360958 -2.137171865e-24)
(-0.06901081795 0.009622185108 0)
(-0.07130828047 0.001491049035 1.635374025e-24)
(-0.07070853599 -0.006936506312 2.802718762e-25)
(-0.06713039493 -0.01493019108 -2.810566309e-25)
(-0.0606990575 -0.02166728345 0)
(-0.05180750712 -0.02631605855 4.13321347e-23)
(-0.04114991809 -0.02816070936 -4.681518586e-23)
(-0.0297197028 -0.02677372296 -2.761851824e-23)
(-0.01873716699 -0.02221530575 -3.96062282e-23)
(-0.009488028849 -0.01521922208 7.795854637e-25)
(-0.002976880908 -0.00729819425 9.7904814e-23)
(-0.0002318804552 -0.0008661673038 0)
(-0.0005316130189 0.01009501609 4.269372117e-23)
(-0.007983593027 0.02595219819 4.785563633e-25)
(-0.01939687626 0.03642883249 -4.676262925e-25)
(-0.03282382629 0.04185521085 0)
(-0.04664689141 0.04289485444 7.782961593e-25)
(-0.05985229795 0.04020074128 -7.675048001e-25)
(-0.07163291572 0.03434741766 3.672326235e-23)
(-0.08132751547 0.0258566426 1.848274887e-23)
(-0.0883660144 0.01527298549 6.23904537e-24)
(-0.09225469879 0.003246148223 -1.637279258e-24)
(-0.09260380037 -0.009407832915 0)
(-0.08917555663 -0.02167478233 4.370564716e-25)
(-0.08195979346 -0.03236745348 1.00899811e-23)
(-0.07126885521 -0.04021250415 -4.349242359e-23)
(-0.05782018897 -0.04402046551 1.932859867e-24)
(-0.04278583031 -0.04294829516 4.217120854e-23)
(-0.02775450375 -0.03683347038 -3.841511041e-25)
(-0.01455062344 -0.02652721039 0)
(-0.004859462735 -0.01408454497 5.436520819e-23)
(-0.0003641486204 -0.002846953061 -2.565086123e-22)
(-0.0005272206661 0.01499927702 9.841569334e-23)
(-0.009377924662 0.03739022426 -4.907845238e-25)
(-0.0228818285 0.05170223341 0)
(-0.03883043739 0.05894183588 0)
(-0.05538657047 0.06025575054 -8.732150004e-23)
(-0.07142876935 0.05661901335 -8.499098369e-23)
(-0.0860665439 0.04880168885 -4.067584794e-23)
(-0.09855086255 0.03743980559 -1.504400443e-23)
(-0.1081945343 0.02315984022 -5.369064213e-24)
(-0.1143444766 0.006709680061 -8.175075251e-24)
(-0.1164046248 -0.01093292115 6.601189755e-24)
(-0.1138937434 -0.02848945116 8.826751315e-24)
(-0.1065487003 -0.04437046455 -1.892314865e-23)
(-0.09446804181 -0.05675334038 4.607552482e-24)
(-0.07826856965 -0.06378298937 0)
(-0.05922895473 -0.06393495641 -1.572816037e-23)
(-0.03933981932 -0.05653816436 -2.430455135e-26)
(-0.0211418883 -0.04235809219 0)
(-0.007318702878 -0.02398229463 -1.520656824e-22)
(-0.0005216165463 -0.005925545045 6.056286881e-22)
(-0.000499081912 0.02064574682 -9.774520428e-23)
(-0.01052950948 0.05045438301 2.831988341e-22)
(-0.02582957457 0.06912511912 1.526864921e-22)
(-0.04402138445 0.07849258251 3.619301071e-24)
(-0.0631073944 0.08029476843 -7.319373235e-23)
(-0.08190405406 0.07588043314 9.04355521e-23)
(-0.09947763979 0.06621690956 -3.590222157e-24)
(-0.1150227402 0.05201695163 -1.729177199e-24)
(-0.1277519203 0.03392358485 2.524172909e-24)
(-0.1368472627 0.01270233159 7.382705275e-24)
(-0.1414710552 -0.01058782351 -6.500934953e-24)
(-0.1408248215 -0.03446024422 -9.78817908e-24)
(-0.1342745998 -0.0569277184 -3.261741556e-23)
(-0.1215450262 -0.07553316438 -3.661481355e-23)
(-0.102967267 -0.08754260829 5.645930477e-25)
(-0.07976369964 -0.09039209915 0)
(-0.05426682518 -0.0824451394 0)
(-0.02987160962 -0.06397736995 -2.906078265e-24)
(-0.0106628516 -0.0379879481 2.970527797e-24)
(-0.0007350936991 -0.01050089526 1.027873494e-22)
(-0.0004479165638 0.02687251328 0)
(-0.0113492328 0.06480757787 2.001984956e-22)
(-0.02801599707 0.08829617497 8.962037528e-23)
(-0.04799857414 0.1001234972 0)
(-0.06920602171 0.1027076584 1.569889936e-22)
(-0.09044373481 0.09781578975 0)
(-0.1107831716 0.08661103365 -1.428391589e-22)
(-0.1294093799 0.06983950589 6.515576725e-24)
(-0.1454771669 0.04808232294 0)
(-0.1580351845 0.02201755562 0)
(-0.1660133489 -0.007334440429 -1.374417299e-24)
(-0.1682671594 -0.03838839828 -9.31680579e-25)
(-0.1637064734 -0.0688397599 1.491984889e-22)
(-0.1515208794 -0.09558275945 -4.704645987e-23)
(-0.1315134579 -0.1148298683 -2.560980561e-24)
(-0.1045596091 -0.1225703437 1.534742546e-24)
(-0.07309349978 -0.115551799 -1.558952007e-24)
(-0.04135021537 -0.09283115769 0)
(-0.01525230304 -0.05740767778 3.203821881e-24)
(-0.001044309164 -0.01714714533 -1.012916626e-21)
(-0.0003744666675 0.03346304604 0)
(-0.01175006128 0.07998919022 -1.128293707e-22)
(-0.02920707994 0.108639098 -6.191160434e-22)
(-0.050317451 0.1232234025 -3.755311686e-22)
(-0.07296317572 0.1269097064 0)
(-0.09598960407 0.1219255668 4.119461762e-22)
(-0.1185273513 0.109634867 1.260927867e-22)
(-0.1398146455 0.0907824609 -5.581847368e-24)
(-0.1590221587 0.06581393296 5.554220222e-24)
(-0.1751461041 0.03520881127 0)
(-0.1869560021 -0.0001967477243 2.912137546e-23)
(-0.1930172685 -0.03889754453 4.695853712e-24)
(-0.191780995 -0.07843888688 -1.076812379e-22)
(-0.1817874471 -0.1151865398 8.004236837e-23)
(-0.1620570465 -0.144259949 -2.419754002e-22)
(-0.1327062023 -0.1598548658 0)
(-0.09577888302 -0.1563112915 0)
(-0.05601633136 -0.1302981108 0)
(-0.02147859176 -0.08381135274 0)
(-0.001500384732 -0.02665516356 5.572129663e-22)
(-0.0002873899833 0.04016077745 0)
(-0.01169359627 0.09543611745 -3.493024544e-22)
(-0.02924438335 0.1294073665 8.932814442e-22)
(-0.05060947354 0.1469299209 3.617183795e-22)
(-0.07370082734 0.151974871 0)
(-0.09745151245 0.1472757991 -3.862559257e-22)
(-0.1211069852 0.1344191973 -3.174433447e-23)
(-0.1440324805 0.1141393336 3.333108098e-22)
(-0.1655143257 0.0867000672 1.76947688e-22)
(-0.1846248545 0.05229123527 -4.060157757e-23)
(-0.2001325834 0.01141716149 1.656821768e-23)
(-0.2104622466 -0.03471424261 -8.265265934e-24)
(-0.213720855 -0.08376563782 3.371864047e-22)
(-0.207821552 -0.1318756371 0)
(-0.1908238555 -0.1732756163 2.420923032e-22)
(-0.1616335753 -0.2002593423 5.774803261e-24)
(-0.1211662702 -0.2040121737 -5.86092266e-24)
(-0.07384989873 -0.1772119981 1.548456653e-22)
(-0.02971786868 -0.1188642343 -5.435485896e-24)
(-0.00217954528 -0.04005398794 0)
(-0.0002117197492 0.04671640046 0)
(-0.01125001031 0.1105498145 0)
(-0.02815624428 0.1497355035 -5.022765173e-22)
(-0.04874479314 0.1701517643 -1.881000574e-23)
(-0.07100086671 0.1766257187 2.038380287e-23)
(-0.09399451538 0.1724526546 -2.014312765e-23)
(-0.1171434304 0.1594871014 -2.31688504e-23)
(-0.1400179507 0.1384805098 -3.029826433e-22)
(-0.1621328893 0.1095160722 6.698609781e-23)
(-0.1827959038 0.07245186962 4.513184374e-23)
(-0.2009835558 0.02734928789 -4.577727857e-23)
(-0.2152270266 -0.02508697864 0)
(-0.2235562216 -0.08298351512 -7.839712534e-23)
(-0.2234632202 -0.1427257352 0)
(-0.2120679439 -0.1981820906 -3.739567544e-22)
(-0.1867434557 -0.2400773724 5.244964156e-22)
(-0.1464438312 -0.2560773441 0)
(-0.09394567793 -0.2331209531 -1.494002488e-22)
(-0.04022001031 -0.1639613679 1.937559053e-22)
(-0.003201100388 -0.05861063199 -3.411538287e-22)
(-0.0002015407146 0.052975852 0)
(-0.01067261813 0.124817241 9.182878805e-22)
(-0.02628446595 0.168742461 -2.440688256e-23)
(-0.04501107751 0.1916455174 9.193350139e-22)
(-0.06494597475 0.199292109 -2.512089444e-23)
(-0.0853662853 0.1956104352 2.838846225e-23)
(-0.1059305648 0.1827886871 -2.812932267e-23)
(-0.1264924184 0.1616583526 -1.66091892e-23)
(-0.1468996841 0.1321762306 -5.260232368e-22)
(-0.1668458149 0.09389646603 -8.90663428e-24)
(-0.1857303016 0.04640576213 9.66020372e-24)
(-0.2024781678 -0.01023784867 3.313079866e-22)
(-0.2154154607 -0.07499820493 -5.820745026e-22)
(-0.2220209712 -0.1450311859 0)
(-0.2188032103 -0.2146760642 8.887333476e-22)
(-0.2016257526 -0.274001645 -4.940896184e-22)
(-0.1668639196 -0.3075811986 -1.572226125e-23)
(-0.1140220098 -0.2953811938 0)
(-0.05288482046 -0.2195802598 -1.89019261e-22)
(-0.004749188233 -0.08377278015 3.360595916e-22)
(-0.0003641983774 0.05902317866 1.551011793e-23)
(-0.01049573898 0.1379881524 -8.764205974e-22)
(-0.02441389442 0.1856804128 -1.157060271e-21)
(-0.04026724317 0.2101384779 -8.628998403e-22)
(-0.05630729509 0.2182348941 0)
(-0.07214856458 0.21461903 3.51380808e-23)
(-0.08779221516 0.2018791983 -7.294871559e-23)
(-0.1034562778 0.181000563 5.867887882e-23)
(-0.1193983858 0.1518997252 3.02136844e-22)
(-0.1357931531 0.113915057 -1.128196289e-23)
(-0.1526082305 0.06621424895 0)
(-0.1694521361 0.008177202464 -3.603932173e-22)
(-0.1852760587 -0.06015987822 7.515672635e-22)
(-0.198044851 -0.1372747027 8.831708764e-22)
(-0.204354626 -0.2189261905 -5.296632152e-22)
(-0.1990977611 -0.2959712933 5.162694159e-22)
(-0.1760605331 -0.3514072611 1.078235622e-23)
(-0.1300890634 -0.3584150806 -1.095550706e-23)
(-0.06688803323 -0.2843276529 -8.215248361e-23)
(-0.007083319963 -0.1169964424 0)
(-0.0009095774636 0.06540041602 -1.911488381e-23)
(-0.01167591676 0.1502816429 -1.326966548e-21)
(-0.02388881976 0.2000659582 1.094238592e-21)
(-0.03601340275 0.2244216989 6.734936387e-22)
(-0.04657308573 0.2316588267 6.014637427e-22)
(-0.05577038315 0.2272393721 6.643962591e-22)
(-0.06411245535 0.21417749 -4.458680278e-23)
(-0.07227561399 0.1936494401 -3.461339136e-22)
(-0.08096972675 0.1656028329 2.152163464e-22)
(-0.09087192028 0.1292707359 0)
(-0.1025547423 0.08353082439 0)
(-0.1163622129 0.02720010644 2.655397823e-22)
(-0.1321589535 -0.04062006117 8.194324431e-23)
(-0.1489252298 -0.1200128319 -2.821625516e-22)
(-0.1641284266 -0.2089300701 -5.41127418e-23)
(-0.172787761 -0.3006992518 1.30195186e-22)
(-0.1670311301 -0.3793329115 -3.400508807e-22)
(-0.1365292438 -0.4136451983 -1.593811268e-23)
(-0.08018250143 -0.3538326216 8.204021134e-23)
(-0.01050762293 -0.1594130575 -6.032154165e-22)
(-0.002260498256 0.07348883535 0)
(-0.0158035561 0.1626521784 2.145876013e-21)
(-0.0266504251 0.2117904754 0)
(-0.03422339487 0.233394729 -1.351809052e-21)
(-0.03759398332 0.2377766843 6.18405244e-23)
(-0.03799685054 0.231255354 -6.19309987e-22)
(-0.03668265679 0.2171899026 -4.756287702e-22)
(-0.03489036094 0.1968934505 8.301259842e-22)
(-0.0337883765 0.1703342393 -1.885698913e-22)
(-0.03449876171 0.1367221081 0)
(-0.03811572449 0.09479673632 0)
(-0.04564992183 0.0430428656 2.410616815e-23)
(-0.05790804086 -0.02013781276 -6.007200514e-22)
(-0.07514598375 -0.09620650267 -4.309568607e-22)
(-0.09645174868 -0.1855556178 4.637864296e-22)
(-0.1183462609 -0.2853567777 -6.488739263e-22)
(-0.1332715378 -0.3838386541 9.119950028e-23)
(-0.1265350987 -0.4504358721 2.937294412e-23)
(-0.08899154081 -0.4198536382 5.660441966e-22)
(-0.0152691793 -0.2111719735 6.020786918e-22)
(-0.005180899437 0.08598045986 0)
(-0.02525550669 0.1766291197 1.465578963e-22)
(-0.03483407931 0.2205961564 -4.91714744e-23)
(-0.03640013782 0.2354859361 7.642935858e-22)
(-0.030184829 0.2343406763 -7.00538318e-22)
(-0.01916579229 0.2241603892 4.746484151e-23)
(-0.005615147788 0.2083525852 -1.01861063e-22)
(0.008569610504 0.1881241094 -3.389890554e-22)
(0.02179886454 0.1633911274 2.062823923e-22)
(0.0326278174 0.1333242735 0)
(0.03958458811 0.09664086196 0)
(0.04117013495 0.05174056435 -2.90266854e-22)
(0.03578484042 -0.003255398095 0)
(0.02198184877 -0.07058360882 -5.512188698e-22)
(-0.001264844428 -0.1525735511 -1.492376751e-23)
(-0.03310469755 -0.2505949851 2.559742521e-23)
(-0.06909235729 -0.359934152 2.203145302e-22)
(-0.09227826952 -0.457542453 4.788072978e-24)
(-0.08718089904 -0.4698129418 -5.78941028e-22)
(-0.02103127147 -0.2698972298 0)
(-0.01111631569 0.1085974983 0)
(-0.04248901854 0.1947151679 -8.848482213e-22)
(-0.04795528877 0.2258195513 -5.411041482e-22)
(-0.03919535878 0.2282135562 4.543818829e-22)
(-0.01877830191 0.2182328142 -1.709980612e-24)
(0.007664315397 0.202822036 -4.56105253e-23)
(0.03667993581 0.1847619772 5.696685807e-22)
(0.06582998789 0.1647118218 -2.766892135e-23)
(0.09327131103 0.142312818 -2.069782795e-22)
(0.1173891628 0.116627494 3.142215054e-23)
(0.1365461706 0.08641143896 -3.425918572e-23)
(0.1489669284 0.05017669024 -3.690595301e-23)
(0.1525275795 0.00615916675 3.205634575e-22)
(0.1449367044 -0.04796127055 6.119608056e-22)
(0.1235159801 -0.1153052912 -5.101173381e-22)
(0.08633533503 -0.2004195652 -1.616059697e-22)
(0.03199089336 -0.3067806593 1.531306533e-22)
(-0.02362123131 -0.4239837146 7.293651369e-23)
(-0.06492413043 -0.487161279 1.913291448e-21)
(-0.02509971703 -0.3291544744 2.954991268e-21)
(-0.02004680537 0.1460727417 -4.390208786e-23)
(-0.06416406314 0.2112955863 4.417381543e-23)
(-0.05070230543 0.2177300483 1.000188837e-21)
(-0.01934097298 0.2014679986 -8.270617221e-24)
(0.02414464996 0.1809076183 0)
(0.07154122148 0.1606933352 4.363725016e-23)
(0.1190703417 0.1416495496 -2.273853455e-22)
(0.1644767345 0.1233181823 -9.027962571e-23)
(0.2062251173 0.1048117294 3.680736665e-23)
(0.2429643037 0.08507140082 -1.701655774e-23)
(0.2732207594 0.06296147668 3.429971882e-23)
(0.2952536123 0.03726293808 -6.592683923e-23)
(0.3066971073 0.006535067973 -9.303908038e-23)
(0.3049738324 -0.03087770071 1.517044836e-22)
(0.2863936258 -0.07786290997 0)
(0.247056809 -0.1399300372 1.505612894e-22)
(0.1810922239 -0.2266299754 2.56001374e-22)
(0.09604450264 -0.3443894948 0)
(-0.006697615799 -0.4552210219 -3.675634551e-21)
(-0.01922408201 -0.3777537588 -2.892620747e-21)
(-0.02591951401 0.2276828807 -9.514205849e-22)
(-0.03998324755 0.2238216537 -1.388976821e-22)
(0.03656136873 0.1810585375 -2.335582283e-22)
(0.1090503049 0.1451059096 -1.193742769e-22)
(0.1817191199 0.1172445495 -4.295827709e-23)
(0.2490090739 0.09627907622 9.783187341e-23)
(0.3100336711 0.08002510399 -1.408593108e-22)
(0.3646209344 0.06656815312 1.297176161e-22)
(0.4126252508 0.05449178864 -8.620125696e-23)
(0.4536250315 0.04270894899 1.132192307e-25)
(0.4867878739 0.03032298394 1.527742496e-23)
(0.510745138 0.01652901834 7.997208629e-23)
(0.5236597469 0.0005365141345 -1.811124673e-22)
(0.5231798024 -0.01863373272 -1.617146962e-22)
(0.5052323427 -0.04286478978 -4.262958747e-23)
(0.4658715086 -0.07633231202 0)
(0.39526965 -0.1286089385 -1.846476684e-22)
(0.2916071049 -0.2208468098 8.148762625e-22)
(0.1197455106 -0.3525016902 1.631601455e-21)
(0.0267054726 -0.3775497979 2.172655847e-21)
(0.2142894464 0.1347447208 9.864990936e-22)
(0.2776311169 0.09870503623 0)
(0.4316592274 0.05810414922 -2.594321567e-22)
(0.530474934 0.03846264981 -1.741667182e-22)
(0.6016965753 0.02623419102 0)
(0.6571198967 0.01831923446 -6.009095681e-23)
(0.7015213614 0.01313600812 6.378005733e-23)
(0.7376042513 0.009542125982 -1.800157627e-23)
(0.7669368429 0.006804463255 2.885975944e-23)
(0.7902106697 0.004464743582 2.315034483e-23)
(0.8074555021 0.002221319593 0)
(0.8182621363 -0.0001500751748 -2.873034346e-23)
(0.8216499721 -0.002723848419 0)
(0.81623942 -0.005712668721 2.7381533e-23)
(0.7991333149 -0.009611382857 1.421693951e-23)
(0.7679986345 -0.01500255107 -5.799401625e-23)
(0.7106555754 -0.02502519953 -2.535660482e-22)
(0.6235183979 -0.04204285407 -6.918101128e-22)
(0.423009102 -0.09182968079 0)
(0.2705674689 -0.1524021841 -2.119483713e-21)
)


// ************************************************************************* //
