/*--------------------------------*- C++ -*----------------------------------*\
  =========                 |
  \\      /  F ield         | OpenFOAM: The Open Source CFD Toolbox
   \\    /   O peration     | Website:  https://openfoam.org
    \\  /    A nd           | Version:  13
     \\/     M anipulation  |
\*---------------------------------------------------------------------------*/
FoamFile
{
    format      ascii;
    class       scalarField;
    location    "7.92";
    object      p_all;
}
// * * * * * * * * * * * * * * * * * * * * * * * * * * * * * * * * * * * * * //


400
(
-2.569528523e-09
-0.0004962450455
-0.0007925352434
-0.0008783703584
-0.0007649672657
-0.0004838812205
-7.126584442e-05
0.000438468444
0.001010770564
0.001607661374
0.002186614791
0.002698163665
0.003090009195
0.003311073233
0.003319890438
0.003095695164
0.002652048383
0.002042163659
0.001433006473
0.0008722653728
0.0005330754042
5.838549459e-06
-0.0003114108245
-0.000411610496
-0.0003415660231
-0.0001275408808
0.0002013652136
0.0006162291456
0.001086360601
0.001575363255
0.002049146624
0.002455921896
0.002748617133
0.002881643251
0.002820775672
0.002554136344
0.002102329639
0.001523379228
0.0009690997189
0.0003477860201
0.0008489774898
0.0002654382626
-8.565086402e-05
-0.000188507166
-0.0001383191399
3.548320662e-05
0.0003082734743
0.0006577241339
0.001059818368
0.001486016534
0.001895625479
0.002247392683
0.002491093163
0.002579594991
0.002477664901
0.002172690227
0.001683183875
0.001059395805
0.0004093934944
-0.0003808759776
0.0008418827199
0.0001916000041
-0.0002030522882
-0.0003085174266
-0.0002670270935
-0.0001144397175
0.0001268406525
0.0004414233425
0.0008132356842
0.001219673353
0.001625431164
0.001985205359
0.002242621786
0.002340244286
0.002230375392
0.001888142792
0.001321222293
0.0005711636104
-0.0002828307455
-0.00136065245
0.0003559775221
-0.0003393340683
-0.0007591493572
-0.0008592999095
-0.0008198745686
-0.0006816021347
-0.0004630114242
-0.0001697950495
0.0001934989427
0.0006140643604
0.001062132803
0.001490930458
0.001833510863
0.002013780786
0.001958991402
0.001617268509
0.0009730566466
5.500423525e-05
-0.001078972026
-0.002515889792
-0.0007444536762
-0.001458174008
-0.001887128877
-0.001979828934
-0.001947937156
-0.001834446383
-0.001650670144
-0.001388028553
-0.001033561674
-0.0005831421788
-5.461357989e-05
0.0005088867957
0.001029166066
0.00140383168
0.001518728241
0.001272178064
0.0006021297809
-0.0004897625637
-0.001971219198
-0.003865898589
-0.002585577713
-0.003289997866
-0.003721975515
-0.003818836388
-0.00382104571
-0.003771329021
-0.003669703074
-0.003487089585
-0.003183864711
-0.002726818313
-0.002108598401
-0.001353880623
-0.0005457035625
0.0001841312087
0.0006606268918
0.0006971738449
0.0001426427119
-0.001063963146
-0.002940661193
-0.005406738526
-0.005274438114
-0.0059475626
-0.006386478526
-0.006517472408
-0.006607956388
-0.006698920275
-0.006775655835
-0.006781893473
-0.006639798038
-0.006269935804
-0.005618464353
-0.004651049082
-0.003447161375
-0.00215577914
-0.001028048199
-0.0003827088644
-0.0005316035559
-0.001672717346
-0.003938884432
-0.007094926756
-0.008888724487
-0.009513245045
-0.009971339127
-0.01018242526
-0.01044097682
-0.01078755299
-0.01119183941
-0.01156531237
-0.0117801175
-0.01168654839
-0.01113366605
-0.01004546076
-0.008393976367
-0.006325208561
-0.004164895728
-0.002412619559
-0.001645189273
-0.002331169693
-0.004858044417
-0.008792215718
-0.0134623918
-0.01402301183
-0.01451303829
-0.01485219911
-0.01536750058
-0.01610529597
-0.01702365632
-0.01800130049
-0.01885162513
-0.01933606649
-0.0191879574
-0.01816762602
-0.01613120517
-0.01313280486
-0.009524815193
-0.006006510144
-0.003537529027
-0.003062543754
-0.005486237319
-0.0101823694
-0.01897850608
-0.0194565344
-0.01997556033
-0.02046363437
-0.02129690256
-0.02254054886
-0.02415094343
-0.02597965885
-0.02777996148
-0.02921045437
-0.02985313597
-0.02926417017
-0.02709005772
-0.02317785062
-0.01779923453
-0.01179758671
-0.006591865443
-0.00385426527
-0.005433784777
-0.01063611161
-0.02538031943
-0.02574209287
-0.02624510855
-0.02683047771
-0.02796090365
-0.02974174374
-0.03214276427
-0.0349988223
-0.03800912916
-0.04072813549
-0.04257150385
-0.04285725257
-0.0409436788
-0.03635775493
-0.02912082184
-0.02005310345
-0.01098225711
-0.004506976938
-0.004005148662
-0.009000486624
-0.0326146521
-0.03278311869
-0.03314262938
-0.03364143658
-0.0349030636
-0.03710286097
-0.040240248
-0.04414246265
-0.04846205668
-0.05265643781
-0.05598141554
-0.05752494736
-0.05627930704
-0.05140665112
-0.042501323
-0.03010068893
-0.01620142993
-0.004313215265
2.602640336e-05
-0.003304959199
-0.04073292658
-0.04051543083
-0.04045938825
-0.04048592721
-0.04151402844
-0.04382354119
-0.04745277001
-0.05221896663
-0.05772537309
-0.06333625363
-0.06815781903
-0.07105333995
-0.07071208142
-0.06586031673
-0.05558063114
-0.03987643995
-0.02053299979
-0.001605201087
0.008772956518
0.00957071181
-0.05008862365
-0.0489774269
-0.04797465953
-0.04686617126
-0.04707982285
-0.04901824974
-0.05274332169
-0.05803455646
-0.06442122742
-0.07115903039
-0.07720500541
-0.0812148325
-0.08160541453
-0.07669990091
-0.06507442916
-0.04604938191
-0.02086092445
0.006618063679
0.02568278012
0.03428876229
-0.06182162268
-0.05851475781
-0.05556495259
-0.05229869277
-0.05092486724
-0.05191714058
-0.05529216034
-0.06072509238
-0.06761754755
-0.07506884549
-0.08186482534
-0.08644558711
-0.08697215864
-0.08139326131
-0.06785944758
-0.04495299286
-0.01327296511
0.02483624334
0.05591434479
0.0775835393
-0.07858608485
-0.06965199112
-0.06290500774
-0.05608744385
-0.05231971651
-0.05188628753
-0.05459835048
-0.0599045676
-0.06699235088
-0.07475970461
-0.08177396992
-0.08623399057
-0.08603633106
-0.07875077306
-0.06208958438
-0.03405646553
0.005302497956
0.05839395567
0.1056104799
0.1477897741
-0.1092622627
-0.08479794478
-0.07081521672
-0.05836266593
-0.05127408865
-0.04900273143
-0.0508503758
-0.05586826662
-0.06292650004
-0.0706598185
-0.0773956482
-0.08108859102
-0.07941919684
-0.06929722061
-0.04818029592
-0.01310350198
0.0375940981
0.1064416836
0.1773366362
0.255799947
-0.167527391
-0.09915458122
-0.07457341534
-0.05455315237
-0.04433922603
-0.04104581004
-0.04278301918
-0.04803356602
-0.05534796847
-0.06315147006
-0.06960269629
-0.07248243411
-0.06904514982
-0.05650283886
-0.03104576914
0.01147821568
0.07486450772
0.1655584938
0.2753127753
0.4369012138
-0.3975404289
-0.1374223757
-0.0746322652
-0.04697553585
-0.0334223413
-0.02965958192
-0.03204784334
-0.03809912891
-0.04605938053
-0.05426244748
-0.06084355473
-0.06359086388
-0.05993133511
-0.04639943292
-0.01867703431
0.02959694359
0.1063265727
0.2326614923
0.4190904633
0.7792618743
)


// ************************************************************************* //
