/*--------------------------------*- C++ -*----------------------------------*\
  =========                 |
  \\      /  F ield         | OpenFOAM: The Open Source CFD Toolbox
   \\    /   O peration     | Website:  https://openfoam.org
    \\  /    A nd           | Version:  13
     \\/     M anipulation  |
\*---------------------------------------------------------------------------*/
FoamFile
{
    format      ascii;
    class       vectorField;
    location    "44.31";
    object      U_all;
}
// * * * * * * * * * * * * * * * * * * * * * * * * * * * * * * * * * * * * * //


400
(
(1.100720736e-05 -3.783090937e-05 0)
(-0.0006660941369 0.0004130433413 -1.551351773e-23)
(-0.002185374263 0.0009203935829 0)
(-0.004047832127 0.001312779398 0)
(-0.005971868566 0.001535063955 6.845754727e-25)
(-0.007762785617 0.001569848271 4.150886477e-24)
(-0.009284548442 0.001423567266 -7.37375536e-24)
(-0.01043594284 0.001119728243 7.530290354e-24)
(-0.01113681257 0.0006960855654 -2.095360344e-25)
(-0.0113271077 0.000203076911 -3.994619846e-24)
(-0.01097176973 -0.0003002367334 5.803575715e-24)
(-0.01007232799 -0.0007475194084 -5.92952638e-23)
(-0.008679882918 -0.001075563511 -6.552657259e-23)
(-0.006902856324 -0.00123304292 -7.784274006e-23)
(-0.004910739211 -0.001192636358 4.573566523e-24)
(-0.002927229531 -0.0009619191972 -4.13790826e-24)
(-0.001205294203 -0.0005912119041 -1.998735821e-22)
(-1.906359512e-05 -0.0001698841726 0)
(0.0005181566816 0.0001720841838 1.509456515e-25)
(0.0002227523825 0.0003059775969 -2.55098558e-24)
(-0.0002633618863 0.0008289711318 1.382934654e-25)
(-0.002703304954 0.003383843599 1.561149891e-23)
(-0.006907278554 0.005604503346 1.555419915e-25)
(-0.0119523206 0.007008207506 -8.495768398e-25)
(-0.01713504255 0.007553773529 1.162193689e-24)
(-0.02197535187 0.007294197531 1.306950651e-23)
(-0.02611076108 0.006321895402 1.38779623e-24)
(-0.02926565134 0.004754197793 -7.282032118e-24)
(-0.03122673525 0.002737157073 1.015248245e-23)
(-0.03184201225 0.0004524087762 4.509959903e-24)
(-0.03102761301 -0.001884145205 -6.318845276e-24)
(-0.02879316328 -0.004023031591 2.961657964e-24)
(-0.02527138219 -0.005708355741 3.895514455e-23)
(-0.02073195032 -0.006707409011 -1.954755771e-24)
(-0.01558962893 -0.006854138985 3.754455235e-24)
(-0.01038513428 -0.006097464318 -9.740907809e-23)
(-0.005730268682 -0.004546188612 9.637573599e-23)
(-0.002233361681 -0.002507422798 -3.961003525e-25)
(-0.0001817717615 -0.0005023765714 4.060900758e-25)
(8.343667895e-05 0.0006099227037 0)
(-0.0004188224084 0.002935079797 -2.910362e-25)
(-0.004647873639 0.008804015154 1.701997857e-23)
(-0.01137196182 0.0132404268 -8.284278734e-24)
(-0.01932729455 0.01579204564 -2.075494577e-25)
(-0.02747411967 0.01653000312 2.038956725e-25)
(-0.03511778814 0.01564441553 6.808349189e-27)
(-0.04171344617 0.01335997215 -1.220302315e-24)
(-0.04683571578 0.009919768142 -4.551203288e-25)
(-0.05014988981 0.005602433855 -1.063067317e-23)
(-0.05141232141 0.0007444241775 0)
(-0.05047793515 -0.004241776414 0)
(-0.04733706426 -0.008887184754 2.670997696e-23)
(-0.04215928002 -0.01268176957 2.813005493e-23)
(-0.03531437549 -0.01513605344 -1.646155372e-24)
(-0.02738996385 -0.01586189763 4.845844077e-23)
(-0.01917005865 -0.01467334374 9.41921324e-23)
(-0.01156090479 -0.01169360635 3.975648768e-23)
(-0.005465408246 -0.007450746634 4.141638316e-25)
(-0.00145109634 -0.002936048059 1.073899595e-25)
(-9.072568843e-05 0.000225873685 0)
(-0.0005024628156 0.006045351145 -4.248838834e-23)
(-0.006402738919 0.01637075458 -1.692221871e-23)
(-0.01553502338 0.02355933535 8.211123173e-24)
(-0.02627912209 0.02744162877 0)
(-0.03728747128 0.02832102686 0)
(-0.04769037857 0.02658773002 0)
(-0.05679663203 0.02263120497 -4.466644562e-26)
(-0.0640538397 0.01683609127 -2.136798057e-24)
(-0.06901081355 0.009622181008 0)
(-0.0713082781 0.001491048328 1.635392244e-24)
(-0.07070853633 -0.00693650333 2.802733411e-25)
(-0.0671303972 -0.01493018678 -2.810580999e-25)
(-0.06069906033 -0.0216672805 0)
(-0.0518075096 -0.02631605791 4.133248171e-23)
(-0.04114991962 -0.02816071021 -4.681557611e-23)
(-0.02971970257 -0.02677372421 -2.761927897e-23)
(-0.01873716468 -0.02221530719 -3.960793463e-23)
(-0.009488025642 -0.01521922421 7.795925368e-25)
(-0.00297687766 -0.007298197542 9.79039681e-23)
(-0.0002318785072 -0.000866170458 0)
(-0.0005316142911 0.01009501861 4.269499595e-23)
(-0.007983594115 0.02595219793 4.78536058e-25)
(-0.01939687414 0.03642882847 -4.67606451e-25)
(-0.03282382401 0.04185520703 0)
(-0.04664689141 0.04289485412 7.782957212e-25)
(-0.05985230032 0.04020074434 -7.67504368e-25)
(-0.07163291817 0.03434742108 3.672287879e-23)
(-0.08132751538 0.02585664342 1.848203628e-23)
(-0.08836601112 0.01527298342 6.238844686e-24)
(-0.09225469397 0.003246145432 -1.637297498e-24)
(-0.09260379677 -0.00940783403 0)
(-0.08917555632 -0.02167478076 4.370559482e-25)
(-0.08195979644 -0.03236745008 1.008991547e-23)
(-0.07126885962 -0.04021250049 -4.349278481e-23)
(-0.05782019244 -0.04402046259 1.932888984e-24)
(-0.04278583128 -0.04294829316 4.217247066e-23)
(-0.02775450234 -0.03683346927 -3.841738782e-25)
(-0.01455062146 -0.02652721022 0)
(-0.004859461018 -0.01408454571 5.436535127e-23)
(-0.0003641476852 -0.002846954315 -2.565080606e-22)
(-0.0005272224396 0.01499927835 9.841557972e-23)
(-0.009377927612 0.03739022757 -4.907787909e-25)
(-0.02288182947 0.05170223406 0)
(-0.03883043572 0.05894183331 0)
(-0.05538656807 0.06025574713 -8.73211937e-23)
(-0.07142876842 0.0566190118 -8.499089475e-23)
(-0.08606654496 0.04880168985 -4.0675428e-23)
(-0.0985508639 0.0374398076 -1.504365462e-23)
(-0.1081945337 0.02315984124 -5.368885952e-24)
(-0.1143444733 0.006709679425 -8.174985756e-24)
(-0.1164046202 -0.01093292256 6.60112616e-24)
(-0.1138937404 -0.02848945162 8.826729294e-24)
(-0.1065487007 -0.04437046289 -1.892319596e-23)
(-0.09446804504 -0.05675333668 4.607843184e-24)
(-0.07826857353 -0.06378298465 0)
(-0.05922895703 -0.06393495192 -1.572869596e-23)
(-0.0393398195 -0.05653816101 -2.42918386e-26)
(-0.02114188769 -0.04235809022 0)
(-0.007318702321 -0.02398229359 -1.520649623e-22)
(-0.0005216162897 -0.005925544835 6.056275571e-22)
(-0.0004990819873 0.02064574436 -9.774509657e-23)
(-0.01052951026 0.05045438379 2.831986752e-22)
(-0.0258295767 0.06912512163 1.526862349e-22)
(-0.04402138533 0.07849258385 3.61928331e-24)
(-0.06310739347 0.08029476745 -7.319358242e-23)
(-0.08190405243 0.0758804308 9.043545638e-23)
(-0.09947763885 0.06621690765 -3.59021682e-24)
(-0.1150227401 0.05201695107 -1.729171377e-24)
(-0.1277519199 0.03392358516 2.524162448e-24)
(-0.1368472606 0.01270233165 7.382620334e-24)
(-0.1414710516 -0.01058782434 -6.50087286e-24)
(-0.1408248178 -0.03446024544 -9.788155364e-24)
(-0.134274598 -0.05692771872 -3.261730684e-23)
(-0.121545027 -0.07553316286 -3.661523112e-23)
(-0.1029672695 -0.08754260503 5.646019882e-25)
(-0.07976370206 -0.0903920952 0)
(-0.05426682648 -0.08244513599 0)
(-0.02987161012 -0.06397736769 -2.906069632e-24)
(-0.01066285175 -0.03798794664 2.970518972e-24)
(-0.0007350936984 -0.01050089465 1.027873256e-22)
(-0.0004479153095 0.02687251072 0)
(-0.01134923097 0.06480757498 2.001981423e-22)
(-0.02801599718 0.08829617465 8.962053778e-23)
(-0.04799857526 0.1001234987 0)
(-0.06920602262 0.1027076597 1.569885548e-22)
(-0.09044373496 0.09781578961 0)
(-0.1107831711 0.08661103216 -1.428390143e-22)
(-0.1294093792 0.06983950399 6.515567632e-24)
(-0.1454771658 0.04808232137 0)
(-0.1580351826 0.02201755431 0)
(-0.1660133459 -0.007334441979 -1.374413142e-24)
(-0.168267156 -0.03838840026 -9.316804073e-25)
(-0.1637064709 -0.0688397618 1.491983485e-22)
(-0.1515208785 -0.09558276039 -4.704629054e-23)
(-0.1315134586 -0.1148298678 -2.56098347e-24)
(-0.1045596106 -0.1225703422 1.534738896e-24)
(-0.07309350112 -0.1155517973 -1.5589483e-24)
(-0.04135021624 -0.09283115632 0)
(-0.01525230344 -0.05740767683 3.203816939e-24)
(-0.001044309195 -0.017147145 -1.012915352e-21)
(-0.000374466033 0.03346304622 0)
(-0.01175005969 0.07998918748 -1.128293735e-22)
(-0.02920707822 0.1086390952 -6.191156774e-22)
(-0.0503174505 0.1232234014 -3.755310599e-22)
(-0.07296317645 0.1269097069 0)
(-0.09598960542 0.1219255676 4.11946089e-22)
(-0.1185273525 0.1096348671 1.260926578e-22)
(-0.139814646 0.09078245996 -5.581840018e-24)
(-0.1590221582 0.06581393129 5.554212909e-24)
(-0.1751461023 0.03520880926 0)
(-0.1869559995 -0.0001967499615 2.912132422e-23)
(-0.1930172656 -0.038897547 4.695844702e-24)
(-0.1917809925 -0.07843888941 -1.076810762e-22)
(-0.1817874455 -0.115186542 8.004231127e-23)
(-0.162057046 -0.1442599503 -2.419750245e-22)
(-0.1327062026 -0.1598548662 0)
(-0.09577888369 -0.1563112913 0)
(-0.05601633194 -0.1302981104 0)
(-0.02147859204 -0.08381135241 0)
(-0.001500384726 -0.02665516358 5.572123e-22)
(-0.0002873905096 0.0401607785 0)
(-0.01169359639 0.09543611672 -3.493019585e-22)
(-0.0292443819 0.1294073641 8.932807208e-22)
(-0.05060947207 0.1469299184 3.617182798e-22)
(-0.07370082693 0.1519748695 0)
(-0.09745151342 0.147275799 -3.862558463e-22)
(-0.1211069871 0.1344191979 -3.174432761e-23)
(-0.1440324824 0.1141393341 3.333107137e-22)
(-0.1655143266 0.08670006718 1.769475704e-22)
(-0.1846248539 0.05229123455 -4.060153841e-23)
(-0.2001325815 0.01141716024 1.656821697e-23)
(-0.2104622441 -0.0347142442 -8.265253795e-24)
(-0.2137208527 -0.08376563953 3.371860312e-22)
(-0.2078215502 -0.1318756387 0)
(-0.1908238545 -0.1732756176 2.420919272e-22)
(-0.161633575 -0.2002593431 5.774788698e-24)
(-0.1211662702 -0.204012174 -5.860907879e-24)
(-0.0738498988 -0.177211998 1.548451609e-22)
(-0.02971786868 -0.1188642342 -5.435471481e-24)
(-0.002179545223 -0.04005398804 0)
(-0.0002117203911 0.04671639991 0)
(-0.01125001104 0.1105498142 0)
(-0.02815624398 0.1497355021 -5.022760723e-22)
(-0.04874479205 0.1701517621 -1.880999129e-23)
(-0.0710008657 0.1766257166 2.03837993e-23)
(-0.09399451534 0.1724526536 -2.014312413e-23)
(-0.1171434317 0.1594871018 -2.316884946e-23)
(-0.140017953 0.1384805113 -3.029825472e-22)
(-0.1621328913 0.109516074 6.69861542e-23)
(-0.1827959047 0.0724518712 4.513179929e-23)
(-0.2009835552 0.02734928889 -4.577722649e-23)
(-0.215227025 -0.02508697819 0)
(-0.2235562198 -0.08298351505 -7.839692078e-23)
(-0.2234632188 -0.1427257353 0)
(-0.2120679431 -0.1981820907 -3.739564657e-22)
(-0.1867434552 -0.2400773724 5.244958697e-22)
(-0.1464438309 -0.2560773439 0)
(-0.09394567771 -0.2331209528 -1.493997588e-22)
(-0.04022001011 -0.1639613676 1.937554138e-22)
(-0.003201100292 -0.05861063196 -3.411533669e-22)
(-0.000201540713 0.05297585023 0)
(-0.0106726182 0.1248172395 9.182875017e-22)
(-0.02628446609 0.1687424596 -2.440686947e-23)
(-0.04501107706 0.1916455157 9.193344099e-22)
(-0.06494597373 0.1992921072 -2.512087928e-23)
(-0.0853662845 0.195610434 2.838846001e-23)
(-0.1059305652 0.1827886872 -2.812932044e-23)
(-0.1264924202 0.1616583541 -1.66091887e-23)
(-0.1468996865 0.1321762332 -5.260231723e-22)
(-0.1668458168 0.09389646906 -8.906632586e-24)
(-0.1857303024 0.04640576492 9.660199706e-24)
(-0.2024781676 -0.01023784648 3.313079015e-22)
(-0.2154154601 -0.0749982034 -5.820742526e-22)
(-0.2220209706 -0.1450311848 0)
(-0.21880321 -0.2146760635 8.887328633e-22)
(-0.2016257525 -0.2740016444 -4.94089106e-22)
(-0.1668639195 -0.3075811979 -1.572224535e-23)
(-0.1140220096 -0.2953811931 0)
(-0.05288482022 -0.2195802592 -1.890187775e-22)
(-0.00474918814 -0.08377277994 3.36059138e-22)
(-0.0003641980503 0.05902317749 1.551011172e-23)
(-0.01049573857 0.1379881503 -8.764202403e-22)
(-0.02441389435 0.1856804109 -1.157059715e-21)
(-0.04026724283 0.2101384762 -8.628992693e-22)
(-0.05630729411 0.2182348926 0)
(-0.07214856346 0.2146190289 3.513807466e-23)
(-0.08779221484 0.2018791979 -7.294870937e-23)
(-0.1034562789 0.1810005637 5.867887962e-23)
(-0.119398388 0.151899727 3.021368365e-22)
(-0.1357931555 0.1139150596 -1.128196292e-23)
(-0.1526082324 0.06621425175 0)
(-0.1694521373 0.008177204935 -3.603931197e-22)
(-0.1852760593 -0.06015987635 7.515671222e-22)
(-0.1980448514 -0.1372747014 8.831707431e-22)
(-0.2043546263 -0.2189261896 -5.296630019e-22)
(-0.1990977614 -0.2959712925 5.162692358e-22)
(-0.1760605332 -0.3514072603 1.078234246e-23)
(-0.1300890633 -0.3584150798 -1.095549307e-23)
(-0.06688803308 -0.2843276521 -8.21529191e-23)
(-0.00708331991 -0.1169964421 0)
(-0.0009095774224 0.06540041626 -1.911487728e-23)
(-0.01167591684 0.1502816416 -1.326966142e-21)
(-0.02388881977 0.2000659561 1.094238067e-21)
(-0.0360134023 0.2244216967 6.734933019e-22)
(-0.0465730846 0.2316588249 6.014634523e-22)
(-0.05577038196 0.2272393706 6.643960134e-22)
(-0.0641124549 0.2141774888 -4.458679825e-23)
(-0.07227561472 0.1936494393 -3.461338704e-22)
(-0.08096972855 0.1656028329 2.152163326e-22)
(-0.09087192262 0.1292707366 0)
(-0.1025547447 0.08353082561 0)
(-0.1163622149 0.02720010781 2.65539773e-22)
(-0.1321589551 -0.04062005994 8.194326665e-23)
(-0.148925231 -0.1200128309 -2.821624755e-22)
(-0.1641284275 -0.2089300693 -5.411273493e-23)
(-0.1727877616 -0.3006992511 1.301952061e-22)
(-0.1670311303 -0.3793329107 -3.40050696e-22)
(-0.1365292438 -0.4136451975 -1.59383028e-23)
(-0.08018250136 -0.3538326209 8.204064622e-23)
(-0.01050762292 -0.1594130571 -6.032158326e-22)
(-0.002260498631 0.07348883638 0)
(-0.01580355722 0.1626521784 2.145875443e-21)
(-0.02665042601 0.2117904739 0)
(-0.03422339477 0.2333947265 -1.351808437e-21)
(-0.03759398219 0.2377766818 6.184052184e-23)
(-0.03799684936 0.2312553517 -6.193097565e-22)
(-0.03668265645 0.2171899006 -4.756286129e-22)
(-0.03489036167 0.1968934487 8.301258164e-22)
(-0.03378837803 0.1703342378 -1.885698817e-22)
(-0.03449876361 0.1367221071 0)
(-0.03811572645 0.09479673598 0)
(-0.04564992371 0.04304286576 2.41061572e-23)
(-0.05790804261 -0.02013781226 -6.007200205e-22)
(-0.07514598527 -0.09620650203 -4.309568232e-22)
(-0.09645174984 -0.1855556171 4.637863758e-22)
(-0.1183462616 -0.2853567769 -6.488737675e-22)
(-0.1332715381 -0.3838386532 9.11994776e-23)
(-0.1265350987 -0.4504358713 2.937314573e-23)
(-0.08899154082 -0.4198536376 5.660443769e-22)
(-0.01526917933 -0.2111719731 6.020791071e-22)
(-0.005180899968 0.08598046069 0)
(-0.0252555086 0.1766291204 1.465579549e-22)
(-0.03483408138 0.2205961557 -4.917145849e-23)
(-0.03640013854 0.2354859343 7.642932719e-22)
(-0.03018482833 0.234340674 -7.005380054e-22)
(-0.01916579126 0.2241603868 4.746482195e-23)
(-0.005615147367 0.208352583 -1.018609941e-22)
(0.008569610024 0.1881241075 -3.3898897e-22)
(0.02179886343 0.1633911259 2.062823267e-22)
(0.03262781607 0.1333242724 0)
(0.03958458678 0.09664086139 0)
(0.04117013363 0.05174056429 -2.902668336e-22)
(0.03578483906 -0.003255397735 0)
(0.02198184743 -0.07058360812 -5.512188183e-22)
(-0.001264845575 -0.1525735502 -1.492377036e-23)
(-0.03310469837 -0.2505949841 2.559741618e-23)
(-0.06909235775 -0.3599341511 2.203143683e-22)
(-0.09227826973 -0.4575424522 4.788083455e-24)
(-0.08718089915 -0.4698129411 -5.789412199e-22)
(-0.02103127151 -0.2698972294 0)
(-0.0111163162 0.1085974985 0)
(-0.04248902064 0.1947151683 -8.848481309e-22)
(-0.0479552912 0.2258195514 -5.411040784e-22)
(-0.03919535992 0.2282135561 4.543817672e-22)
(-0.01877830186 0.2182328138 -1.709982995e-24)
(0.00766431593 0.2028220353 -4.561050687e-23)
(0.03667993617 0.1847619763 5.696683442e-22)
(0.0658299878 0.1647118209 -2.766891072e-23)
(0.09327131059 0.1423128174 -2.069782156e-22)
(0.1173891622 0.1166274938 3.142214181e-23)
(0.1365461699 0.08641143911 -3.425917846e-23)
(0.1489669277 0.05017669072 -3.690594813e-23)
(0.1525275787 0.006159167483 3.205634168e-22)
(0.1449367034 -0.04796126958 6.119607467e-22)
(0.1235159791 -0.1153052901 -5.10117274e-22)
(0.08633533417 -0.2004195642 -1.616059006e-22)
(0.03199089277 -0.3067806584 1.531307329e-22)
(-0.02362123167 -0.423983714 7.293652503e-23)
(-0.06492413067 -0.4871612785 1.913291622e-21)
(-0.0250997171 -0.3291544741 2.954991474e-21)
(-0.02004680594 0.1460727416 -4.390208389e-23)
(-0.06416406493 0.2112955866 4.417381143e-23)
(-0.05070230704 0.2177300483 1.000188757e-21)
(-0.01934097341 0.2014680002 -8.270555088e-24)
(0.02414465003 0.1809076201 0)
(0.07154122167 0.1606933368 4.363723449e-23)
(0.1190703418 0.1416495507 -2.273852547e-22)
(0.1644767344 0.123318183 -9.027959784e-23)
(0.2062251171 0.1048117299 3.680735614e-23)
(0.2429643036 0.08507140138 -1.701655332e-23)
(0.2732207592 0.06296147736 3.429971155e-23)
(0.295253612 0.03726293888 -6.592682788e-23)
(0.3066971068 0.006535068904 -9.303907279e-23)
(0.3049738317 -0.03087769978 1.517044576e-22)
(0.286393625 -0.0778629091 0)
(0.2470568083 -0.1399300364 1.50561211e-22)
(0.1810922233 -0.2266299748 2.560013857e-22)
(0.09604450219 -0.3443894944 0)
(-0.006697616104 -0.4552210216 -3.675634839e-21)
(-0.0192240821 -0.3777537586 -2.892620946e-21)
(-0.02591951466 0.2276828812 -9.514205036e-22)
(-0.03998324957 0.2238216546 -1.38897667e-22)
(0.03656136696 0.1810585377 -2.33558229e-22)
(0.1090503051 0.1451059113 -1.193742364e-22)
(0.1817191202 0.1172445517 -4.295827617e-23)
(0.2490090741 0.09627907824 9.783186469e-23)
(0.310033671 0.08002510564 -1.408592881e-22)
(0.3646209341 0.06656815441 1.297175795e-22)
(0.4126252505 0.05449178965 -8.620123456e-23)
(0.4536250313 0.04270894982 1.132188551e-25)
(0.4867878739 0.03032298465 1.527742208e-23)
(0.5107451379 0.01652901898 7.997207247e-23)
(0.5236597469 0.00053651474 -1.811124383e-22)
(0.5231798021 -0.01863373223 -1.617146709e-22)
(0.5052323422 -0.04286478937 -4.262956848e-23)
(0.4658715081 -0.07633231168 0)
(0.3952696495 -0.1286089382 -1.846477185e-22)
(0.2916071045 -0.2208468096 8.148763193e-22)
(0.1197455103 -0.3525016901 1.631601552e-21)
(0.0267054725 -0.3775497978 2.172655897e-21)
(0.2142894466 0.134744721 9.864990058e-22)
(0.2776311174 0.09870503659 0)
(0.4316592278 0.05810415004 -2.594321456e-22)
(0.5304749343 0.03846265085 -1.74166722e-22)
(0.6016965753 0.02623419209 0)
(0.6571198963 0.01831923538 -6.009095444e-23)
(0.7015213608 0.01313600887 6.378004987e-23)
(0.7376042506 0.009542126597 -1.800157389e-23)
(0.7669368424 0.006804463762 2.885975449e-23)
(0.7902106695 0.004464743994 2.31503404e-23)
(0.8074555021 0.002221319916 0)
(0.8182621365 -0.0001500749122 -2.873033822e-23)
(0.8216499723 -0.002723848237 0)
(0.81623942 -0.005712668603 2.73815233e-23)
(0.7991333148 -0.009611382777 1.421693065e-23)
(0.7679986342 -0.015002551 -5.799402648e-23)
(0.7106555751 -0.02502519946 -2.535660794e-22)
(0.6235183977 -0.04204285401 -6.918101576e-22)
(0.4230091018 -0.09182968076 0)
(0.2705674688 -0.1524021841 -2.119483762e-21)
)


// ************************************************************************* //
