/*--------------------------------*- C++ -*----------------------------------*\
  =========                 |
  \\      /  F ield         | OpenFOAM: The Open Source CFD Toolbox
   \\    /   O peration     | Website:  https://openfoam.org
    \\  /    A nd           | Version:  13
     \\/     M anipulation  |
\*---------------------------------------------------------------------------*/
FoamFile
{
    format      ascii;
    class       scalarField;
    location    "5.04";
    object      p_all;
}
// * * * * * * * * * * * * * * * * * * * * * * * * * * * * * * * * * * * * * //


400
(
4.364701104e-08
-0.0004064033051
-0.0006205642405
-0.0006298298207
-0.0004511390835
-0.0001148665911
0.0003452232578
0.0008974682538
0.001510916471
0.002152712223
0.002785987193
0.003368715468
0.003854780645
0.004197421103
0.004355310205
0.004301603088
0.004035615782
0.003595632897
0.003097398809
0.002602089727
0.0004375864421
5.364458391e-06
-0.0002290246741
-0.000252901795
-0.0001105475748
0.0001724360847
0.0005678403519
0.001047845379
0.001583903366
0.002144621388
0.002694467372
0.003193092976
0.003596850049
0.003862986046
0.003956146536
0.003857356187
0.003573843242
0.003146724
0.002682733077
0.002156679218
0.0006647500291
0.0001902493661
-7.102739723e-05
-9.615208095e-05
3.260919731e-05
0.0002878349835
0.0006448074324
0.001080305063
0.001569947528
0.002085353479
0.002592633758
0.00305160829
0.003417714092
0.003646971652
0.003703220267
0.003567320008
0.003245487447
0.002773397501
0.002227234584
0.001529076568
0.000594744605
6.948916486e-05
-0.0002242333662
-0.0002470092589
-0.0001173597044
0.0001322385904
0.0004781143254
0.0009014414008
0.001382928661
0.001898233519
0.002414788966
0.002890630012
0.00327537019
0.003516366809
0.003567118153
0.003398447519
0.003008178971
0.002425635069
0.001706970356
0.0007839344932
0.000113481934
-0.0004475934223
-0.0007580713477
-0.0007682285574
-0.0006259427228
-0.0003681558883
-1.687950969e-05
0.0004149857717
0.0009154378822
0.001466358618
0.002037671285
0.002585577977
0.003050283176
0.003363800064
0.0034592823
0.003285887241
0.002823343623
0.002091688963
0.001131657767
-9.869805244e-05
-0.0008821883331
-0.001461043664
-0.001776479059
-0.001767961151
-0.001609789258
-0.001342070768
-0.0009832342481
-0.0005374102264
-5.421140958e-06
0.0006054731165
0.001271858379
0.00195178258
0.002574509817
0.003050484576
0.003279558559
0.003171407471
0.002669618943
0.001774084204
0.0005056205308
-0.001125976213
-0.002491022321
-0.003072466221
-0.003388976781
-0.003366450385
-0.003205462436
-0.002948099934
-0.002606732821
-0.002172596172
-0.001629041069
-0.0009639867618
-0.0001844641104
0.0006825926138
0.001557552682
0.002326797362
0.002841259505
0.002942889537
0.002504811894
0.001477859573
-0.0001594017784
-0.002311483752
-0.004807147451
-0.005381457788
-0.005703755086
-0.00568741774
-0.005560228229
-0.005365932265
-0.005108776559
-0.004762404503
-0.004284139857
-0.003628368692
-0.002762145041
-0.001690931309
-0.000470195417
0.0007658872976
0.001804980311
0.002380904287
0.002235512445
0.001207651765
-0.0008233148382
-0.003631576422
-0.007914041121
-0.00847519996
-0.008815860959
-0.00884156576
-0.008810289509
-0.008769450305
-0.008715222297
-0.008600223402
-0.008346378298
-0.007856854708
-0.007032679459
-0.005810773919
-0.004190203517
-0.002292954699
-0.000393542826
0.001088396257
0.001669094594
0.0009568937674
-0.001392743682
-0.004978908326
-0.01187427322
-0.01241708848
-0.01279120469
-0.0129016876
-0.01304456975
-0.0132771718
-0.01359185352
-0.01392069386
-0.01414356242
-0.01409443156
-0.01357549193
-0.0123907403
-0.01042402931
-0.007713943458
-0.004558251014
-0.001555196777
0.0004681134076
0.0006954342116
-0.001683907832
-0.00608644186
-0.01672281742
-0.01723745725
-0.0176499244
-0.01787253861
-0.01825702157
-0.01888277256
-0.01974818322
-0.02077114338
-0.02178902445
-0.02255303174
-0.02273018074
-0.0219254083
-0.01986163976
-0.01633526656
-0.0115739579
-0.006317334472
-0.001831001705
0.0003848938128
-0.001359529282
-0.006397429369
-0.02247351809
-0.02293344877
-0.02335560462
-0.02366279473
-0.02429802707
-0.02538188882
-0.02693375645
-0.02886910604
-0.0309899317
-0.03296071918
-0.03429788312
-0.0344096113
-0.03261499139
-0.02848386505
-0.0219616187
-0.01377720393
-0.005617318509
9.32807282e-05
0.0001873540093
-0.004852125204
-0.029153628
-0.02948584214
-0.02981584458
-0.03006659477
-0.03083959577
-0.03232176337
-0.0345691096
-0.03750576478
-0.04090809287
-0.04436253944
-0.04723087214
-0.04866287369
-0.04766094962
-0.04333147661
-0.03518608189
-0.02368339942
-0.01071867873
0.0003051209293
0.004052906486
0.0004257835745
-0.03689438167
-0.03690548573
-0.03690324998
-0.03676766198
-0.0373782617
-0.03901503882
-0.04177911609
-0.04560411747
-0.05024202088
-0.05520777559
-0.05972103854
-0.06269313894
-0.06277550839
-0.05861094975
-0.04914258841
-0.0342796357
-0.01572942189
0.002442988519
0.01220445611
0.01250232604
-0.04612092544
-0.04529817136
-0.04446492415
-0.04333589925
-0.04325797924
-0.04461325682
-0.04753322371
-0.05193745718
-0.05753199373
-0.06375044235
-0.06966942889
-0.07398549698
-0.07503302741
-0.07104431371
-0.06035585586
-0.04216391969
-0.01758046523
0.009416323977
0.0280294241
0.03605959357
-0.05803320516
-0.05506614464
-0.05242677491
-0.04931793873
-0.04779833536
-0.04829624392
-0.05091094194
-0.05548422532
-0.0616206444
-0.06865005024
-0.0754610026
-0.08054482909
-0.08198235607
-0.07756492906
-0.06513033325
-0.04316455179
-0.01196149485
0.02583974594
0.05678031561
0.07796588129
-0.07532054202
-0.06676588224
-0.06048284292
-0.05399816155
-0.05019661337
-0.04930441184
-0.05124206755
-0.05565462002
-0.06197577949
-0.06932455378
-0.07641038264
-0.08147796277
-0.082328033
-0.07635855363
-0.06099750151
-0.03401072404
0.005091279049
0.05714439215
0.1048329212
0.1467832978
-0.106788352
-0.08272278414
-0.06934703346
-0.05734542355
-0.05024932684
-0.04748989748
-0.04849122851
-0.05254328853
-0.05877576974
-0.06604869724
-0.07283426911
-0.0771252265
-0.0764612209
-0.06776842345
-0.04805718656
-0.01416293902
0.03582067078
0.1042733209
0.1753970091
0.2537456055
-0.165775955
-0.09770592473
-0.07388620841
-0.05433261738
-0.04412451975
-0.04031682166
-0.0411738229
-0.04542381367
-0.05187408298
-0.05916883101
-0.06561212198
-0.06903253943
-0.06666506123
-0.05527962662
-0.03116298924
0.01017553182
0.07275646545
0.1630399944
0.2727927709
0.4344985188
-0.3958071281
-0.1361306369
-0.07411356929
-0.04701713264
-0.03352347299
-0.02929288357
-0.03084229228
-0.03591792809
-0.04300937797
-0.05065845463
-0.0571367173
-0.06027298413
-0.05742334523
-0.04505386387
-0.01858613228
0.02856137573
0.1044784586
0.230376838
0.416733116
0.7769774609
)


// ************************************************************************* //
