/*--------------------------------*- C++ -*----------------------------------*\
  =========                 |
  \\      /  F ield         | OpenFOAM: The Open Source CFD Toolbox
   \\    /   O peration     | Website:  https://openfoam.org
    \\  /    A nd           | Version:  13
     \\/     M anipulation  |
\*---------------------------------------------------------------------------*/
FoamFile
{
    format      ascii;
    class       scalarField;
    location    "9.66";
    object      p_all;
}
// * * * * * * * * * * * * * * * * * * * * * * * * * * * * * * * * * * * * * //


400
(
2.341412765e-07
-0.00052127821
-0.0008403592666
-0.0009471361675
-0.000851254705
-0.0005846070564
-0.0001840219503
0.0003153177879
0.0008778757957
0.001464437224
0.00203077344
0.002525797078
0.002895596077
0.003088061867
0.003061697898
0.002797180711
0.002311612727
0.001660039946
0.001026106425
0.0004470312632
0.0005609441028
6.881526586e-06
-0.0003335428135
-0.0004548710352
-0.0004046777564
-0.0002093591641
0.0001018557142
0.0004998522597
0.0009535893792
0.001426528041
0.001880677493
0.002265545751
0.002532100928
0.002633853302
0.002536780304
0.002230623646
0.001739139504
0.001123937166
0.0005499461155
-9.752063149e-05
0.000901396236
0.0002874612061
-8.870796701e-05
-0.0002133479626
-0.0001852719914
-3.424789487e-05
0.0002153589429
0.00054170529
0.0009209038124
0.001322922986
0.001710733241
0.002037410427
0.00225264239
0.002308515236
0.002169878657
0.001825580133
0.001296948196
0.0006373831368
-3.722031409e-05
-0.0008519707961
0.0009104365506
0.0002260155394
-0.0001965563855
-0.0003254783772
-0.000309367964
-0.0001846175635
2.717943617e-05
0.0003119786759
0.0006549013518
0.001034043616
0.0014127407
0.001745361207
0.00197376362
0.00203903077
0.001892914628
0.001511346252
0.0009041663212
0.0001155835442
-0.0007699278373
-0.001885336914
0.0004207194744
-0.0003101811781
-0.0007598328016
-0.0008858052607
-0.0008765435297
-0.0007731561777
-0.0005925035434
-0.0003377321025
-1.099828127e-05
0.0003765597578
0.0007950617867
0.001196838949
0.001512931465
0.001664868598
0.00157808462
0.001200083234
0.0005161290106
-0.0004433427829
-0.001616686274
-0.003101107617
-0.000711728437
-0.001459839164
-0.001919302611
-0.00204125901
-0.002046639609
-0.001978213956
-0.001844336572
-0.001632202213
-0.001324718104
-0.0009145963231
-0.0004183894835
0.0001200148745
0.0006203302696
0.0009764571607
0.001070338051
0.0007970549375
9.279329694e-05
-0.001040677828
-0.002568726042
-0.004522000581
-0.002619102713
-0.00335333052
-0.00381587388
-0.003947162945
-0.003997018958
-0.004006918559
-0.00397218228
-0.003857324129
-0.003616251295
-0.003210331528
-0.00262841685
-0.001895852294
-0.001096782512
-0.0003683514679
0.0001076813233
0.0001373668704
-0.0004365911292
-0.001678277469
-0.003605181397
-0.006139025987
-0.005409939368
-0.006105315717
-0.006574681809
-0.006747515639
-0.006899870252
-0.007070097906
-0.007236674757
-0.007334260301
-0.007275549807
-0.006972308378
-0.006362010285
-0.005416795453
-0.004208578007
-0.002894465627
-0.001735857386
-0.001064276939
-0.001204349101
-0.002362800534
-0.004675434171
-0.007904027636
-0.009158160553
-0.009794968576
-0.01028334329
-0.01054571075
-0.01088374201
-0.01133374942
-0.01185626191
-0.01235071401
-0.01267628046
-0.01267149947
-0.01217859687
-0.01110603731
-0.009434968292
-0.007314894205
-0.005083807495
-0.003259455465
-0.002439559468
-0.003109948118
-0.005667806587
-0.00967158876
-0.01388826908
-0.01444929781
-0.01496881097
-0.01536921284
-0.01598275602
-0.01684987538
-0.01791699622
-0.01904758309
-0.02003837223
-0.02063494039
-0.0205581247
-0.01955882113
-0.01749159166
-0.01441534778
-0.01069588188
-0.007054098459
-0.004477839465
-0.003939218674
-0.006363372572
-0.0111144907
-0.0195688494
-0.02003386056
-0.02057954003
-0.02113635605
-0.02208372111
-0.02347942258
-0.02526566892
-0.02727540639
-0.02924154591
-0.03080350509
-0.03152788607
-0.03096084748
-0.02874585584
-0.02473561611
-0.01921417515
-0.01304587774
-0.007680273056
-0.004824385562
-0.006360306052
-0.01158807313
-0.02612549588
-0.0264596419
-0.02698239705
-0.02763756343
-0.02888992729
-0.03083653015
-0.03343049367
-0.03648437505
-0.0396730774
-0.04252904533
-0.04445112021
-0.04474555947
-0.04278144085
-0.03808369063
-0.03068869729
-0.021433997
-0.01217283676
-0.005536447002
-0.004944010128
-0.009920812493
-0.03348675216
-0.03361243233
-0.03397863623
-0.03453803304
-0.03591716984
-0.03828325935
-0.04161680148
-0.04571863532
-0.05021245467
-0.05453077858
-0.05791321553
-0.05944497736
-0.05811789103
-0.05311572393
-0.04404779297
-0.03146578034
-0.01738208492
-0.00532291997
-0.0008621051315
-0.004124967049
-0.04168753991
-0.04141258656
-0.04134289215
-0.04140839162
-0.04253607999
-0.04499935062
-0.04881574013
-0.05377141542
-0.0594350362
-0.0651427444
-0.06998398177
-0.0728218793
-0.0723599649
-0.06734975104
-0.05689992598
-0.04103128775
-0.02153946166
-0.002472315373
0.008024936363
0.00892720713
-0.05106777463
-0.0498857463
-0.04884202886
-0.04773924485
-0.04802454107
-0.05009676974
-0.05399556262
-0.05946429249
-0.06598984356
-0.07279638607
-0.07882232254
-0.08272510897
-0.08294396863
-0.07783702094
-0.0660168863
-0.04683105412
-0.02153373084
0.006024565706
0.02516975348
0.03389056455
-0.06275617992
-0.05936689746
-0.05634393112
-0.05304304094
-0.05171203281
-0.05282024446
-0.05636083894
-0.06197177385
-0.06899322062
-0.0764975695
-0.08324617148
-0.08768197839
-0.08799655435
-0.08216697318
-0.06838964112
-0.04530420133
-0.01353831709
0.02461110846
0.05570684825
0.07746924182
-0.07939925045
-0.07037356738
-0.06351965423
-0.05662632617
-0.05288650599
-0.05256222164
-0.05544925567
-0.06094110665
-0.06816916323
-0.07599026635
-0.08294842817
-0.08724423107
-0.08679833255
-0.07923389629
-0.06230226153
-0.03406162535
0.00535250758
0.05860457097
0.1057302715
0.1479531318
-0.1098903138
-0.08532864383
-0.07120714583
-0.05863189486
-0.05162008258
-0.049446034
-0.05148729625
-0.05671128336
-0.06392744094
-0.07172727875
-0.07841499377
-0.08194619183
-0.08002010985
-0.0696136834
-0.04820980889
-0.01289938916
0.03793330964
0.1068426162
0.1776868776
0.2561710694
-0.1679821395
-0.09952862494
-0.07478302917
-0.05466065544
-0.04447147733
-0.04130766386
-0.04325286084
-0.04872229399
-0.05620887113
-0.06409574479
-0.0705191705
-0.07326159007
-0.06959750736
-0.0567753885
-0.03103862295
0.01172018149
0.07526010201
0.1660262015
0.2757753406
0.4373393379
-0.3979840625
-0.1377566244
-0.07479058791
-0.04701545202
-0.03347346641
-0.02983534518
-0.03242406872
-0.03869241109
-0.04683075524
-0.0551314488
-0.0617070976
-0.06434462453
-0.06049258905
-0.04670366382
-0.01871950526
0.02978035414
0.1066672212
0.2330820625
0.4195207834
0.7796766845
)


// ************************************************************************* //
