/*--------------------------------*- C++ -*----------------------------------*\
  =========                 |
  \\      /  F ield         | OpenFOAM: The Open Source CFD Toolbox
   \\    /   O peration     | Website:  https://openfoam.org
    \\  /    A nd           | Version:  13
     \\/     M anipulation  |
\*---------------------------------------------------------------------------*/
FoamFile
{
    format      ascii;
    class       vectorField;
    location    "17.95";
    object      U_all;
}
// * * * * * * * * * * * * * * * * * * * * * * * * * * * * * * * * * * * * * //


400
(
(1.083554676e-05 -3.765152304e-05 0)
(-0.0006658472639 0.0004128205764 -1.54501095e-23)
(-0.002183658883 0.0009196190693 0)
(-0.00404427029 0.00131156144 0)
(-0.005966390112 0.001533596277 6.816247716e-25)
(-0.007755585917 0.001568341028 4.149089922e-24)
(-0.009276014226 0.00142222056 -7.272146323e-24)
(-0.01042658802 0.001118710024 7.638984249e-24)
(-0.0111272306 0.00069550807 -2.104824703e-25)
(-0.01131791762 0.0002029733211 -4.009593789e-24)
(-0.01096357602 -0.0002999042631 5.820939414e-24)
(-0.01006565568 -0.0007468739908 -5.944548972e-23)
(-0.008675095492 -0.001074779607 -6.569930684e-23)
(-0.00690010476 -0.001232320008 -7.803570288e-23)
(-0.00490991623 -0.001192157864 4.587090609e-24)
(-0.002927954976 -0.0009618109946 -4.153512364e-24)
(-0.001206979286 -0.0005915001126 -2.01028564e-22)
(-2.089534951e-05 -0.0001704618821 0)
(0.0005168442988 0.0001713804903 1.565908093e-25)
(0.0002224155645 0.0003055141766 -3.294171814e-24)
(-0.0002631373551 0.0008284681662 1.384202838e-25)
(-0.002700608252 0.003380674869 1.554709121e-23)
(-0.006900005475 0.005598775827 1.546040437e-25)
(-0.01193954712 0.007000881224 -8.455429084e-25)
(-0.01711672797 0.007545931794 1.15578333e-24)
(-0.02195211816 0.007286849278 1.297676873e-23)
(-0.0260837141 0.006315895356 1.482007106e-24)
(-0.02923622844 0.004750193444 -7.387980567e-24)
(-0.03119657722 0.00273553277 1.021163221e-23)
(-0.03181279929 0.0004532280264 4.527194345e-24)
(-0.03100094963 -0.00188101623 -6.33778491e-24)
(-0.02877042838 -0.004018154821 2.952211218e-24)
(-0.02525353718 -0.005702517485 3.90369826e-23)
(-0.02071944276 -0.00670153588 -1.961774599e-24)
(-0.01558230147 -0.006849159405 3.769567807e-24)
(-0.01038220783 -0.006094138516 -9.799678397e-23)
(-0.005730434683 -0.004544930742 9.698997762e-23)
(-0.002234947152 -0.00250810628 -4.07304626e-25)
(-0.0001832363099 -0.0005042870711 4.175769908e-25)
(8.321847923e-05 0.000608401469 0)
(-0.0004182951409 0.002932243593 -2.908517383e-25)
(-0.00464243266 0.008794562925 1.701409423e-23)
(-0.01135866712 0.01322579127 -8.243968416e-24)
(-0.01930488833 0.01577460862 -2.059776654e-25)
(-0.02744271713 0.01651215664 2.023515625e-25)
(-0.03507844996 0.01562827766 9.44147128e-27)
(-0.04166793502 0.01334726338 -1.311240219e-24)
(-0.04678627509 0.009911736717 -4.614281958e-25)
(-0.0500990514 0.005599798772 -1.069266713e-23)
(-0.0513625346 0.0007473397996 0)
(-0.05043162637 -0.004233889869 0)
(-0.04729643524 -0.00887536071 2.679954136e-23)
(-0.04212583885 -0.01266755287 2.822447185e-23)
(-0.0352889556 -0.01512131532 -1.653789211e-24)
(-0.02737258879 -0.01584858745 4.873956197e-23)
(-0.01915990258 -0.01466317424 9.47626907e-23)
(-0.01155637976 -0.01168769455 4.043289556e-23)
(-0.005464377057 -0.007449236989 4.369391225e-25)
(-0.001451517527 -0.002937794636 9.533194048e-26)
(-9.073035472e-05 0.0002236505346 0)
(-0.0005017589614 0.006038724129 -4.241947638e-23)
(-0.006394822681 0.01635211529 -1.691590628e-23)
(-0.01551617006 0.02353240144 8.170593916e-24)
(-0.02624782564 0.0274107225 0)
(-0.03724402101 0.02829016793 0)
(-0.0476362174 0.02656033987 0)
(-0.05673404985 0.02260998263 -4.816974736e-26)
(-0.06398568069 0.01682294341 -2.063284864e-24)
(-0.06894021081 0.009618167518 0)
(-0.07123855626 0.001496352192 1.658776126e-24)
(-0.0706427642 -0.006922778572 2.8181087e-25)
(-0.06707119279 -0.01490963863 -2.82599934e-25)
(-0.06064858883 -0.0216422912 0)
(-0.05176716324 -0.02628955471 4.160841814e-23)
(-0.04112017654 -0.02813583573 -4.708910626e-23)
(-0.02970003761 -0.02675338915 -2.796604983e-23)
(-0.01872607137 -0.0222016345 -4.029586836e-23)
(-0.009483192047 -0.01521293213 7.787266404e-25)
(-0.002975804819 -0.007298031645 9.701759068e-23)
(-0.0002317448414 -0.0008683237056 0)
(-0.0005308701033 0.01008334401 4.262584612e-23)
(-0.007973807827 0.02592193588 4.781580887e-25)
(-0.01937367629 0.036386812 -4.672373142e-25)
(-0.03278548688 0.0418081411 0)
(-0.0465938128 0.04284860391 7.756572177e-25)
(-0.05978618113 0.04016012221 -7.649024149e-25)
(-0.07155639107 0.03431612596 3.65723253e-23)
(-0.0812438109 0.02583723441 1.831550611e-23)
(-0.08827867755 0.01526684276 6.18081713e-24)
(-0.09216740953 0.003253443304 -1.660708595e-24)
(-0.09252009157 -0.0093880335 0)
(-0.08909862961 -0.02164465147 4.41165628e-25)
(-0.08189238508 -0.03233016113 1.024942212e-23)
(-0.07121300815 -0.04017201344 -4.378747349e-23)
(-0.05777705588 -0.04398117685 1.953071192e-24)
(-0.04275548662 -0.04291450748 4.288609915e-23)
(-0.0277358297 -0.03680863938 -3.958564038e-25)
(-0.01454133798 -0.02651305137 0)
(-0.004856569475 -0.01408015783 5.428328746e-23)
(-0.0003638322948 -0.002848035585 -2.554425923e-22)
(-0.0005265614279 0.01498172107 9.835032366e-23)
(-0.009367146581 0.03734675146 -4.905350209e-25)
(-0.02285613604 0.05164333071 0)
(-0.03878790193 0.05887688116 0)
(-0.05532758881 0.06019256849 -8.718058458e-23)
(-0.07135512526 0.05656382097 -8.481401163e-23)
(-0.08598097993 0.04875915375 -4.050887573e-23)
(-0.09845671993 0.03741310596 -1.495142469e-23)
(-0.1080954803 0.0231506948 -5.317202613e-24)
(-0.1142443139 0.006718363394 -8.131520153e-24)
(-0.1163070976 -0.01090751534 6.551978179e-24)
(-0.113802388 -0.02844982445 8.731655672e-24)
(-0.1064667217 -0.04432035666 -1.887753793e-23)
(-0.09439813294 -0.05669757351 4.198834472e-24)
(-0.0782126765 -0.06372714722 0)
(-0.05918798821 -0.06388483054 -1.611803193e-23)
(-0.03931334849 -0.05649887801 -1.120525558e-26)
(-0.02112793343 -0.0423329042 0)
(-0.007313906771 -0.02397131697 -1.510869437e-22)
(-0.0005211256947 -0.005924661933 6.033773141e-22)
(-0.0004986110931 0.02062201287 -9.768020367e-23)
(-0.01051881332 0.05039721338 2.829394776e-22)
(-0.02580375056 0.06904882062 1.52534833e-22)
(-0.04397833228 0.07840927898 3.614394676e-24)
(-0.06304738844 0.08021423075 -7.310708139e-23)
(-0.08182877634 0.07581021764 9.024561237e-23)
(-0.0993897209 0.06616256825 -3.582549362e-24)
(-0.1149253817 0.05198220731 -1.723730499e-24)
(-0.1276486266 0.03391045313 2.515704362e-24)
(-0.1367416634 0.01271121049 7.342141622e-24)
(-0.1413667893 -0.01055806457 -6.454177425e-24)
(-0.1407254274 -0.03441226572 -9.683388007e-24)
(-0.134183447 -0.05686556079 -3.257116787e-23)
(-0.1214652307 -0.07546220237 -3.5912723e-23)
(-0.1029014747 -0.0874693491 5.501769286e-25)
(-0.07971375204 -0.09032374 0)
(-0.05423327024 -0.08238869034 0)
(-0.0298531691 -0.06393820936 -2.889218164e-24)
(-0.01065615136 -0.03796800399 2.953293581e-24)
(-0.0007344520555 -0.01049701978 1.02669182e-22)
(-0.0004477219149 0.02684297166 0)
(-0.0113398163 0.06473752334 1.99998506e-22)
(-0.02799272024 0.08820347138 8.953175415e-23)
(-0.04795923354 0.1000228627 0)
(-0.06915067969 0.1026106949 1.567662034e-22)
(-0.09037382614 0.09773127616 0)
(-0.1107010423 0.08654528175 -1.425860947e-22)
(-0.1293178946 0.06979666391 6.502071429e-24)
(-0.1453794298 0.04806460916 0)
(-0.1579343615 0.02202543789 0)
(-0.1659126209 -0.007302100814 -1.36962912e-24)
(-0.1681696112 -0.03833417909 -9.268397908e-25)
(-0.1636151131 -0.06876775918 1.48561085e-22)
(-0.1514387488 -0.09549849918 -4.698338431e-23)
(-0.1314435143 -0.1147402984 -2.542469289e-24)
(-0.1045044718 -0.1224836665 1.517365593e-24)
(-0.07305488128 -0.1154768292 -1.541300812e-24)
(-0.04132804848 -0.09277583533 0)
(-0.01524382553 -0.05737666082 3.193608753e-24)
(-0.001043519573 -0.01713927524 -1.010192784e-21)
(-0.0003746133677 0.03342876716 0)
(-0.01174311965 0.07990843564 -1.127195119e-22)
(-0.02918907465 0.1085325802 -6.185115894e-22)
(-0.0502861853 0.1231080587 -3.75133514e-22)
(-0.07291845935 0.1267987643 0)
(-0.09593254039 0.1218288826 4.113819418e-22)
(-0.118459904 0.1095593721 1.258691603e-22)
(-0.1397392292 0.09073257631 -5.571124864e-24)
(-0.1589413297 0.06579191809 5.543550808e-24)
(-0.1750623521 0.03521506124 0)
(-0.1868715819 -0.0001634490942 2.906265557e-23)
(-0.1929343213 -0.0388397705 4.682944776e-24)
(-0.191701642 -0.07836057401 -1.073087177e-22)
(-0.1817138979 -0.1150929115 7.969606423e-23)
(-0.1619918655 -0.1441577196 -2.411505783e-22)
(-0.1326522816 -0.1597524563 0)
(-0.0957390017 -0.1562187307 0)
(-0.05599208227 -0.130225934 0)
(-0.02146870728 -0.08376780853 0)
(-0.001499451946 -0.02664239324 5.558036444e-22)
(-0.0002879089531 0.04012347777 0)
(-0.01169015909 0.09534813382 -3.489731794e-22)
(-0.02923407427 0.1292911498 8.924423201e-22)
(-0.05059024604 0.1468040478 3.613344595e-22)
(-0.0736722386 0.1518539122 0)
(-0.09741429112 0.1471705301 -3.857288977e-22)
(-0.1210626601 0.1343370312 -3.169862359e-23)
(-0.1439829581 0.1140847941 3.32836821e-22)
(-0.1654615217 0.08667523001 1.766840456e-22)
(-0.1845704143 0.05229616217 -4.053982518e-23)
(-0.2000777105 0.01145031205 1.655465766e-23)
(-0.2104077355 -0.0346556747 -8.24879664e-24)
(-0.2136672548 -0.08368539806 3.365985679e-22)
(-0.2077695371 -0.1317783239 0)
(-0.1907747491 -0.173166992 2.412670809e-22)
(-0.161589708 -0.2001469669 5.750152687e-24)
(-0.1211309365 -0.2039061032 -5.835904419e-24)
(-0.07382641869 -0.1771246645 1.540710732e-22)
(-0.0297073544 -0.118807923 -5.412623525e-24)
(-0.002178490445 -0.04003566678 0)
(-0.0002125980966 0.04667829617 0)
(-0.01125077909 0.1104591011 0)
(-0.02815539961 0.1496149536 -5.018151791e-22)
(-0.04874059456 0.1700208378 -1.879258796e-23)
(-0.07099262966 0.17649997 2.036123519e-23)
(-0.09398254165 0.1723436065 -2.012082633e-23)
(-0.1171287418 0.159402525 -2.313890071e-23)
(-0.1400018841 0.1384248761 -3.025485029e-22)
(-0.1621166727 0.1094910359 6.694583224e-23)
(-0.1827802949 0.07245684079 4.506242552e-23)
(-0.2009686059 0.02738202605 -4.570484504e-23)
(-0.2152120984 -0.02502973128 0)
(-0.2235400992 -0.0829056752 -7.814848499e-23)
(-0.2234445885 -0.1426311762 0)
(-0.2120461906 -0.198075109 -3.733634729e-22)
(-0.186719407 -0.2399635942 5.234570071e-22)
(-0.1464202993 -0.25596526 0)
(-0.09392707658 -0.2330232967 -1.486486578e-22)
(-0.04021020529 -0.163893947 1.929821542e-22)
(-0.003199980531 -0.058586616 -3.403841165e-22)
(-0.0002027233746 0.05293943151 0)
(-0.01067785279 0.1247289138 9.175804643e-22)
(-0.02629391432 0.1686237355 -2.438694479e-23)
(-0.04502344378 0.1915158334 9.185909284e-22)
(-0.06496031941 0.1991675485 -2.509825522e-23)
(-0.08538236464 0.1955030553 2.835863891e-23)
(-0.1059487188 0.1827065018 -2.809977142e-23)
(-0.1265132523 0.1616056813 -1.659036224e-23)
(-0.1469236338 0.1321541438 -5.254333353e-22)
(-0.166872739 0.09390349535 -8.896483939e-24)
(-0.1857592149 0.04643862382 9.649404868e-24)
(-0.2025074168 -0.01018338345 3.309943762e-22)
(-0.2154423309 -0.07492610509 -5.814391169e-22)
(-0.2220422149 -0.1449450487 0)
(-0.218816199 -0.2145787162 8.875978969e-22)
(-0.2016292094 -0.2738961701 -4.931128043e-22)
(-0.1668590703 -0.3074730512 -1.569126004e-23)
(-0.1140130253 -0.2952812111 0)
(-0.05287764298 -0.2195058438 -1.882585587e-22)
(-0.004748123181 -0.0837437496 3.353032669e-22)
(-0.0003656030791 0.05899092774 1.549845238e-23)
(-0.01050522273 0.1379074314 -8.757456139e-22)
(-0.02443338776 0.1855698702 -1.156277151e-21)
(-0.04029599879 0.2100165238 -8.622017793e-22)
(-0.05634407794 0.2181175566 0)
(-0.07219239478 0.2145185983 3.510645428e-23)
(-0.08784245192 0.2018037979 -7.288174532e-23)
(-0.1035125124 0.1809543667 5.862386687e-23)
(-0.1194600745 0.1518832065 3.018250259e-22)
(-0.1358592737 0.1139259154 -1.127149448e-23)
(-0.152677131 0.06624818167 0)
(-0.1695211108 0.008228982218 -3.600471383e-22)
(-0.1853417581 -0.06009490703 7.509627591e-22)
(-0.198103489 -0.1372002626 8.825587299e-22)
(-0.2044020624 -0.2188441104 -5.290892412e-22)
(-0.1991307381 -0.2958822845 5.158050822e-22)
(-0.1760780551 -0.3513130414 1.075617279e-23)
(-0.1300935132 -0.3583226122 -1.092890327e-23)
(-0.06688565188 -0.2842527849 -8.280629107e-23)
(-0.007082521898 -0.1169641714 0)
(-0.000911109654 0.06537454337 -1.910235876e-23)
(-0.01168897085 0.1502133192 -1.326196219e-21)
(-0.02391702024 0.1999695358 1.093501736e-21)
(-0.03605662251 0.2243135122 6.730941001e-22)
(-0.04662976857 0.2315541337 6.010887108e-22)
(-0.05583861959 0.2271502504 6.639494294e-22)
(-0.06419025354 0.2141119616 -4.455188048e-23)
(-0.07236122793 0.1936116595 -3.458876239e-22)
(-0.08106137633 0.1655927971 2.150648829e-22)
(-0.09096752202 0.1292857002 0)
(-0.1026520771 0.08356589003 0)
(-0.1164585935 0.02724941514 2.653945332e-22)
(-0.1322512981 -0.04056220638 8.199124113e-23)
(-0.1490099018 -0.1199505877 -2.818528947e-22)
(-0.1642012534 -0.2088650613 -5.408134158e-23)
(-0.1728445659 -0.3006308232 1.302817422e-22)
(-0.1670690885 -0.3792595451 -3.397129819e-22)
(-0.1365480173 -0.4135692858 -1.621852157e-23)
(-0.08018651994 -0.3537651774 8.269312514e-23)
(-0.01050739045 -0.1593804142 -6.036361038e-22)
(-0.00226203136 0.07347100827 0)
(-0.01581898029 0.1626000548 2.144713774e-21)
(-0.02668482931 0.2117130337 0)
(-0.03427733266 0.233305258 -1.351095834e-21)
(-0.03766566334 0.2376888562 6.188662399e-23)
(-0.03808342362 0.2311804225 -6.188916057e-22)
(-0.03678049571 0.2171354116 -4.753401983e-22)
(-0.03499624959 0.1968641805 8.295801632e-22)
(-0.03389923334 0.1703294186 -1.884356941e-22)
(-0.03461126141 0.1367392377 0)
(-0.03822720937 0.09483100819 0)
(-0.04575789937 0.04308836087 2.413028771e-23)
(-0.05801039202 -0.02008687889 -6.004296703e-22)
(-0.075240264 -0.09615517136 -4.307521552e-22)
(-0.09653497713 -0.1855059573 4.636560257e-22)
(-0.1184147824 -0.2853081134 -6.485042037e-22)
(-0.1333221892 -0.38378777 9.104197541e-23)
(-0.1265649683 -0.4503820892 2.966635111e-23)
(-0.08900186144 -0.419800657 5.661715145e-22)
(-0.01526976387 -0.2111425871 6.024985858e-22)
(-0.005182217099 0.08597148491 0)
(-0.02527130944 0.176595373 1.465957888e-22)
(-0.03487057631 0.2205408237 -4.915112507e-23)
(-0.03645865548 0.2354185274 7.639346548e-22)
(-0.03026368439 0.2342725017 -7.001844272e-22)
(-0.01926163466 0.2241012921 4.744008358e-23)
(-0.005722236858 0.2083095895 -1.018454622e-22)
(0.008455137774 0.1881010358 -3.387816069e-22)
(0.02168063447 0.1633884411 2.061784971e-22)
(0.03251102175 0.1333399336 0)
(0.039472219 0.09667076265 0)
(0.04106463056 0.05177937323 -2.901454267e-22)
(0.03568698784 -0.003213408462 0)
(0.02189285556 -0.07054242004 -5.511087722e-22)
(-0.001343444402 -0.1525363103 -1.485966403e-23)
(-0.03317084928 -0.2505619408 2.559033193e-23)
(-0.06914520694 -0.3599022934 2.201440783e-22)
(-0.09231287148 -0.4575114053 4.793846414e-24)
(-0.0871949725 -0.469778152 -5.790815981e-22)
(-0.02103274259 -0.2698745211 0)
(-0.01111701372 0.1085966782 0)
(-0.04250194171 0.1946992318 -8.845250668e-22)
(-0.0479872669 0.2257865424 -5.409732075e-22)
(-0.03924866842 0.2281689184 4.542708811e-22)
(-0.01885204016 0.2181850335 -1.711440997e-24)
(0.007573314325 0.2027788959 -4.559440439e-23)
(0.03657687989 0.1847297625 5.694019257e-22)
(0.06571989669 0.1646931062 -2.765575348e-23)
(0.09315907657 0.1423095847 -2.068721911e-22)
(0.1172797253 0.1166384892 3.140888494e-23)
(0.1364429742 0.08643377485 -3.424672871e-23)
(0.1488722348 0.05020636608 -3.689585081e-23)
(0.1524432271 0.006191820058 3.204920226e-22)
(0.1448632663 -0.04792996738 6.118428443e-22)
(0.123452638 -0.1152785325 -5.100430987e-22)
(0.08628313381 -0.2003985741 -1.61620246e-22)
(0.03194524174 -0.3067644448 1.530832008e-22)
(-0.02365386589 -0.4239674075 7.293613524e-23)
(-0.06493739429 -0.4871427325 1.913223509e-21)
(-0.02510154324 -0.3291399644 2.954914518e-21)
(-0.02004633061 0.1460770648 -4.389402767e-23)
(-0.06417001397 0.2112928622 4.41657046e-23)
(-0.05072139086 0.2177155931 1.000002255e-21)
(-0.01937669832 0.2014437233 -8.229694544e-24)
(0.02409119069 0.1808787441 0)
(0.07147143543 0.1606654176 4.362293663e-23)
(0.1189881786 0.1416272785 -2.27295946e-22)
(0.1643867912 0.1233042452 -9.024162567e-23)
(0.2061322822 0.1048076964 3.679113494e-23)
(0.2428734537 0.08507691684 -1.700934957e-23)
(0.2731358762 0.06297487757 3.428724708e-23)
(0.2951779483 0.03728160145 -6.590813031e-23)
(0.3066312582 0.006555966855 -9.301399146e-23)
(0.3049183231 -0.03085758642 1.516873079e-22)
(0.2863484775 -0.07784623223 0)
(0.2470208501 -0.1399185271 1.505809458e-22)
(0.1810631131 -0.2266247598 2.559837626e-22)
(0.09602275395 -0.3443830721 0)
(-0.00670873516 -0.4552141752 -3.675500437e-21)
(-0.01922590299 -0.3777474173 -2.892545152e-21)
(-0.02591817296 0.2276874274 -9.513751989e-22)
(-0.03998112854 0.2238247842 -1.388825295e-22)
(0.03655898836 0.1810557635 -2.33513117e-22)
(0.1090383433 0.1450972487 -1.19344814e-22)
(0.1816945455 0.1172320748 -4.29535278e-23)
(0.2489711084 0.09626587105 9.780734249e-23)
(0.3099840497 0.08001383642 -1.408107159e-22)
(0.3645629021 0.06656061579 1.296646154e-22)
(0.4125628627 0.05448902195 -8.616359529e-23)
(0.4535626422 0.0427109951 1.132050842e-25)
(0.4867293554 0.03032907452 1.527249898e-23)
(0.5106934767 0.01653783198 7.994939541e-23)
(0.5236171437 0.0005458785543 -1.810763358e-22)
(0.5231473535 -0.01862463035 -1.616973377e-22)
(0.5052085113 -0.04285744856 -4.262769757e-23)
(0.4658547468 -0.07632770992 0)
(0.3952575132 -0.128607505 -1.846087349e-22)
(0.2915979616 -0.220846402 8.148336305e-22)
(0.1197399704 -0.3525013138 1.631536673e-21)
(0.02670407113 -0.3775489712 2.172622003e-21)
(0.2142908385 0.1347460876 9.86448961e-22)
(0.2776354528 0.09870678576 0)
(0.4316640614 0.05810496952 -2.594072476e-22)
(0.5304769378 0.03846236903 -1.741520234e-22)
(0.6016929045 0.0262330841 0)
(0.6571092183 0.01831783363 -6.007713353e-23)
(0.7015040721 0.0131348099 6.375730622e-23)
(0.7375820101 0.00954147226 -1.799320184e-23)
(0.7669120279 0.006804553535 2.884652723e-23)
(0.7901859221 0.004465575728 2.31402251e-23)
(0.8074332191 0.002222739403 0)
(0.8182440625 -0.0001482939779 -2.872161353e-23)
(0.8216371181 -0.002721977956 0)
(0.8162319758 -0.005711260637 2.737726065e-23)
(0.7991301612 -0.009610555626 1.42193914e-23)
(0.767998334 -0.01500233072 -5.798921732e-23)
(0.710656368 -0.02502556945 -2.535424774e-22)
(0.6235189041 -0.04204328744 -6.917767221e-22)
(0.42300905 -0.09183012928 0)
(0.2705673356 -0.1524023871 -2.119450697e-21)
)


// ************************************************************************* //
