/*--------------------------------*- C++ -*----------------------------------*\
  =========                 |
  \\      /  F ield         | OpenFOAM: The Open Source CFD Toolbox
   \\    /   O peration     | Website:  https://openfoam.org
    \\  /    A nd           | Version:  13
     \\/     M anipulation  |
\*---------------------------------------------------------------------------*/
FoamFile
{
    format      ascii;
    class       scalarField;
    location    "18.63";
    object      p_all;
}
// * * * * * * * * * * * * * * * * * * * * * * * * * * * * * * * * * * * * * //


400
(
8.023720888e-07
-0.0005459529506
-0.0008874501027
-0.00101445394
-0.0009352013965
-0.0006820218336
-0.0002924736845
0.0001974599036
0.0007512870428
0.001328554999
0.001883652966
0.002363764196
0.00271351639
0.00287983278
0.002821198856
0.002519603791
0.001995436912
0.001305779533
0.0006474143158
5.190325234e-05
0.0005884501142
7.799480379e-06
-0.0003553945564
-0.0004972280415
-0.0004661160271
-0.0002886255598
5.869390089e-06
0.0003880764269
0.0008265975889
0.001284189388
0.001721038376
0.00208602196
0.002328785525
0.002401981159
0.00227173956
0.001929260174
0.001401225799
0.0007526140784
0.0001555126197
-0.0005068483492
0.000952159226
0.0003084677516
-9.219291549e-05
-0.0002380186195
-0.0002313926994
-0.0001023702786
0.0001249977577
0.0004294009792
0.0007871071553
0.001166181657
0.00153460747
0.001838529443
0.002027967983
0.002054209243
0.001882126229
0.001501883105
0.0009374020698
0.0002451645736
-0.0004527699268
-0.001289251128
0.0009755587853
0.0002581691294
-0.0001914308902
-0.0003431798157
-0.0003518549845
-0.0002542335575
-7.097368525e-05
0.000185297496
0.0005010022965
0.0008558256685
0.001208795757
0.001516833859
0.00171922242
0.001755463646
0.001576709622
0.001159567159
0.0005158183514
-0.0003078621829
-0.001222528385
-0.002372530817
0.0004800693306
-0.0002846279732
-0.0007628533284
-0.0009139590647
-0.0009342821689
-0.0008650501709
-0.0007212792853
-0.0005034790674
-0.0002114234014
0.0001455773029
0.0005371261464
0.000914967624
0.00120792496
0.001335159297
0.001220302022
0.000810180447
9.073572663e-05
-0.0009060090399
-0.002115177388
-0.003642689523
-0.0006859428587
-0.001465992182
-0.001954362166
-0.002104747864
-0.002146663294
-0.002122275312
-0.00203676025
-0.00187300525
-0.001609861208
-0.001236986452
-0.0007699233182
-0.0002531861794
0.0002306526575
0.0005718406439
0.0006485538666
0.0003527404046
-0.0003811535755
-0.001551355887
-0.003121192731
-0.005127221006
-0.002659808456
-0.003420908191
-0.003912110775
-0.004076710634
-0.004172987115
-0.004240687106
-0.004270208007
-0.00421965442
-0.004036709071
-0.003677702715
-0.003128139654
-0.002413757696
-0.001620413319
-0.0008904130432
-0.0004118955392
-0.0003857099041
-0.0009749283602
-0.002246598836
-0.004217761113
-0.00681196063
-0.005550631253
-0.006265133433
-0.006762775042
-0.006975789253
-0.007187785856
-0.00743392111
-0.007685659831
-0.007868749893
-0.007886953952
-0.007644041427
-0.007069961952
-0.006141786368
-0.004926249159
-0.003587963113
-0.002397790036
-0.001699024806
-0.001827992215
-0.002999534563
-0.005352077419
-0.008644420008
-0.00942782183
-0.01007397387
-0.01059021613
-0.01090133322
-0.0113149838
-0.01186261965
-0.01249547074
-0.01310129889
-0.01352718234
-0.013601002
-0.01315904794
-0.01209747396
-0.01040491185
-0.00823462513
-0.005935965565
-0.004043123756
-0.003172567676
-0.003825891715
-0.006408738797
-0.01047256824
-0.01430613985
-0.01486521754
-0.01541161141
-0.0158695399
-0.01657525682
-0.0175626415
-0.01876640141
-0.02003540331
-0.02115109107
-0.02184499649
-0.0218275061
-0.02084214491
-0.0187425915
-0.01559247144
-0.01176979722
-0.008014632541
-0.005339445848
-0.004741088365
-0.007162190834
-0.01195925361
-0.02014010748
-0.02059071319
-0.02116038154
-0.02178094006
-0.02283388289
-0.02436898017
-0.02631426803
-0.02848505346
-0.03059579642
-0.03226930525
-0.03305967147
-0.03250493735
-0.03024773405
-0.02614602799
-0.02049513394
-0.01417750513
-0.008668339649
-0.005705821694
-0.007199418781
-0.01244618176
-0.02683888263
-0.0271453237
-0.02768540033
-0.02840437948
-0.02976805407
-0.03186461799
-0.03463055779
-0.0378574958
-0.04119845828
-0.04416718148
-0.04614905136
-0.04643993922
-0.04442542164
-0.0396247043
-0.03208882054
-0.02267016177
-0.01324167489
-0.00646416617
-0.005788697322
-0.01074579065
-0.03431464594
-0.03439904186
-0.03477031261
-0.03538418121
-0.03686911013
-0.03938393866
-0.04289014342
-0.04716402736
-0.05180329086
-0.05621958254
-0.05964025144
-0.06115196844
-0.05974257329
-0.05462150671
-0.0454099462
-0.03267197956
-0.0184288354
-0.006224796814
-0.001655233454
-0.004856292145
-0.04258815479
-0.04225900018
-0.04217558883
-0.0422751704
-0.0434909503
-0.04609061673
-0.05007020993
-0.0551875309
-0.06097948276
-0.06675917976
-0.07160325915
-0.07437772905
-0.07379999222
-0.06864555251
-0.05804589817
-0.04203874325
-0.02241966878
-0.003239235369
0.007362776556
0.008355167188
-0.05198823243
-0.05074041958
-0.04965817356
-0.04855923545
-0.04890575136
-0.05109656917
-0.05514584776
-0.06076610191
-0.06740299097
-0.07425653027
-0.08025032782
-0.08404630371
-0.08410446691
-0.07881541683
-0.0668244403
-0.04750784009
-0.02211387799
0.005513970226
0.02472615069
0.03353626512
-0.06363480623
-0.06016985818
-0.05707956703
-0.05374738635
-0.0524478245
-0.05366020467
-0.05734131927
-0.0631123655
-0.07023409516
-0.0777720089
-0.0844651427
-0.08876164557
-0.08887896457
-0.08282482767
-0.06884036113
-0.04561339015
-0.01374618088
0.02442195048
0.0555441735
0.07735932961
-0.08016788999
-0.07105838044
-0.06410685961
-0.05715265456
-0.05341856588
-0.05320043659
-0.05624072768
-0.06189233245
-0.06923493513
-0.0770923214
-0.08398911169
-0.08813205357
-0.08746503815
-0.07964700129
-0.06247512337
-0.03404999089
0.005561081895
0.05859530438
0.1058220828
0.1480663641
-0.1104930864
-0.08584243724
-0.07159723468
-0.05896406749
-0.05190640812
-0.04987353928
-0.0520895014
-0.05749175533
-0.06483972267
-0.07268768908
-0.07932046767
-0.08269732858
-0.08050880822
-0.06988085786
-0.04823131746
-0.01272556248
0.03823055789
0.1071269218
0.1779734733
0.2564710344
-0.1684268772
-0.09989987014
-0.07500327786
-0.05479492896
-0.04461571338
-0.04157948789
-0.04370801905
-0.04936776643
-0.05700024368
-0.06495248206
-0.07134419874
-0.07396534346
-0.07011845646
-0.05700806614
-0.031028028
0.011925753
0.07559320605
0.1663972205
0.2761548435
0.4376975854
-0.3984184022
-0.1380917731
-0.07496649437
-0.04708691858
-0.03354783981
-0.03002604731
-0.03279423146
-0.03925284069
-0.04754331743
-0.05592225204
-0.06248369508
-0.06501519706
-0.06098443367
-0.04696337958
-0.01875513745
0.02993310286
0.1069505199
0.2334209485
0.4198736223
0.7800170881
)


// ************************************************************************* //
