/*--------------------------------*- C++ -*----------------------------------*\
  =========                 |
  \\      /  F ield         | OpenFOAM: The Open Source CFD Toolbox
   \\    /   O peration     | Website:  https://openfoam.org
    \\  /    A nd           | Version:  13
     \\/     M anipulation  |
\*---------------------------------------------------------------------------*/
FoamFile
{
    format      ascii;
    class       scalarField;
    location    "31.98";
    object      p_all;
}
// * * * * * * * * * * * * * * * * * * * * * * * * * * * * * * * * * * * * * //


400
(
3.583917877e-07
-0.0005470926523
-0.0008891389224
-0.001016630032
-0.0009377839789
-0.0006849353768
-0.0002956373378
0.0001941135197
0.000747767941
0.00132482211
0.001879639837
0.002359381918
0.002708669207
0.002874409429
0.002815062734
0.002512627714
0.001987571935
0.00129703473
0.0006380984572
4.218840782e-05
0.000588561583
7.261352203e-06
-0.0003564740449
-0.0004987917167
-0.0004681390759
-0.0002910918067
2.983367699e-06
0.0003848185734
0.0008230100337
0.001280275198
0.001716748188
0.002081267295
0.002323469416
0.002396003772
0.002265010484
0.001921716103
0.001392858962
0.0007434852769
0.0001458283502
-0.0005168795784
0.0009528195459
0.0003084066864
-9.285962255e-05
-0.0002391864262
-0.0002330502153
-0.0001045427204
0.0001222848565
0.0004261497111
0.0007833369868
0.001161851609
0.001529885944
0.00183329907
0.002022152509
0.002047724664
0.001874889062
0.001493836154
0.0009285426524
0.0002355576583
-0.0004629273148
-0.001299919759
0.000976529534
0.0002583692306
-0.0001918957288
-0.0003442067074
-0.0003534695579
-0.0002564767744
-7.38777684e-05
0.0001817224754
0.0004967816551
0.0008510752323
0.00120342081
0.001510899547
0.001712706175
0.001748303671
0.001568823736
0.001150882602
0.0005063003196
-0.000318191255
-0.00123353912
-0.002384351752
0.0004808563534
-0.0002846123674
-0.000763513807
-0.0009152271657
-0.0009362666456
-0.0008678466107
-0.0007249347185
-0.0005079913436
-0.0002167428795
0.0001395611687
0.0005304940912
0.0009077891021
0.001200225186
0.001326916544
0.00121144731
0.0008006177196
8.037294881e-05
-0.0009172300531
-0.0021272256
-0.003655731289
-0.0006859911704
-0.001466771089
-0.001955806259
-0.002106855009
-0.002149639361
-0.002126298891
-0.00204192176
-0.001879295064
-0.001617172765
-0.00124513559
-0.0007787237322
-0.0002624733895
0.000220999265
0.0005618691082
0.000638226053
0.0003419328923
-0.0003926163886
-0.00156365299
-0.003134442231
-0.005141679254
-0.002661440161
-0.003423162484
-0.003915024467
-0.004080393459
-0.004177754851
-0.004246807419
-0.004277827716
-0.004228771823
-0.004047163779
-0.003689206563
-0.003140353443
-0.002426361381
-0.001633126701
-0.0009030639001
-0.0004244524422
-0.0003983075786
-0.0009878440458
-0.002260179003
-0.004232336985
-0.006827911419
-0.005554624051
-0.006269556086
-0.006767848637
-0.00698179357
-0.007195176322
-0.007443066669
-0.007696766346
-0.007881826654
-0.007901788035
-0.007660226418
-0.007086959512
-0.006159108279
-0.004943369396
-0.003604500294
-0.002413573747
-0.001714153401
-0.001842833672
-0.003014641243
-0.005368070334
-0.008661859081
-0.009434847196
-0.01008117765
-0.01059804857
-0.01091029138
-0.01132569382
-0.01187557276
-0.01251093997
-0.01311930359
-0.01354745336
-0.01362301727
-0.01318213767
-0.01212078528
-0.01042769918
-0.008256242982
-0.005956025607
-0.00406160796
-0.003189873435
-0.003842771106
-0.006426161228
-0.01049134416
-0.014316617
-0.01487560034
-0.01542258346
-0.01588182645
-0.01658966627
-0.01757979745
-0.01878665124
-0.02005877107
-0.02117724563
-0.02187328934
-0.02185706233
-0.0208719458
-0.01877161115
-0.01561979588
-0.01179478163
-0.008037054801
-0.005359620233
-0.004759881175
-0.007180899787
-0.01197897795
-0.02015411568
-0.0206043425
-0.02117452375
-0.02179652157
-0.02285187578
-0.02439013273
-0.02633899781
-0.02851337507
-0.03062730494
-0.0323032281
-0.03309497654
-0.03254042247
-0.03028220385
-0.02617841253
-0.02052462077
-0.0142036636
-0.008691284298
-0.005726362106
-0.007219011357
-0.01246615832
-0.02685612924
-0.02716189184
-0.02770232211
-0.02842272943
-0.02978892407
-0.03188885944
-0.03465864164
-0.03788939869
-0.04123367604
-0.04420479294
-0.04618785952
-0.04647850426
-0.04446280512
-0.03965975976
-0.0321207567
-0.02269849341
-0.01326631357
-0.00648568488
-0.00580838422
-0.01076498271
-0.03433448046
-0.03441789228
-0.03478922664
-0.03540430161
-0.03689160498
-0.03940975122
-0.04291979015
-0.04719742137
-0.051839812
-0.0562581239
-0.05967947806
-0.06119063961
-0.05977926559
-0.05465551676
-0.04544080157
-0.03269945289
-0.01845284397
-0.006245662514
-0.001673715547
-0.004873355126
-0.04260961983
-0.04227919084
-0.04219540694
-0.04229572121
-0.04351345949
-0.04611614712
-0.05009935735
-0.05522012579
-0.06101480883
-0.06679592336
-0.07163987238
-0.07441277693
-0.07383234223
-0.06867466759
-0.05807173692
-0.04206161636
-0.02243983293
-0.003257008089
0.007347278119
0.008341667676
-0.05201012677
-0.05076077977
-0.0496776012
-0.04857869744
-0.04892655637
-0.05111997598
-0.05517266459
-0.06079600997
-0.06743531866
-0.0742896914
-0.08028257798
-0.08407604167
-0.08413048535
-0.07883738212
-0.0668426538
-0.04752326823
-0.02212730081
0.005501959173
0.02471555758
0.03352759155
-0.06365572853
-0.0601890279
-0.05709717623
-0.05376422873
-0.05246536884
-0.05368002933
-0.05736486412
-0.06313805863
-0.07026252672
-0.07780099267
-0.08449269086
-0.08878591732
-0.08889825396
-0.08283954412
-0.06885064173
-0.04562067194
-0.01375135503
0.02441707787
0.05553983027
0.07735606704
-0.08018628832
-0.07107485165
-0.06412111776
-0.05716543005
-0.05343159063
-0.05321566863
-0.05625941586
-0.06191443193
-0.06925957189
-0.07711756081
-0.08401283129
-0.08815230169
-0.08748075071
-0.07965649142
-0.06247935533
-0.03405028081
0.005565095507
0.05859429233
0.1058233247
0.1480680308
-0.11050768
-0.08585499657
-0.07160697701
-0.05897202305
-0.05191443201
-0.04988417734
-0.05210398185
-0.05751013103
-0.06486095214
-0.07270983402
-0.07934125801
-0.08271456652
-0.08052031002
-0.06988722754
-0.04823230933
-0.01272235719
0.0382364123
0.1071323821
0.1779789448
0.2564767822
-0.1684378618
-0.0999091635
-0.07500926705
-0.0547989066
-0.04462006016
-0.04158659804
-0.04371923107
-0.04938316136
-0.05701881776
-0.06497238753
-0.07136325748
-0.0739815356
-0.07013034065
-0.05701383343
-0.03102844859
0.01192958041
0.07559976184
0.1664045269
0.2761623044
0.4377045688
-0.3984291382
-0.1381003081
-0.07497143
-0.04708945968
-0.03355054414
-0.03003135879
-0.03280356991
-0.03926638511
-0.04756017504
-0.05594072607
-0.06250173972
-0.06503080871
-0.06099605044
-0.04696985452
-0.01875665776
0.02993571199
0.1069559585
0.2334275431
0.4198804965
0.7800236788
)


// ************************************************************************* //
