/*--------------------------------*- C++ -*----------------------------------*\
  =========                 |
  \\      /  F ield         | OpenFOAM: The Open Source CFD Toolbox
   \\    /   O peration     | Website:  https://openfoam.org
    \\  /    A nd           | Version:  13
     \\/     M anipulation  |
\*---------------------------------------------------------------------------*/
FoamFile
{
    format      ascii;
    class       scalarField;
    location    "20.38";
    object      p_all;
}
// * * * * * * * * * * * * * * * * * * * * * * * * * * * * * * * * * * * * * //


400
(
1.006098087e-06
-0.000546072809
-0.0008878834859
-0.001015150772
-0.0009361095103
-0.0006831043611
-0.0002936976825
0.0001961271497
0.0007498548169
0.001327014037
0.001881978156
0.002361907597
0.00271141992
0.002877431653
0.002818416343
0.002516372922
0.001991737951
0.001301624654
0.0006429685087
4.724932741e-05
0.0005889966743
7.99618435e-06
-0.0003554972228
-0.0004976037299
-0.000466743012
-0.0002894784042
4.808919336e-06
0.0003868274753
0.0008251680122
0.001282573471
0.0017192143
0.002083953326
0.002326431249
0.00239928961
0.002268654916
0.001925740811
0.001397267491
0.0007482555237
0.0001508669107
-0.0005116664094
0.0009529858127
0.0003089144126
-9.207103661e-05
-0.0002381698239
-0.000231815257
-0.0001030742047
0.0001240116058
0.0004281454872
0.0007855915677
0.001164374186
0.001532585259
0.001836223464
0.002025345923
0.00205123975
0.001878768243
0.001498099492
0.0009331859742
0.0002405546413
-0.0004576627473
-0.001294404786
0.000976544093
0.0002587449948
-0.0001912056167
-0.0003432454605
-0.0003522302269
-0.0002549471382
-7.204242758e-05
0.0001838762149
0.0004992511387
0.0008538105726
0.001206458224
0.001514194905
0.001716265679
0.001752161459
0.001573022922
0.001155456875
0.0005112638415
-0.0003128458159
-0.001227864513
-0.002378288849
0.000480965787
-0.000284147579
-0.0007627374325
-0.000914155681
-0.000934844907
-0.0008660324737
-0.0007227118761
-0.000505365916
-0.000213735625
0.0001429099531
0.0005341477061
0.0009117051795
0.001204383658
0.001331324531
0.001216136388
0.0008056324194
8.575742894e-05
-0.0009114443797
-0.002121044811
-0.003649081841
-0.0006854790937
-0.00146591434
-0.001954645456
-0.002105379912
-0.002147744763
-0.002123894702
-0.002038965948
-0.001875800348
-0.001613193903
-0.001240753388
-0.0007740221825
-0.0002575334713
0.0002261158529
0.0005671339863
0.0006436516696
0.0003475721355
-0.0003866808602
-0.001557331284
-0.003127669911
-0.00513434345
-0.00266018005
-0.003421600316
-0.003913150366
-0.004078154179
-0.004174998867
-0.004243401
-0.004273697494
-0.004223922687
-0.004041675084
-0.003683212469
-0.003134013492
-0.002419829196
-0.001626536509
-0.0008965021488
-0.0004179402192
-0.000391788473
-0.0009811899181
-0.002253221358
-0.004224912342
-0.006819850352
-0.005552247038
-0.00626696896
-0.006764943826
-0.006978437856
-0.007191157153
-0.007438207186
-0.007690968659
-0.007875089947
-0.007894211701
-0.00765200016
-0.007078339817
-0.006150330329
-0.004934682694
-0.003596086505
-0.002405518296
-0.001706416471
-0.001835245616
-0.003006938919
-0.005359957875
-0.008653080895
-0.009431028347
-0.01007727164
-0.01059383473
-0.0109055286
-0.01132008667
-0.01186888816
-0.01250305517
-0.01311021944
-0.01353729363
-0.01361202276
-0.01317062738
-0.01210916762
-0.01041633001
-0.008245426367
-0.005945946739
-0.004052280019
-0.003181111168
-0.00383421948
-0.006417367472
-0.01048193012
-0.01431115701
-0.01487018119
-0.01541687839
-0.01587548485
-0.01658230318
-0.01757111109
-0.01877648609
-0.02004713482
-0.02116429573
-0.02185932266
-0.02184249104
-0.02085725619
-0.01875729463
-0.01560628686
-0.0117823848
-0.008025875218
-0.005349507203
-0.00475042642
-0.007171504725
-0.01196911844
-0.02014698465
-0.02059738099
-0.02116731169
-0.02178861712
-0.02284281987
-0.02437955731
-0.02632670743
-0.02849938501
-0.03061181901
-0.0322866052
-0.0330776973
-0.03252305426
-0.03026531618
-0.02616251698
-0.02051010804
-0.01419073595
-0.008679878815
-0.005716095631
-0.007209215239
-0.01245618826
-0.02684747244
-0.02715354369
-0.02769379264
-0.02841351123
-0.02977851077
-0.03187683729
-0.0346447789
-0.03787371605
-0.0412164319
-0.04418642912
-0.04616893728
-0.04645969623
-0.04444455369
-0.03964261148
-0.03210509732
-0.022684556
-0.01325412954
-0.00647498234
-0.005798566877
-0.01075539998
-0.0343246072
-0.03440847784
-0.03477976423
-0.03539424668
-0.03688041937
-0.03939699626
-0.04290521416
-0.04718105355
-0.05182195407
-0.05623931288
-0.0596603543
-0.06117178879
-0.05976135381
-0.05463887759
-0.04542566804
-0.03268593832
-0.018440981
-0.006235300595
-0.001664490462
-0.004864798011
-0.04259898391
-0.04226915557
-0.04218553834
-0.04228547871
-0.0435022612
-0.04610351405
-0.0500850241
-0.05520416008
-0.06099753721
-0.06677797016
-0.07162197894
-0.07439563142
-0.07381647974
-0.06866034508
-0.05805898106
-0.04205028269
-0.02242979886
-0.003248132058
0.007355073206
0.008348513959
-0.05199930325
-0.05075066693
-0.04966793208
-0.04856899828
-0.04891618043
-0.05110833672
-0.05515941281
-0.06078131006
-0.06741948319
-0.07427345361
-0.08026676108
-0.08406140758
-0.0841176098
-0.07882643537
-0.06683350223
-0.04751545593
-0.02212046259
0.00550809547
0.02472101593
0.03353212537
-0.06364539171
-0.0601794793
-0.05708835524
-0.05375577282
-0.05245656687
-0.05367011014
-0.05735316826
-0.06312532298
-0.07024851993
-0.07778673526
-0.08447911625
-0.08877388806
-0.08888856804
-0.08283202842
-0.06884524799
-0.04561672216
-0.01374843076
0.02441982584
0.0555423197
0.07735802711
-0.08017717011
-0.07106660608
-0.06411386649
-0.05715885156
-0.0534249083
-0.05320793804
-0.05625003782
-0.06190342979
-0.06924737415
-0.07710508851
-0.08400109109
-0.08814220988
-0.0874728023
-0.0796514805
-0.06247684403
-0.03404965758
0.005563662927
0.0585952108
0.1058231588
0.148067662
-0.1105003459
-0.08584864082
-0.07160189654
-0.05896770389
-0.05191006
-0.0498785849
-0.05209659025
-0.05750090909
-0.06485038793
-0.07269884445
-0.07933092225
-0.0827059196
-0.08051437334
-0.06988371877
-0.04823134907
-0.01272340423
0.03823410087
0.1071302307
0.1779767626
0.2564744698
-0.1684321719
-0.09990431881
-0.07500601554
-0.05479653548
-0.04461745862
-0.04158266684
-0.04371336595
-0.04937533781
-0.05700951212
-0.06496247077
-0.07135375701
-0.07397339994
-0.07012424705
-0.05701062845
-0.03102777912
0.01192822049
0.0755970885
0.166401476
0.2761591657
0.437701654
-0.398423542
-0.1380957432
-0.0749685895
-0.04708773763
-0.03354872386
-0.03002829204
-0.0327986004
-0.03925943854
-0.04755167274
-0.0559314687
-0.06249270435
-0.06502294893
-0.0609900993
-0.04696634476
-0.01875550324
0.02993490422
0.1069538035
0.2334248232
0.4198776345
0.7800209493
)


// ************************************************************************* //
