/*--------------------------------*- C++ -*----------------------------------*\
  =========                 |
  \\      /  F ield         | OpenFOAM: The Open Source CFD Toolbox
   \\    /   O peration     | Website:  https://openfoam.org
    \\  /    A nd           | Version:  13
     \\/     M anipulation  |
\*---------------------------------------------------------------------------*/
FoamFile
{
    format      ascii;
    class       scalarField;
    location    "0.14";
    object      p_all;
}
// * * * * * * * * * * * * * * * * * * * * * * * * * * * * * * * * * * * * * //


400
(
-1.191417551e-08
0.0005701374432
0.00159037154
0.003054905924
0.004800968311
0.006763546772
0.008891356411
0.01114218274
0.01347944148
0.01586982091
0.0182815844
0.02068340342
0.02304289154
0.02532543817
0.02749248582
0.02949913898
0.03129070817
0.03279763857
0.03385097382
0.03444087377
-0.0005166370808
6.753322699e-05
0.001002934946
0.00242914696
0.004181103117
0.006194462907
0.008409655224
0.01077608783
0.01324904228
0.01578739752
0.01835184123
0.02090332018
0.02340169172
0.02580417198
0.02806353816
0.0301258313
0.03192731918
0.03339835788
0.03436718453
0.03497197362
-0.001662412599
-0.0009050725339
8.080623867e-05
0.001582648373
0.003417551541
0.005533781698
0.007870464452
0.01037410826
0.01299621943
0.01569152481
0.01841636999
0.02112731842
0.02377968935
0.02632615771
0.02871514774
0.0308890439
0.03278197908
0.03433601976
0.03536047857
0.03614341257
-0.003491412345
-0.002530251121
-0.001442079658
0.0001993891109
0.002185759965
0.004478331069
0.007014952329
0.009739058898
0.01259763363
0.01554008861
0.01851704205
0.02147907997
0.02437549845
0.02715306847
0.02975481729
0.03211890918
0.03417692211
0.03588254497
0.03701794916
0.03801196913
-0.005967095508
-0.004790838395
-0.003550865683
-0.001704165959
0.000507092659
0.003052517915
0.005866973944
0.008890265318
0.01206474196
0.01533456009
0.01864469855
0.02193987476
0.02516334432
0.02825581881
0.03115448275
0.03379225294
0.0360958504
0.03802507265
0.03932579128
0.04054512093
-0.009145298886
-0.007751310147
-0.006321494628
-0.004212393194
-0.001703645657
0.001176811441
0.004358138216
0.007774628877
0.01136267006
0.01506012072
0.01880539985
0.02253641991
0.02618935298
0.02969754718
0.03299058532
0.03599363154
0.03862500757
0.04084365795
0.04235421571
0.04380532651
-0.01311289711
-0.01149706032
-0.00983805598
-0.007406073747
-0.004520399505
-0.001213280064
0.002435307875
0.006351530425
0.0104640001
0.01470300634
0.01899942339
0.02328343506
0.02748302032
0.03152261127
0.03532188265
0.03879483877
0.04184683484
0.04442759569
0.0461964857
0.04788884479
-0.01798926299
-0.01614437706
-0.01421167479
-0.01138839061
-0.008035607732
-0.004197351727
3.323444052e-05
0.004571019198
0.009334676115
0.01424550215
0.01922584653
0.02419731315
0.02907862256
0.03378363395
0.03821944265
0.0422847823
0.04586649067
0.04889528737
0.05098026112
0.05292879994
-0.02393099544
-0.02184505785
-0.01958431375
-0.0162870269
-0.012360159
-0.007868301729
-0.002922728338
0.00237643517
0.007935629788
0.01366594583
0.01948068101
0.02529259006
0.03101063962
0.0365368537
0.04176309986
0.04656816388
0.0508134529
0.05439854205
0.05687363281
0.0591020032
-0.03114149595
-0.0287946125
-0.02613543537
-0.02225886307
-0.01762614425
-0.01233355126
-0.006516880779
-0.0002954811683
0.006222733727
0.01293814391
0.01975556078
0.02657993536
0.03331134186
0.03983987767
0.04604020861
0.0517662428
0.05684528207
0.06112985485
0.06409549636
0.06664202805
-0.03988752789
-0.03724517982
-0.03409123954
-0.02949504292
-0.02398843198
-0.0177142326
-0.0108411709
-0.003512479305
0.004148125185
0.01203127448
0.02003587357
0.02806249062
0.03600570393
0.04374601489
0.05114078536
0.05801470522
0.06415041962
0.06933192563
0.07293158239
0.07586176614
-0.05052735149
-0.04752574188
-0.04373767423
-0.03822628973
-0.03162420054
-0.0241411966
-0.01598979158
-0.007341726348
0.001663628435
0.01091073288
0.02029846579
0.02973026783
0.03910282221
0.04829373346
0.05714699798
0.0654563781
0.0729483962
0.07930968663
0.08375886833
0.08719211715
-0.0635607176
-0.06007378997
-0.05543830835
-0.04872734478
-0.04072824189
-0.03174544151
-0.0220482162
-0.01184002221
-0.001272429553
0.009540756024
0.0205092374
0.03155223438
0.04258251376
0.05348869537
0.06411312676
0.07422398179
0.08348312509
0.09144352555
0.09708221249
0.1012513293
-0.0797206444
-0.07548567291
-0.06965804678
-0.06131765667
-0.05149984054
-0.04063888551
-0.02907333789
-0.01703679746
-0.00468320106
0.007890081474
0.02062135252
0.03346606823
0.04637585632
0.05927512202
0.07202996742
0.08440408579
0.0959996021
0.1061982984
0.1135878686
0.1189728775
-0.1001529412
-0.09459756956
-0.08699098134
-0.07635096392
-0.06411305286
-0.05087869878
-0.03705986779
-0.02290667603
-0.008553886114
0.005942364658
0.02057555521
0.03536654118
0.05033919873
0.06549298327
0.08076488978
0.09596643993
0.1106830795
0.1241126812
0.134222465
0.1418610411
-0.1268045498
-0.1186276239
-0.1081898998
-0.09418066325
-0.07865723492
-0.06240585249
-0.04588759033
-0.02932884421
-0.01280331464
0.003713079295
0.02030509385
0.03709570034
0.05422392898
0.07181965442
0.08996720585
0.1086323484
0.1275185682
0.1457353974
0.1603209661
0.1725371795
-0.1632081185
-0.1493726824
-0.1341559718
-0.1150547704
-0.09500736319
-0.07492870998
-0.05523066539
-0.03602210908
-0.01724069846
0.001275913919
0.01974733761
0.03843603222
0.05764104901
0.07769025794
0.09891796658
0.1216226185
0.1459457813
0.1713099337
0.1935462823
0.2155097096
-0.217298231
-0.1896326025
-0.1659117531
-0.1389147979
-0.1125861034
-0.08772787718
-0.0644194829
-0.04245160295
-0.02150126691
-0.001188320912
0.01888932743
0.03914962041
0.06008355379
0.0822774729
0.1064004031
0.1332836208
0.1640329105
0.1993080795
0.2341725098
0.2781767956
-0.3032729725
-0.2381440214
-0.1998426414
-0.1621903906
-0.1283319695
-0.09839740619
-0.07167386477
-0.04735549531
-0.02473841728
-0.003175924692
0.01792426339
0.03911492221
0.06105210462
0.08454879238
0.1106362435
0.1407658107
0.1776238696
0.2251567492
0.2819845493
0.392330704
-0.559801796
-0.3098209716
-0.2318134239
-0.1792988754
-0.1371922407
-0.1031191902
-0.07431093383
-0.04891307313
-0.02574111914
-0.003912157174
0.01730513665
0.03860454503
0.06076353752
0.08486685321
0.1125919454
0.1471145783
0.1947677183
0.2705073189
0.3890418512
0.6910731401
)


// ************************************************************************* //
