/*--------------------------------*- C++ -*----------------------------------*\
  =========                 |
  \\      /  F ield         | OpenFOAM: The Open Source CFD Toolbox
   \\    /   O peration     | Website:  https://openfoam.org
    \\  /    A nd           | Version:  13
     \\/     M anipulation  |
\*---------------------------------------------------------------------------*/
FoamFile
{
    format      ascii;
    class       vectorField;
    location    "31.85";
    object      U_all;
}
// * * * * * * * * * * * * * * * * * * * * * * * * * * * * * * * * * * * * * //


400
(
(1.097155138e-05 -3.785521669e-05 0)
(-0.0006661315609 0.0004130380451 -1.549057556e-23)
(-0.002185382154 0.0009203913556 0)
(-0.004047829588 0.001312776526 0)
(-0.005971857038 0.001535060186 6.842339093e-25)
(-0.007762767455 0.001569843057 4.151623584e-24)
(-0.009284526618 0.001423561492 -7.363404498e-24)
(-0.01043591985 0.001119723951 7.540928716e-24)
(-0.0111367897 0.0006960843806 -2.096208669e-25)
(-0.01132708533 0.0002030787474 -3.99587757e-24)
(-0.0109717484 -0.0003002335042 5.804922773e-24)
(-0.01007230894 -0.0007475165644 -5.93060141e-23)
(-0.008679867917 -0.001075562015 -6.553740107e-23)
(-0.006902847224 -0.001233042636 -7.78539092e-23)
(-0.004910737167 -0.001192636734 4.574257468e-24)
(-0.002927234176 -0.0009619200023 -4.138617401e-24)
(-0.001205303061 -0.0005912131806 -1.999201545e-22)
(-1.907216446e-05 -0.0001698857691 0)
(0.0005181518945 0.0001720826159 1.511396944e-25)
(0.0002227510975 0.0003059775335 -2.575994439e-24)
(-0.0002633787475 0.0008289349284 1.384765881e-25)
(-0.002703317789 0.003383819286 1.558815608e-23)
(-0.00690727255 0.005604478613 1.551839327e-25)
(-0.01195229744 0.007008183682 -8.488621874e-25)
(-0.01713500253 0.00755375105 1.161139068e-24)
(-0.02197529581 0.007294176415 1.305844682e-23)
(-0.02611069129 0.006321876773 1.398808154e-24)
(-0.02926557273 0.004754184221 -7.292395029e-24)
(-0.03122665469 0.002737151159 1.015762967e-23)
(-0.0318419361 0.0004524111762 4.511415149e-24)
(-0.03102754509 -0.001884135568 -6.320307403e-24)
(-0.0287931052 -0.004023017809 2.961526652e-24)
(-0.02527133489 -0.005708340898 3.896076369e-23)
(-0.02073191537 -0.006707395329 -1.95510714e-24)
(-0.01558960841 -0.00685412798 3.755168387e-24)
(-0.01038512852 -0.006097457254 -9.743342308e-23)
(-0.005730273981 -0.004546186202 9.640019423e-23)
(-0.002233370519 -0.002507424236 -3.964936104e-25)
(-0.0001817764896 -0.0005023796386 4.064932516e-25)
(8.343657106e-05 0.0006099209045 0)
(-0.0004188259513 0.002935059976 -2.912179912e-25)
(-0.004647871706 0.008803977521 1.704395741e-23)
(-0.01137193735 0.01324037608 -8.261766547e-24)
(-0.01932724443 0.01579199037 -2.071964337e-25)
(-0.02747404462 0.01652995063 2.035488633e-25)
(-0.03511769089 0.01564437078 7.158661196e-27)
(-0.04171333043 0.01335993772 -1.230973344e-24)
(-0.04683558694 0.009919745424 -4.55807788e-25)
(-0.0501497555 0.005602424268 -1.063607834e-23)
(-0.0514121895 0.0007444289714 0)
(-0.050477813 -0.004241757532 0)
(-0.04733695755 -0.008887154093 2.671571519e-23)
(-0.04215919161 -0.01268173154 2.813550291e-23)
(-0.03531430733 -0.01513601373 -1.646514272e-24)
(-0.02738991747 -0.01586186195 4.847047609e-23)
(-0.0191700336 -0.01467331654 9.421574942e-23)
(-0.01156089632 -0.01169358994 3.978083551e-23)
(-0.005465407954 -0.007450740492 4.149545664e-25)
(-0.001451097794 -0.002936048774 1.069848214e-25)
(-9.072546631e-05 0.0002258700762 0)
(-0.0005024639471 0.006045326134 -4.251136394e-23)
(-0.006402726009 0.01637069526 -1.69461682e-23)
(-0.01553498215 0.02355925274 8.188631688e-24)
(-0.02627904654 0.02744153572 0)
(-0.03728736183 0.02832093557 0)
(-0.0476902397 0.02658765088 0)
(-0.05679647023 0.02263114527 -4.501392978e-26)
(-0.06405366229 0.01683605493 -2.130907047e-24)
(-0.06901062851 0.009622169417 0)
(-0.07130809431 0.001491061386 1.636776515e-24)
(-0.0707083621 -0.006936468043 2.803598391e-25)
(-0.06713023944 -0.0149301327 -2.811448401e-25)
(-0.06069892476 -0.0216672133 0)
(-0.05180740063 -0.02631598546 4.134392865e-23)
(-0.04114984003 -0.02816064154 -4.682725396e-23)
(-0.02971965205 -0.02677366759 -2.76316503e-23)
(-0.01873713817 -0.02221526824 -3.963266622e-23)
(-0.009488014214 -0.01521920456 7.795932812e-25)
(-0.002976874788 -0.00729819396 9.787849426e-23)
(-0.000231878111 -0.0008661744767 0)
(-0.0005316132651 0.01009498211 4.271811162e-23)
(-0.007983572349 0.02595210902 4.781676858e-25)
(-0.01939681917 0.03642870756 -4.672464922e-25)
(-0.03282372883 0.04185507243 0)
(-0.04664675545 0.04289472168 7.779441508e-25)
(-0.05985212788 0.04020062771 -7.671576723e-25)
(-0.07163271702 0.03434733115 3.6712039e-23)
(-0.08132729494 0.02585658752 1.847070953e-23)
(-0.08836578107 0.01527296487 6.235859877e-24)
(-0.0922544638 0.003246163954 -1.638683382e-24)
(-0.09260357504 -0.009407781554 0)
(-0.08917535071 -0.02167470025 4.372314046e-25)
(-0.08195961435 -0.03236734986 1.009577099e-23)
(-0.07126870795 -0.04021239116 -4.350495508e-23)
(-0.05782007627 -0.04402035621 1.933617575e-24)
(-0.04278575173 -0.04294820149 4.219645061e-23)
(-0.02775445498 -0.0368334015 -3.845575142e-25)
(-0.01455059756 -0.02652717091 0)
(-0.004859453032 -0.01408453301 5.43653458e-23)
(-0.0003641466657 -0.002846957003 -2.564820581e-22)
(-0.0005272204171 0.01499922753 9.839184199e-23)
(-0.009377900313 0.03739010336 -4.905962466e-25)
(-0.02288176491 0.05170206784 0)
(-0.03883032766 0.05894165139 0)
(-0.05538641582 0.06025557047 -8.730967398e-23)
(-0.07142857557 0.05661885687 -8.497978167e-23)
(-0.08606631873 0.04880156936 -4.066352479e-23)
(-0.09855061402 0.03743973062 -1.503821963e-23)
(-0.1081942708 0.02315981276 -5.366248099e-24)
(-0.1143442078 0.006709700178 -8.173540487e-24)
(-0.1164043612 -0.0109328558 6.599588224e-24)
(-0.1138934961 -0.02848934606 8.823919172e-24)
(-0.1065484794 -0.04437032907 -1.892308234e-23)
(-0.09446785527 -0.05675318786 4.596212623e-24)
(-0.07826842254 -0.06378283584 0)
(-0.05922884816 -0.06393481835 -1.574105482e-23)
(-0.03933975029 -0.05653805605 -2.390767567e-26)
(-0.02114185077 -0.0423580228 0)
(-0.007318689186 -0.02398226487 -1.520391523e-22)
(-0.0005216148072 -0.005925543411 6.05574991e-22)
(-0.0004990807173 0.02064567917 -9.77215846e-23)
(-0.01052948261 0.05045422452 2.831745773e-22)
(-0.02582950971 0.06912490876 1.52674375e-22)
(-0.04402127352 0.07849235203 3.618917031e-24)
(-0.06310723677 0.08029454402 -7.319301523e-23)
(-0.08190385445 0.07588023615 9.042361744e-23)
(-0.09947740608 0.06621675635 -3.589856047e-24)
(-0.1150224812 0.05201685293 -1.728988491e-24)
(-0.1277516448 0.03392354576 2.523888775e-24)
(-0.1368469796 0.01270235233 7.381264878e-24)
(-0.1414707739 -0.01058774651 -6.499422297e-24)
(-0.1408245519 -0.03446011786 -9.785069172e-24)
(-0.1342743525 -0.05692755284 -3.261764708e-23)
(-0.1215448109 -0.07553297357 -3.659684525e-23)
(-0.1029670916 -0.08754240976 5.642301184e-25)
(-0.07976356811 -0.09039191279 0)
(-0.05426673718 -0.08244498486 0)
(-0.02987156078 -0.06397726266 -2.905665964e-24)
(-0.01066283363 -0.03798789385 2.970106351e-24)
(-0.0007350920024 -0.01050088504 1.027869116e-22)
(-0.0004479154657 0.02687243123 0)
(-0.01134920743 0.06480738385 2.001971666e-22)
(-0.02801593668 0.08829591952 8.962060633e-23)
(-0.04799847183 0.1001232208 0)
(-0.06920587627 0.1027073919 1.569768249e-22)
(-0.09044354956 0.09781555638 0)
(-0.1107829529 0.08661085061 -1.428325751e-22)
(-0.1294091358 0.06983938496 6.515193933e-24)
(-0.1454769054 0.04808227059 0)
(-0.1580349139 0.02201757311 0)
(-0.1660130773 -0.007334356545 -1.374317039e-24)
(-0.168266895 -0.03838825525 -9.315849181e-25)
(-0.1637062252 -0.06883956855 1.491858352e-22)
(-0.1515206566 -0.09558253409 -4.704641143e-23)
(-0.1315132694 -0.1148296271 -2.560597885e-24)
(-0.1045594619 -0.1225701088 1.534349731e-24)
(-0.0730933974 -0.1155515948 -1.558552996e-24)
(-0.04135015674 -0.09283100655 0)
(-0.01525228076 -0.05740759309 3.203606282e-24)
(-0.00104430729 -0.01714712368 -1.012860993e-21)
(-0.0003744669844 0.03346295391 0)
(-0.01175004286 0.07998896916 -1.128173395e-22)
(-0.02920703219 0.1086388052 -6.190910621e-22)
(-0.05031736825 0.1232230856 -3.755186694e-22)
(-0.07296305724 0.1269094022 0)
(-0.09598945272 0.1219253016 4.11933319e-22)
(-0.1185271721 0.1096346591 1.260869716e-22)
(-0.1398144447 0.09078232205 -5.58164294e-24)
(-0.1590219427 0.06581386942 5.554016806e-24)
(-0.1751458793 0.03520882437 0)
(-0.1869557746 -0.0001966611976 2.912049788e-23)
(-0.193017044 -0.03889739163 4.69564306e-24)
(-0.1917807795 -0.07843867818 -1.076745667e-22)
(-0.1817872471 -0.1151862892 8.003603216e-23)
(-0.1620568697 -0.144259674 -2.419619801e-22)
(-0.1327060569 -0.1598545889 0)
(-0.09577877615 -0.1563110402 0)
(-0.05601626684 -0.1302979142 0)
(-0.0214785657 -0.08381123389 0)
(-0.001500382457 -0.02665512831 5.571851313e-22)
(-0.0002873918569 0.04016067809 0)
(-0.01169358838 0.09543587923 -3.492897851e-22)
(-0.02924435647 0.1294070491 8.932554974e-22)
(-0.05060942201 0.1469295758 3.617062828e-22)
(-0.07370075057 0.1519745391 0)
(-0.09745141315 0.1472755102 -3.862438522e-22)
(-0.1211068677 0.1344189714 -3.174353209e-23)
(-0.1440323495 0.1141391827 3.33303943e-22)
(-0.1655141856 0.08669999678 1.769441203e-22)
(-0.1846247091 0.05229124539 -4.060079051e-23)
(-0.200132436 0.01141724805 1.65681829e-23)
(-0.2104620992 -0.03471408709 -8.265042164e-24)
(-0.2137207094 -0.0837654234 3.371789021e-22)
(-0.2078214102 -0.131875376 0)
(-0.1908237217 -0.173275324 2.420788766e-22)
(-0.1616334562 -0.2002590389 5.774379569e-24)
(-0.1211661747 -0.2040118865 -5.860492649e-24)
(-0.07384983565 -0.177211761 1.548313529e-22)
(-0.02971784054 -0.1188640811 -5.435047278e-24)
(-0.002179542474 -0.04005393784 0)
(-0.000211722554 0.04671629811 0)
(-0.01125001409 0.1105495696 0)
(-0.02815624365 0.149735176 -5.022637295e-22)
(-0.04874478222 0.1701514067 -1.880959197e-23)
(-0.0710008441 0.1766253738 2.038339245e-23)
(-0.09399448303 0.1724523547 -2.014272208e-23)
(-0.1171433918 0.159486868 -2.316843341e-23)
(-0.1400179093 0.1384803554 -3.029763781e-22)
(-0.1621328478 0.1095160012 6.698605161e-23)
(-0.1827958636 0.0724518803 4.513094678e-23)
(-0.2009835167 0.02734937393 -4.577636411e-23)
(-0.2152269867 -0.0250868261 0)
(-0.2235561778 -0.08298330665 -7.839356286e-23)
(-0.2234631691 -0.1427254811 0)
(-0.2120678841 -0.1981818025 -3.739490468e-22)
(-0.1867433898 -0.2400770653 5.244816507e-22)
(-0.146443767 -0.256077041 0)
(-0.09394562735 -0.2331206885 -1.493863771e-22)
(-0.04021998359 -0.1639611849 1.937415178e-22)
(-0.003201097189 -0.05861056694 -3.411395196e-22)
(-0.0002015440969 0.0529757536 0)
(-0.01067263365 0.1248170019 9.182737436e-22)
(-0.02628449342 0.1687421389 -2.440646129e-23)
(-0.04501111183 0.1916451642 9.193207627e-22)
(-0.06494601329 0.199291768 -2.512047033e-23)
(-0.0853663283 0.1956101396 2.838803817e-23)
(-0.105930614 0.1827884594 -2.812890245e-23)
(-0.1264924757 0.1616582052 -1.660897096e-23)
(-0.1468997503 0.132176167 -5.260165117e-22)
(-0.1668458893 0.09389648219 -8.906522362e-24)
(-0.1857303813 0.04640584889 9.660087403e-24)
(-0.2024782481 -0.01023770304 3.313046377e-22)
(-0.215415534 -0.0749980112 -5.820673179e-22)
(-0.2220210287 -0.1450309538 0)
(-0.218803245 -0.2146758014 8.887188178e-22)
(-0.2016257613 -0.2740013598 -4.940757462e-22)
(-0.1668639058 -0.3075809057 -1.572180981e-23)
(-0.1140219848 -0.2953809228 0)
(-0.05288480051 -0.2195800579 -1.89005114e-22)
(-0.004749185108 -0.08377270178 3.360455293e-22)
(-0.0003642024219 0.05902309184 1.550990221e-23)
(-0.01049576583 0.1379879336 -8.76407128e-22)
(-0.02441394888 0.1856801129 -1.157045532e-21)
(-0.04026732204 0.2101381463 -8.628864534e-22)
(-0.05630739469 0.2182345735 0)
(-0.0721486827 0.2146187537 3.513764557e-23)
(-0.08779235072 0.201878989 -7.294784839e-23)
(-0.1034564301 0.1810004328 5.867822586e-23)
(-0.1193985533 0.1518996761 3.021334138e-22)
(-0.135793333 0.1139150831 -1.128185154e-23)
(-0.1526084184 0.06621433856 0)
(-0.1694523244 0.008177341247 -3.603895145e-22)
(-0.1852762379 -0.06015970301 7.515604498e-22)
(-0.1980450107 -0.1372745013 8.83163325e-22)
(-0.2043547548 -0.218925968 -5.296559485e-22)
(-0.1990978504 -0.2959710516 5.162624134e-22)
(-0.1760605802 -0.351407005 1.078191894e-23)
(-0.1300890748 -0.3584148291 -1.095506275e-23)
(-0.06688802628 -0.2843274493 -8.216634586e-23)
(-0.007083317644 -0.116996355 0)
(-0.0009095821611 0.06540034679 -1.911466619e-23)
(-0.0116759534 0.1502814579 -1.326952811e-21)
(-0.02388889736 0.2000656968 1.094224729e-21)
(-0.03601352061 0.2244214052 6.734862725e-22)
(-0.04657323942 0.2316585414 6.014572325e-22)
(-0.05577056763 0.2272391275 6.64389292e-22)
(-0.06411266557 0.2141773082 -4.458636262e-23)
(-0.07227584548 0.1936493328 -3.461308338e-22)
(-0.08096997492 0.165602801 2.152145811e-22)
(-0.09087217973 0.1292707724 0)
(-0.1025550072 0.0835309164 0)
(-0.1163624757 0.02720023815 2.655380526e-22)
(-0.1321592056 -0.04061990528 8.194340817e-23)
(-0.1489254609 -0.1200126632 -2.821592486e-22)
(-0.1641286253 -0.2089298932 -5.411230811e-23)
(-0.1727879157 -0.3006990651 1.301951162e-22)
(-0.1670312332 -0.3793327111 -3.400438008e-22)
(-0.1365292945 -0.4136449909 -1.594478251e-23)
(-0.08018251207 -0.3538324375 8.205405463e-23)
(-0.01050762227 -0.1594129685 -6.032285648e-22)
(-0.002260503107 0.07348878752 0)
(-0.01580359905 0.1626520375 2.14585518e-21)
(-0.02665051889 0.211790266 0)
(-0.03422354132 0.2333944867 -1.351795368e-21)
(-0.03759417776 0.2377764458 6.184069889e-23)
(-0.0379970852 0.231255149 -6.193034538e-22)
(-0.03668292189 0.2171897517 -4.756244187e-22)
(-0.03489064779 0.1968933668 8.301187407e-22)
(-0.03378867689 0.1703342214 -1.885683441e-22)
(-0.03449906696 0.1367221498 0)
(-0.03811602758 0.09479682508 0)
(-0.04565021602 0.0430429858 2.410621745e-23)
(-0.05790832019 -0.02013767659 -6.007162262e-22)
(-0.07514624129 -0.0962063641 -4.309539048e-22)
(-0.09645197612 -0.1855554828 4.637832994e-22)
(-0.1183464481 -0.2853566446 -6.488668769e-22)
(-0.1332716761 -0.3838385145 9.119867838e-23)
(-0.12653518 -0.4504357244 2.93800131e-23)
(-0.08899156885 -0.4198534929 5.660501606e-22)
(-0.01526918094 -0.2111718929 6.020918153e-22)
(-0.005180903449 0.08598043491 0)
(-0.02525554997 0.1766290283 1.465580409e-22)
(-0.034834178 0.2205960069 -4.917105348e-23)
(-0.03640029618 0.2354857537 7.64286413e-22)
(-0.03018504293 0.2343404914 -7.005315462e-22)
(-0.01916605261 0.2241602279 4.746441259e-23)
(-0.005615438915 0.2083524663 -1.018602809e-22)
(0.008569299463 0.1881240434 -3.389861989e-22)
(0.02179854362 0.1633911159 2.062808579e-22)
(0.03262750022 0.1333243114 0)
(0.03958428265 0.09664093862 0)
(0.04116984769 0.05174066594 -2.902651697e-22)
(0.03578457369 -0.003255286623 0)
(0.02198160586 -0.07058349833 -5.51215815e-22)
(-0.001265059332 -0.1525734503 -1.492359782e-23)
(-0.03310487859 -0.2505948948 2.559705211e-23)
(-0.06909250193 -0.3599340643 2.203083031e-22)
(-0.09227836417 -0.4575423672 4.78845408e-24)
(-0.0871809375 -0.4698128458 -5.789473947e-22)
(-0.02103127553 -0.2698971671 0)
(-0.0111163174 0.108597494 0)
(-0.04248905291 0.194715124 -8.848419015e-22)
(-0.04795537462 0.2258194619 -5.411005749e-22)
(-0.03919550273 0.228213435 4.543783699e-22)
(-0.01877850184 0.2182326841 -1.709988727e-24)
(0.007664068041 0.2028219182 -4.561012531e-23)
(0.03667965538 0.1847618885 5.696635406e-22)
(0.06582968837 0.1647117693 -2.766870455e-23)
(0.0932710059 0.142312807 -2.0697674e-22)
(0.1173888653 0.1166275212 3.14219364e-23)
(0.13654589 0.08641149692 -3.425897546e-23)
(0.1489666708 0.05017676844 -3.690575191e-23)
(0.1525273497 0.006159253665 3.205617004e-22)
(0.1449365038 -0.04796118671 6.119573811e-22)
(0.1235158067 -0.1153052189 -5.101140043e-22)
(0.08633519191 -0.2004195079 -1.616031815e-22)
(0.03199076813 -0.3067806145 1.53133394e-22)
(-0.02362132087 -0.4239836693 7.293687849e-23)
(-0.06492416686 -0.4871612275 1.913296656e-21)
(-0.02509972206 -0.3291544341 2.954997171e-21)
(-0.02004680318 0.1460727505 -4.390188277e-23)
(-0.06416407741 0.2112955769 4.417360908e-23)
(-0.05070235594 0.2177300079 1.000182641e-21)
(-0.01934106908 0.201467932 -8.270466493e-24)
(0.02414450561 0.1809075394 0)
(0.0715410325 0.1606932593 4.363685472e-23)
(0.1190701188 0.1416494894 -2.273833151e-22)
(0.1644764902 0.1233181451 -9.027882136e-23)
(0.2062248649 0.1048117192 3.680706093e-23)
(0.2429640566 0.0850714163 -1.701644872e-23)
(0.2732205282 0.0629615133 3.429950831e-23)
(0.295253406 0.03726298871 -6.59264405e-23)
(0.3066969274 0.006535124336 -9.303866486e-23)
(0.3049736803 -0.03087764645 1.517033916e-22)
(0.2863935018 -0.07786286479 0)
(0.2470567101 -0.1399300057 1.505581611e-22)
(0.1810921437 -0.2266299609 2.560016878e-22)
(0.09604444262 -0.3443894768 0)
(-0.00669764651 -0.4552210026 -3.675643099e-21)
(-0.01922408704 -0.3777537411 -2.892626456e-21)
(-0.02591950949 0.2276828909 -9.514191018e-22)
(-0.03998323967 0.2238216596 -1.388970819e-22)
(0.03656136384 0.181058527 -2.335567208e-22)
(0.1090502737 0.1451058849 -1.193734779e-22)
(0.1817190545 0.1172445158 -4.295791897e-23)
(0.2490089723 0.09627904141 9.783078002e-23)
(0.3100335376 0.08002507516 -1.408578115e-22)
(0.3646207776 0.06656813486 1.297164267e-22)
(0.4126250815 0.05449178337 -8.62005469e-23)
(0.4536248617 0.04270895648 1.132184881e-25)
(0.4867877141 0.03032300189 1.527732514e-23)
(0.5107449963 0.01652904306 7.997159024e-23)
(0.5236596296 0.0005365398555 -1.811113256e-22)
(0.5231797127 -0.01863370791 -1.617136025e-22)
(0.5052322766 -0.04286476978 -4.262887849e-23)
(0.4658714619 -0.07633229941 0)
(0.395269616 -0.1286089345 -1.846493558e-22)
(0.2916070793 -0.2208468085 8.148779702e-22)
(0.1197454951 -0.352501689 1.631604245e-21)
(0.02670546868 -0.3775497955 2.172657229e-21)
(0.2142894507 0.1347447238 9.864974458e-22)
(0.2776311307 0.09870503958 0)
(0.431659243 0.05810414986 -2.594306864e-22)
(0.5304749414 0.03846264848 -1.741653139e-22)
(0.6016965669 0.02623418829 0)
(0.6571198689 0.01831923147 -6.009025216e-23)
(0.7015213152 0.01313600599 6.377933041e-23)
(0.7376041912 0.009542125451 -1.800138883e-23)
(0.7669367753 0.006804464671 2.88594751e-23)
(0.7902106017 0.004464746788 2.315015066e-23)
(0.8074554404 0.002221324082 0)
(0.8182620859 -0.0001500700377 -2.873015026e-23)
(0.8216499359 -0.002723843228 0)
(0.8162393987 -0.005712664898 2.738117839e-23)
(0.7991333056 -0.009611380638 1.421660162e-23)
(0.7679986332 -0.01500255048 -5.799435162e-23)
(0.7106555772 -0.02502520052 -2.535670395e-22)
(0.623518399 -0.04204285522 -6.918114486e-22)
(0.4230091017 -0.09182968199 0)
(0.2705674685 -0.1524021846 -2.119485062e-21)
)


// ************************************************************************* //
