/*--------------------------------*- C++ -*----------------------------------*\
  =========                 |
  \\      /  F ield         | OpenFOAM: The Open Source CFD Toolbox
   \\    /   O peration     | Website:  https://openfoam.org
    \\  /    A nd           | Version:  13
     \\/     M anipulation  |
\*---------------------------------------------------------------------------*/
FoamFile
{
    format      ascii;
    class       vectorField;
    location    "29.88";
    object      U_all;
}
// * * * * * * * * * * * * * * * * * * * * * * * * * * * * * * * * * * * * * //


400
(
(1.095612501e-05 -3.786510823e-05 0)
(-0.0006661466688 0.0004130348689 -1.548112062e-23)
(-0.00218538131 0.0009203880464 0)
(-0.004047820404 0.001312772774 0)
(-0.005971839656 0.001535056772 6.84095067e-25)
(-0.007762741836 0.001569838991 4.152302474e-24)
(-0.009284494601 0.001423555678 -7.359571388e-24)
(-0.01043588522 0.001119716972 7.545031765e-24)
(-0.0111367564 0.0006960785729 -2.096636362e-25)
(-0.01132705552 0.0002030764704 -3.996460952e-24)
(-0.01097172237 -0.0003002317011 5.805576796e-24)
(-0.01007228664 -0.0007475122252 -5.931106364e-23)
(-0.0086798502 -0.00107555747 -6.554234045e-23)
(-0.006902835749 -0.001233039554 -7.785860942e-23)
(-0.004910733153 -0.001192635462 4.574569781e-24)
(-0.002927237206 -0.000961920029 -4.138953022e-24)
(-0.001205311088 -0.0005912140115 -1.999421345e-22)
(-1.908162208e-05 -0.0001698870965 0)
(0.0005181445647 0.0001720809091 1.51219655e-25)
(0.0002227486956 0.000305976447 -2.586270274e-24)
(-0.0002633856489 0.0008289184574 1.385514557e-25)
(-0.002703316821 0.003383801271 1.557854014e-23)
(-0.006907251404 0.0056044532 1.550395549e-25)
(-0.01195225524 0.007008154906 -8.485419683e-25)
(-0.01713494148 0.00755372362 1.16066175e-24)
(-0.02197521813 0.007294152635 1.305379695e-23)
(-0.02611059879 0.00632185687 1.40374734e-24)
(-0.02926546884 0.004754168598 -7.296381542e-24)
(-0.03122654585 0.002737141807 1.015963632e-23)
(-0.0318418306 0.0004524106654 4.512088266e-24)
(-0.03102745034 -0.001884125697 -6.321018416e-24)
(-0.02879302601 -0.004022999513 2.961585766e-24)
(-0.02527127336 -0.005708318211 3.896323064e-23)
(-0.02073187184 -0.006707372784 -1.955274531e-24)
(-0.01558958218 -0.006854109078 3.755506206e-24)
(-0.01038511795 -0.006097444 -9.744506217e-23)
(-0.00573027586 -0.004546179575 9.641162428e-23)
(-0.002233379283 -0.002507424161 -3.966640281e-25)
(-0.0001817853246 -0.0005023845101 4.066678991e-25)
(8.343382736e-05 0.0006099170994 0)
(-0.0004188264895 0.002935044814 -2.912943722e-25)
(-0.004647858458 0.008803940052 1.705426917e-23)
(-0.01137189527 0.0132403197 -8.252573518e-24)
(-0.01932716761 0.01579192324 -2.070589732e-25)
(-0.02747393475 0.01652988308 2.034138015e-25)
(-0.03511755368 0.01564431235 7.324139647e-27)
(-0.04171317273 0.01335989452 -1.235731213e-24)
(-0.04683541556 0.00991971966 -4.561352209e-25)
(-0.05014957779 0.005602415922 -1.063817895e-23)
(-0.0514120134 0.0007444378427 0)
(-0.05047764776 -0.00424173242 0)
(-0.04733681219 -0.008887114575 2.671831782e-23)
(-0.04215907216 -0.01268168196 2.813809247e-23)
(-0.03531421667 -0.01513596069 -1.646691466e-24)
(-0.02738985532 -0.01586181298 4.847651644e-23)
(-0.01916999739 -0.01467327825 9.422704846e-23)
(-0.01156088174 -0.01169356656 3.979251897e-23)
(-0.005465408237 -0.007450732856 4.153129197e-25)
(-0.001451103553 -0.002936053235 1.068026571e-25)
(-9.07275892e-05 0.0002258642038 0)
(-0.0005024621336 0.006045298813 -4.252039456e-23)
(-0.006402701167 0.01637062569 -1.695647879e-23)
(-0.01553492033 0.02355915486 8.179457984e-24)
(-0.02627893961 0.02744142321 0)
(-0.03728720971 0.02832082194 0)
(-0.04769004832 0.02658754932 0)
(-0.05679624948 0.02263106712 -4.517083272e-26)
(-0.06405342331 0.01683600766 -2.128242172e-24)
(-0.06901038171 0.009622155845 0)
(-0.07130785 0.001491080568 1.637392667e-24)
(-0.07070813 -0.006936420423 2.803948627e-25)
(-0.06713002864 -0.01493006219 -2.8117996e-25)
(-0.06069874376 -0.02166712757 0)
(-0.05180725523 -0.026315894 4.134935134e-23)
(-0.04114973243 -0.02816055502 -4.683311789e-23)
(-0.02971958101 -0.02677359633 -2.763805435e-23)
(-0.01873709949 -0.02221521999 -3.964451931e-23)
(-0.009488000371 -0.01521918202 7.795954229e-25)
(-0.002976874578 -0.007298192584 9.786578434e-23)
(-0.0002318792318 -0.0008661806535 0)
(-0.0005316099044 0.01009493759 4.272720265e-23)
(-0.007983537871 0.02595199655 4.780107132e-25)
(-0.01939673938 0.03642855504 -4.670931283e-25)
(-0.0328235966 0.04185490364 0)
(-0.04664657041 0.04289455601 7.778022463e-25)
(-0.05985189507 0.04020048119 -7.670177189e-25)
(-0.07163244627 0.0343472172 3.67074768e-23)
(-0.08132699922 0.02585651628 1.846567526e-23)
(-0.08836547386 0.01527294192 6.234503378e-24)
(-0.09225415759 0.003246189448 -1.639300249e-24)
(-0.09260328096 -0.009407711813 0)
(-0.08917507892 -0.02167459488 4.373081486e-25)
(-0.08195937426 -0.03236722035 1.009844497e-23)
(-0.07126850725 -0.04021225111 -4.351072248e-23)
(-0.05781991993 -0.04402022043 1.933986645e-24)
(-0.04278564128 -0.04294808462 4.220894852e-23)
(-0.027754388 -0.03683331553 -3.84757779e-25)
(-0.01455056657 -0.02652712183 0)
(-0.00485944519 -0.01408451736 5.436487148e-23)
(-0.0003641465223 -0.00284696006 -2.564685878e-22)
(-0.0005272176708 0.01499916433 9.838173196e-23)
(-0.009377861745 0.03738994468 -4.905244167e-25)
(-0.02288167388 0.05170185371 0)
(-0.03883017835 0.0589414171 0)
(-0.05538620909 0.06025534405 -8.730464059e-23)
(-0.07142831666 0.05661865955 -8.497477172e-23)
(-0.08606601673 0.0488014169 -4.065850292e-23)
(-0.09855028125 0.03743963422 -1.503583709e-23)
(-0.1081939213 0.023159779 -5.365046506e-24)
(-0.1143438553 0.006709730303 -8.172864616e-24)
(-0.1164040184 -0.01093276593 6.598869565e-24)
(-0.1138931744 -0.02848920592 8.822600126e-24)
(-0.1065481891 -0.0443701525 -1.892290584e-23)
(-0.09446760561 -0.05675299215 4.590470751e-24)
(-0.07826822089 -0.06378264054 0)
(-0.05922869921 -0.06393464351 -1.574753123e-23)
(-0.03933965437 -0.05653791929 -2.370762989e-26)
(-0.02114180163 -0.04235793511 0)
(-0.007318673234 -0.02398222624 -1.520258122e-22)
(-0.0005216134328 -0.005925539995 6.0554764e-22)
(-0.0004990797129 0.02064559535 -9.771156506e-23)
(-0.01052944548 0.05045402011 2.831639196e-22)
(-0.0258294181 0.06912463415 1.526694401e-22)
(-0.044021121 0.07849205182 3.618763484e-24)
(-0.06310702476 0.08029425424 -7.31928361e-23)
(-0.08190358874 0.07587998417 9.041827838e-23)
(-0.09947709559 0.06621656169 -3.589687071e-24)
(-0.1150221373 0.05201672846 -1.728900833e-24)
(-0.1277512802 0.03392349849 2.523757797e-24)
(-0.1368466074 0.01270238371 7.380631884e-24)
(-0.1414704069 -0.01058764052 -6.498743901e-24)
(-0.1408242019 -0.03445994694 -9.783619162e-24)
(-0.1342740306 -0.05692733174 -3.261771541e-23)
(-0.1215445274 -0.07553272181 -3.658771587e-23)
(-0.1029668558 -0.08754215071 5.640433621e-25)
(-0.0797633876 -0.09039167196 0)
(-0.05426661558 -0.08244478665 0)
(-0.02987149446 -0.06397712534 -2.905458175e-24)
(-0.01066280976 -0.03798782366 2.969893946e-24)
(-0.0007350896008 -0.01050087147 1.02786692e-22)
(-0.0004479154464 0.02687232577 0)
(-0.01134917506 0.06480713471 2.001959367e-22)
(-0.02801585499 0.08829558857 8.962022713e-23)
(-0.04799833283 0.1001228601 0)
(-0.06920568032 0.1027070434 1.56971762e-22)
(-0.09044330183 0.09781525221 0)
(-0.1107826619 0.08661061385 -1.42829302e-22)
(-0.1294088119 0.06983923063 6.515003994e-24)
(-0.14547656 0.04808220657 0)
(-0.1580345583 0.02201760092 0)
(-0.1660127225 -0.007334241102 -1.374268526e-24)
(-0.1682665515 -0.03838806154 -9.315372057e-25)
(-0.163705903 -0.06883931146 1.491794868e-22)
(-0.1515203659 -0.09558223368 -4.704636377e-23)
(-0.1315130202 -0.1148293085 -2.560402151e-24)
(-0.104559264 -0.1225698015 1.534153569e-24)
(-0.07309325807 -0.1155513298 -1.558353762e-24)
(-0.04135007657 -0.09283081138 0)
(-0.01525224986 -0.05740748369 3.203496951e-24)
(-0.001044304095 -0.01714709628 -1.012832486e-21)
(-0.0003744673152 0.03346283063 0)
(-0.01175001824 0.07998868095 -1.128117988e-22)
(-0.02920696922 0.1086384256 -6.190796478e-22)
(-0.0503172586 0.1232226739 -3.755128976e-22)
(-0.07296289963 0.1269090049 0)
(-0.09598925054 0.1219249541 4.119269741e-22)
(-0.1185269324 0.1096343868 1.26084078e-22)
(-0.1398141767 0.09078214133 -5.581533296e-24)
(-0.1590216562 0.06581378878 5.553907709e-24)
(-0.1751455833 0.03520884536 0)
(-0.1869554769 -0.0001965429645 2.912001405e-23)
(-0.1930167519 -0.03889718551 4.695533758e-24)
(-0.1917804999 -0.0784383985 -1.076711761e-22)
(-0.1817869874 -0.1151859549 8.003276916e-23)
(-0.1620566385 -0.1442593095 -2.419548714e-22)
(-0.1327058645 -0.1598542245 0)
(-0.09577863303 -0.1563107114 0)
(-0.05601617928 -0.1302976583 0)
(-0.02147852964 -0.08381107974 0)
(-0.001500378764 -0.02665508353 5.571708373e-22)
(-0.0002873931414 0.04016054454 0)
(-0.01169357543 0.09543556465 -3.492838443e-22)
(-0.02924432004 0.1294066346 8.932432842e-22)
(-0.0506093551 0.146929127 3.617007009e-22)
(-0.07370065078 0.151974107 0)
(-0.09745128197 0.147275133 -3.862379062e-22)
(-0.1211067102 0.1344186757 -3.174309983e-23)
(-0.1440321728 0.114138985 3.332999951e-22)
(-0.1655139975 0.08669990515 1.769420196e-22)
(-0.184624516 0.05229126049 -4.060032055e-23)
(-0.2001322422 0.01141736462 1.656812627e-23)
(-0.2104619072 -0.03471387902 -8.26491698e-24)
(-0.2137205208 -0.08376513733 3.371746012e-22)
(-0.207821227 -0.1318750286 0)
(-0.190823548 -0.1732749362 2.420717645e-22)
(-0.1616333003 -0.200258638 5.774156397e-24)
(-0.1211660484 -0.2040115084 -5.860266166e-24)
(-0.07384975129 -0.17721145 1.548239101e-22)
(-0.02971780256 -0.1188638809 -5.434821679e-24)
(-0.002179538569 -0.04005387296 0)
(-0.0002117254668 0.04671616257 0)
(-0.01125001615 0.1105492459 0)
(-0.02815624022 0.1497347461 -5.022576597e-22)
(-0.0487447682 0.1701509401 -1.880939284e-23)
(-0.07100081658 0.1766249254 2.038317941e-23)
(-0.09399444189 0.1724519651 -2.014251154e-23)
(-0.1171433399 0.1594865647 -2.31681923e-23)
(-0.1400178516 0.1384801544 -3.029727691e-22)
(-0.1621327891 0.1095159088 6.698594298e-23)
(-0.1827958075 0.07245189486 4.513041345e-23)
(-0.2009834635 0.02734948801 -4.577582244e-23)
(-0.2152269342 -0.02508662379 0)
(-0.2235561215 -0.08298302996 -7.839163361e-23)
(-0.2234631039 -0.142725144 0)
(-0.2120678076 -0.1981814205 -3.739446361e-22)
(-0.1867433047 -0.2400766589 5.244734244e-22)
(-0.1464436833 -0.2560766407 0)
(-0.09394556095 -0.23312034 -1.493791613e-22)
(-0.0402199486 -0.1639609445 1.937340084e-22)
(-0.003201093299 -0.05861048125 -3.411320293e-22)
(-0.0002015483843 0.05297562421 0)
(-0.01067265179 0.1248166877 9.182661705e-22)
(-0.02628452635 0.1687417161 -2.440624505e-23)
(-0.04501115619 0.1916447024 9.193136183e-22)
(-0.06494606562 0.1992913244 -2.512025759e-23)
(-0.08536638687 0.1956097568 2.838780255e-23)
(-0.1059306793 0.1827881656 -2.812866897e-23)
(-0.1264925496 0.1616580156 -1.660883758e-23)
(-0.1468998348 0.1321760855 -5.260123654e-22)
(-0.1668459842 0.09389650393 -8.906452179e-24)
(-0.1857304833 0.04640596274 9.66001382e-24)
(-0.2024783516 -0.01023751161 3.3130251e-22)
(-0.2154156295 -0.07499775608 -5.820629211e-22)
(-0.2220211045 -0.1450306477 0)
(-0.2188032915 -0.2146754546 8.887104372e-22)
(-0.2016257739 -0.2740009835 -4.940680165e-22)
(-0.1668638887 -0.3075805196 -1.572155985e-23)
(-0.114021953 -0.2953805658 0)
(-0.05288477518 -0.2195797923 -1.889977305e-22)
(-0.004749181514 -0.08377259792 3.360381682e-22)
(-0.0003642073148 0.05902297695 1.550978297e-23)
(-0.01049579885 0.1379876467 -8.763998982e-22)
(-0.02441401739 0.1856797197 -1.157037768e-21)
(-0.0402674243 0.2101377123 -8.628797482e-22)
(-0.05630752636 0.218234156 0)
(-0.07214883979 0.2146183962 3.513740648e-23)
(-0.08779253036 0.2018787201 -7.294735941e-23)
(-0.1034566305 0.181000267 5.867784213e-23)
(-0.1193987726 0.1518996151 3.02131282e-22)
(-0.1357935676 0.1139151189 -1.128178153e-23)
(-0.1526086625 0.06621445618 0)
(-0.1694525687 0.008177522606 -3.603871652e-22)
(-0.1852764707 -0.06015947415 7.515562292e-22)
(-0.1980452187 -0.1372742379 8.831588257e-22)
(-0.2043549233 -0.2189256767 -5.296517304e-22)
(-0.1990979676 -0.295970735 5.162585709e-22)
(-0.1760606425 -0.3514066693 1.078168616e-23)
(-0.1300890908 -0.3584144994 -1.095482623e-23)
(-0.066888018 -0.2843271822 -8.217335931e-23)
(-0.007083314926 -0.1169962397 0)
(-0.0009095871441 0.06540025451 -1.911454512e-23)
(-0.0116759987 0.150281215 -1.326945285e-21)
(-0.02388899666 0.2000653538 1.094217424e-21)
(-0.03601367401 0.2244210201 6.734823818e-22)
(-0.04657344143 0.2316581687 6.014537882e-22)
(-0.05577081124 0.2272388102 6.643855647e-22)
(-0.06411294336 0.2141770747 -4.45861143e-23)
(-0.07227615092 0.1936491976 -3.461290856e-22)
(-0.08097030147 0.165602764 2.152135399e-22)
(-0.0908725199 0.1292708238 0)
(-0.102555353 0.08353103897 0)
(-0.1163628178 0.02720041131 2.655369907e-22)
(-0.1321595332 -0.04061970154 8.194358549e-23)
(-0.1489257613 -0.1200124435 -2.821571891e-22)
(-0.1641288837 -0.2089296632 -5.411205943e-23)
(-0.1727881173 -0.3006988225 1.301952794e-22)
(-0.1670313679 -0.3793324504 -3.400402266e-22)
(-0.1365293612 -0.4136447207 -1.594806369e-23)
(-0.08018252632 -0.3538321972 8.20610585e-23)
(-0.01050762142 -0.1594128523 -6.032347662e-22)
(-0.002260507952 0.0734887242 0)
(-0.0158036527 0.1626518521 2.145843811e-21)
(-0.02665064027 0.2117899901 0)
(-0.03422373265 0.2333941676 -1.351788095e-21)
(-0.03759443263 0.2377761325 6.184074607e-23)
(-0.03799739346 0.2312548819 -6.192999609e-22)
(-0.03668327064 0.2171895576 -4.756220603e-22)
(-0.03489102535 0.1968932623 8.301147059e-22)
(-0.03378907204 0.170334204 -1.885674266e-22)
(-0.0344994678 0.1367222104 0)
(-0.03811642454 0.09479694656 0)
(-0.04565060022 0.04304314704 2.410631025e-23)
(-0.05790868412 -0.02013749618 -6.007139608e-22)
(-0.07514657635 -0.09620618238 -4.309522207e-22)
(-0.09645227176 -0.185555307 4.637817392e-22)
(-0.1183466914 -0.2853564722 -6.488632245e-22)
(-0.1332718558 -0.3838383339 9.119799562e-23)
(-0.1265352859 -0.4504355332 2.938348247e-23)
(-0.08899160531 -0.4198533044 5.660528276e-22)
(-0.01526918289 -0.2111717885 6.02098005e-22)
(-0.005180907682 0.0859804036 0)
(-0.02525560538 0.1766289086 1.465582135e-22)
(-0.03483430714 0.2205958097 -4.917082863e-23)
(-0.0364005037 0.2354855129 7.642825789e-22)
(-0.03018532278 0.2343402478 -7.005279207e-22)
(-0.01916639297 0.2241600168 4.74641824e-23)
(-0.005615819911 0.208352313 -1.018599013e-22)
(0.008568891838 0.1881239614 -3.389846275e-22)
(0.02179812263 0.1633911069 2.062800308e-22)
(0.03262708403 0.1333243678 0)
(0.03958388205 0.09664104582 0)
(0.04116947144 0.05174080474 -2.902641983e-22)
(0.03578422475 -0.003255136735 0)
(0.02198128871 -0.07058335158 -5.512143307e-22)
(-0.001265339174 -0.1525733178 -1.492337402e-23)
(-0.03310511385 -0.2505947774 2.559688775e-23)
(-0.06909268961 -0.3599339512 2.203054462e-22)
(-0.09227848691 -0.4575422568 4.788618501e-24)
(-0.08718098731 -0.4698127221 -5.789502518e-22)
(-0.02103128061 -0.2698970866 0)
(-0.01111631973 0.1085974922 0)
(-0.04248909869 0.194715068 -8.84838566e-22)
(-0.0479554881 0.2258193445 -5.410987776e-22)
(-0.03919569172 0.2282132757 4.543766238e-22)
(-0.01877876316 0.2182325134 -1.709993881e-24)
(0.007663745415 0.2028217639 -4.560991736e-23)
(0.03667928958 0.1847617731 5.696609058e-22)
(0.06582929718 0.1647117023 -2.76685905e-23)
(0.09327060674 0.1423127953 -2.069759062e-22)
(0.1173884756 0.1166275603 3.142182266e-23)
(0.1365455221 0.08641157655 -3.42588641e-23)
(0.1489663328 0.05017687433 -3.690564885e-23)
(0.1525270483 0.006159370267 3.205608302e-22)
(0.1449362413 -0.0479610748 6.119557311e-22)
(0.1235155805 -0.1153051233 -5.101125006e-22)
(0.08633500571 -0.2004194329 -1.616021067e-22)
(0.03199060578 -0.3067805567 1.531343719e-22)
(-0.02362143671 -0.4239836113 7.293702363e-23)
(-0.06492421395 -0.4871611615 1.913298592e-21)
(-0.02509972844 -0.3291543827 2.954999371e-21)
(-0.02004680162 0.1460727671 -4.390178361e-23)
(-0.06416409889 0.2112955684 4.417350941e-23)
(-0.05070242392 0.2177299573 1.000179661e-21)
(-0.01934119576 0.201467846 -8.270262152e-24)
(0.02414431617 0.1809074364 0)
(0.07154078512 0.1606931591 4.363666038e-23)
(0.1190698273 0.1416494086 -2.273822881e-22)
(0.1644761709 0.1233180936 -9.027841097e-23)
(0.2062245351 0.1048117027 3.680689999e-23)
(0.2429637335 0.08507143391 -1.701639021e-23)
(0.2732202259 0.06296155932 3.429939682e-23)
(0.295253136 0.037263054 -6.592623351e-23)
(0.3066966921 0.006535198298 -9.303844742e-23)
(0.3049734819 -0.03087757478 1.51702905e-22)
(0.2863933404 -0.07786280512 0)
(0.2470565816 -0.1399299644 1.505569631e-22)
(0.1810920399 -0.2266299419 2.560017839e-22)
(0.09604436529 -0.3443894539 0)
(-0.006697685997 -0.4552209783 -3.675646229e-21)
(-0.01922409344 -0.3777537186 -2.892628581e-21)
(-0.02591950489 0.227682908 -9.514184674e-22)
(-0.03998323253 0.2238216718 -1.388968179e-22)
(0.03656135499 0.1810585184 -2.335559628e-22)
(0.1090502308 0.1451058547 -1.193730492e-22)
(0.1817189669 0.1172444711 -4.295776477e-23)
(0.2490088371 0.09627899326 9.783027942e-23)
(0.310033361 0.08002503315 -1.40857086e-22)
(0.3646205711 0.06656810567 1.297158251e-22)
(0.4126248597 0.05449177102 -8.62001704e-23)
(0.4536246398 0.04270896147 1.132191079e-25)
(0.4867875059 0.03032302175 1.527727198e-23)
(0.5107448124 0.01652907327 7.997133247e-23)
(0.5236594778 0.0005365726873 -1.811107719e-22)
(0.5231795968 -0.01863367561 -1.617131187e-22)
(0.5052321913 -0.0428647435 -4.262858401e-23)
(0.4658714019 -0.07633228276 0)
(0.3952695728 -0.1286089291 -1.846499399e-22)
(0.2916070468 -0.220846807 8.148785612e-22)
(0.1197454755 -0.3525016877 1.631605221e-21)
(0.02670546374 -0.3775497926 2.172657712e-21)
(0.2142894555 0.1347447291 9.864967372e-22)
(0.2776311455 0.09870504619 0)
(0.4316592594 0.05810415325 -2.594300752e-22)
(0.5304749476 0.03846264764 -1.74164733e-22)
(0.6016965529 0.02623418409 0)
(0.6571198301 0.01831922587 -6.008993323e-23)
(0.7015212531 0.01313600087 6.37789778e-23)
(0.7376041118 0.00954212217 -1.800128939e-23)
(0.7669366871 0.006804464077 2.885932471e-23)
(0.790210514 0.00446474899 2.315004458e-23)
(0.8074553615 0.002221328604 0)
(0.8182620219 -0.0001500639617 -2.873004843e-23)
(0.8216498902 -0.002723836695 0)
(0.8162393721 -0.005712659874 2.738102216e-23)
(0.7991332942 -0.009611377612 1.421647024e-23)
(0.767998632 -0.01500254959 -5.799447645e-23)
(0.71065558 -0.02502520175 -2.535673849e-22)
(0.623518401 -0.04204285672 -6.91811911e-22)
(0.4230091016 -0.0918296836 0)
(0.2705674681 -0.1524021854 -2.119485532e-21)
)


// ************************************************************************* //
