/*--------------------------------*- C++ -*----------------------------------*\
  =========                 |
  \\      /  F ield         | OpenFOAM: The Open Source CFD Toolbox
   \\    /   O peration     | Website:  https://openfoam.org
    \\  /    A nd           | Version:  13
     \\/     M anipulation  |
\*---------------------------------------------------------------------------*/
FoamFile
{
    format      ascii;
    class       vectorField;
    location    "11.61";
    object      U_all;
}
// * * * * * * * * * * * * * * * * * * * * * * * * * * * * * * * * * * * * * //


400
(
(9.225097399e-06 -3.468796506e-05 0)
(-0.0006618809589 0.0004100734072 -1.524948659e-23)
(-0.002160594067 0.0009093554896 0)
(-0.003996611652 0.001295334052 0)
(-0.005893071714 0.001513965941 6.508660963e-25)
(-0.007659180494 0.001548158163 4.111798692e-24)
(-0.009161593368 0.001404203273 -6.153001017e-24)
(-0.01030097771 0.001105097098 8.849683821e-24)
(-0.01099841213 0.0006877756794 -2.212493491e-25)
(-0.0111943191 0.0002015928467 -4.181314335e-24)
(-0.01085342788 -0.0002954604175 6.022338009e-24)
(-0.009976094659 -0.0007382066337 -6.119975074e-23)
(-0.008611098528 -0.001064226885 -6.774889741e-23)
(-0.006863717201 -0.001222589871 -8.034621624e-23)
(-0.004899645469 -0.001185763925 4.751686957e-24)
(-0.002938593525 -0.0009604820981 -4.346081178e-24)
(-0.001230485967 -0.0005955853807 -2.154689097e-22)
(-4.618913529e-05 -0.0001784848405 0)
(0.0004988124731 0.0001616871712 2.28313444e-25)
(0.0002178164184 0.0002991487367 -1.275143211e-23)
(-0.0002597294094 0.000822703296 1.348569073e-25)
(-0.002664328954 0.003338866954 1.534782153e-23)
(-0.006802611069 0.005522447964 1.521879425e-25)
(-0.01176840109 0.006902875351 -8.102270974e-25)
(-0.01687110391 0.007440697001 1.097080284e-24)
(-0.02164013989 0.007187995796 1.200649396e-23)
(-0.02572007829 0.006235021762 2.482553989e-24)
(-0.0288401968 0.00469611315 -8.570366794e-24)
(-0.03079019533 0.00271353956 1.088204515e-23)
(-0.0314188715 0.0004643807413 4.724883188e-24)
(-0.03064127435 -0.001838779769 -6.557798528e-24)
(-0.02846372305 -0.003952259697 2.830273579e-24)
(-0.02501304932 -0.005623564073 3.999625106e-23)
(-0.02055136014 -0.006622110111 -2.047392047e-24)
(-0.01548449765 -0.006781923982 3.955189059e-24)
(-0.01034402237 -0.006049480066 -1.053182375e-22)
(-0.005733969792 -0.004528491036 1.046788459e-22)
(-0.002257351774 -0.002518112264 -5.493576823e-25)
(-0.000203566427 -0.0005308878131 5.63212723e-25)
(8.02115623e-05 0.0005873874318 0)
(-0.0004110732275 0.002894916428 -2.829640351e-25)
(-0.004569326844 0.008668562411 1.622841779e-23)
(-0.01118010668 0.01302994161 -8.367565801e-24)
(-0.01900378879 0.01554060186 -1.945268905e-25)
(-0.02702025029 0.01627199969 1.911032007e-25)
(-0.03454849589 0.01541047094 3.629109811e-26)
(-0.04105395627 0.01317511809 -2.276084947e-24)
(-0.04611835651 0.009802354941 -5.295456762e-25)
(-0.04941125743 0.005563181808 -1.139515621e-23)
(-0.05068854496 0.0007857099372 0)
(-0.04980449966 -0.004127699043 0)
(-0.04674580919 -0.00871544889 2.786122168e-23)
(-0.04167258792 -0.01247494168 2.935695644e-23)
(-0.03494464669 -0.01492152058 -1.747510431e-24)
(-0.02713765661 -0.01566823497 5.222102293e-23)
(-0.01902310562 -0.01452568242 1.018710291e-22)
(-0.01149601478 -0.01160832376 4.898009987e-23)
(-0.00545122558 -0.007429897119 7.26055074e-25)
(-0.001457728139 -0.002962669247 -5.818148707e-26)
(-9.085378569e-05 0.0001928449598 0)
(-0.0004921424122 0.005950409829 -4.077189514e-23)
(-0.006288087778 0.01610248811 -1.61249387e-23)
(-0.01526200715 0.02317068782 8.290296858e-24)
(-0.02582561216 0.02699466116 0)
(-0.0366571841 0.02787366401 0)
(-0.04690375422 0.02618949027 0)
(-0.05588649786 0.02232143629 -8.660480185e-26)
(-0.06306129856 0.01664292499 -1.222704689e-24)
(-0.06798152835 0.009561575299 0)
(-0.0702903821 0.001566093685 1.938169504e-24)
(-0.06974714625 -0.006737946818 3.002248532e-25)
(-0.06626457896 -0.01463139155 -3.010655313e-25)
(-0.05996070985 -0.02130305782 0)
(-0.051217266 -0.02592934609 4.50194097e-23)
(-0.04071496268 -0.02779769971 -5.047738592e-23)
(-0.02943240059 -0.02647723072 -3.233222379e-23)
(-0.0185754009 -0.02201653789 -4.899013222e-23)
(-0.00941781154 -0.01512865212 7.666468448e-25)
(-0.002961471211 -0.007297179946 8.560750285e-23)
(-0.0002299139685 -0.0008984064209 0)
(-0.0005206964761 0.009926931856 4.097091262e-23)
(-0.007841372572 0.02551522132 4.842466005e-25)
(-0.01905960991 0.0358208363 -4.731882075e-25)
(-0.03226599889 0.04117264808 0)
(-0.04587375276 0.04222237989 7.498314633e-25)
(-0.05888801095 0.03960820222 -7.394356123e-25)
(-0.0705152865 0.03388897274 3.483274395e-23)
(-0.08010329971 0.02557026716 1.636402107e-23)
(-0.08708698227 0.01517975709 5.477367957e-24)
(-0.09097471752 0.003349544537 -1.940427696e-24)
(-0.09137498618 -0.009121130112 0)
(-0.08804541494 -0.02123603633 4.916649771e-25)
(-0.08096894558 -0.03182291548 1.223610887e-23)
(-0.07044773242 -0.03962036349 -4.743150271e-23)
(-0.05718602895 -0.04344553024 2.205920271e-24)
(-0.04233988192 -0.04245396087 5.190665923e-23)
(-0.02748028873 -0.03647068186 -5.440268482e-25)
(-0.0144144766 -0.02632116028 0)
(-0.00481717949 -0.01402174638 5.315946365e-23)
(-0.0003595111696 -0.002863671821 -2.415808012e-22)
(-0.0005174803595 0.0147454896 9.824889463e-23)
(-0.009220554712 0.03676060413 -4.931846253e-25)
(-0.02250661811 0.05084762986 0)
(-0.03820880162 0.05799735765 0)
(-0.05452364601 0.05933447246 -8.560630266e-23)
(-0.07034989277 0.05581135862 -8.273056435e-23)
(-0.08481120738 0.04817626211 -3.858200744e-23)
(-0.09716762391 0.03704406181 -1.385064721e-23)
(-0.10673712 0.02302020266 -4.690141525e-24)
(-0.1128689024 0.006831445398 -7.583136751e-24)
(-0.1149664058 -0.01056505546 5.930127284e-24)
(-0.1125455273 -0.02791158761 7.525303668e-24)
(-0.1053382556 -0.04363730097 -1.826038595e-23)
(-0.09343556924 -0.05593586712 -1.001954687e-24)
(-0.0774431202 -0.06296364769 0)
(-0.05862413016 -0.063199349 -2.105677347e-23)
(-0.03894923527 -0.05596199254 1.55934928e-25)
(-0.02093617423 -0.04198939928 0)
(-0.007248127926 -0.02382248155 -1.384313997e-22)
(-0.0005143989151 -0.005913430042 5.740194795e-22)
(-0.0004920241975 0.02030156506 -9.757631765e-23)
(-0.01037249239 0.04962410785 2.801996864e-22)
(-0.02545050071 0.0680151785 1.508523985e-22)
(-0.04338905422 0.07727803288 3.55890049e-24)
(-0.06222514405 0.07911710447 -7.194880178e-23)
(-0.08079579365 0.07484981656 8.800686888e-23)
(-0.09818135413 0.06541520957 -3.488720543e-24)
(-0.1135851314 0.05150004541 -1.655026758e-24)
(-0.1262245648 0.03372273055 2.408615279e-24)
(-0.1352839486 0.01282504731 6.831760478e-24)
(-0.1399260841 -0.0101568463 -5.862976138e-24)
(-0.1393511572 -0.03375945899 -8.353693567e-24)
(-0.1329226762 -0.05601628984 -3.192265227e-23)
(-0.1203614951 -0.07449042397 -2.692091031e-23)
(-0.1019916377 -0.0864649045 3.653421325e-25)
(-0.07902335418 -0.08938607722 0)
(-0.05376977907 -0.08161460656 0)
(-0.02959869252 -0.06340181718 -2.670075549e-24)
(-0.01056383419 -0.03769559095 2.729290876e-24)
(-0.0007256287402 -0.01044466724 1.010327251e-22)
(-0.0004448358699 0.02644283895 0)
(-0.01121007086 0.0637874781 1.973106529e-22)
(-0.02767219572 0.08694413591 8.831873067e-23)
(-0.04741732596 0.09865246866 0)
(-0.06838761573 0.1012859624 1.540876425e-22)
(-0.08940860427 0.09657169627 0)
(-0.1095653238 0.0856379301 -1.393231868e-22)
(-0.1280507874 0.0691999987 6.328992843e-24)
(-0.1440237551 0.04781113707 0)
(-0.156534174 0.02212360022 0)
(-0.1645126979 -0.006866413414 -1.30722742e-24)
(-0.166813395 -0.03759525844 -8.636943427e-25)
(-0.1623448249 -0.06778172546 1.402376895e-22)
(-0.1502971453 -0.09434161077 -4.610165686e-23)
(-0.1304718969 -0.113508853 -2.301541527e-24)
(-0.1037391656 -0.1212913484 1.291401727e-24)
(-0.07251938317 -0.1144456519 -1.311772623e-24)
(-0.04102102521 -0.09201546248 0)
(-0.01512659967 -0.05695106541 3.059413681e-24)
(-0.001032634444 -0.01703179858 -9.742984054e-22)
(-0.0003763499747 0.03296302978 0)
(-0.01164639552 0.07881026439 -1.116240212e-22)
(-0.02893876354 0.1070817929 -6.11060686e-22)
(-0.04985173453 0.121533241 -3.700891906e-22)
(-0.07229676152 0.125278911 0)
(-0.09513826365 0.1204984327 4.040497233e-22)
(-0.1175197121 0.1085142742 1.229856241e-22)
(-0.1386863 0.09003551582 -5.430211147e-24)
(-0.1578112161 0.0654764634 5.403334987e-24)
(-0.1738901219 0.03528903261 0)
(-0.1856891439 0.00028501444 2.828046792e-23)
(-0.1917723429 -0.03805100701 4.512100212e-24)
(-0.1905906142 -0.07728553962 -1.024099626e-22)
(-0.1806851683 -0.1138040312 7.514956958e-23)
(-0.1610814182 -0.1427484215 -2.302105612e-22)
(-0.1319002821 -0.1583398798 0)
(-0.09518369899 -0.1549420682 0)
(-0.05565499214 -0.1292310061 0)
(-0.02133157106 -0.083168286 0)
(-0.001486558833 -0.02646705267 5.371867808e-22)
(-0.0002947304061 0.03961521023 0)
(-0.01164081635 0.09414851775 -3.448883191e-22)
(-0.02908776581 0.127704333 8.817987181e-22)
(-0.05031850933 0.1450812473 3.564652324e-22)
(-0.07326867819 0.1501926328 0)
(-0.096888683 0.1457180229 -3.788825612e-22)
(-0.1204359597 0.1331962066 -3.1095653e-23)
(-0.1432815722 0.1133201681 3.265191092e-22)
(-0.1647123597 0.08631832091 1.731555016e-22)
(-0.1837970537 0.05235057039 -3.971030978e-23)
(-0.1992977921 0.01189690208 1.636506618e-23)
(-0.2096333823 -0.03385461731 -8.028330622e-24)
(-0.2129072044 -0.08258125124 3.286950637e-22)
(-0.2070340422 -0.1304351726 0)
(-0.1900827157 -0.171665488 2.303217569e-22)
(-0.1609736218 -0.1985927923 5.42317599e-24)
(-0.1206362704 -0.2024392827 -5.504051963e-24)
(-0.0734986117 -0.1759176596 1.438092165e-22)
(-0.02956095748 -0.118030437 -5.110418309e-24)
(-0.002163861822 -0.03978319243 0)
(-0.0002243780659 0.04615764751 0)
(-0.01125884876 0.1092192347 0)
(-0.02813822081 0.1479651676 -4.959124849e-22)
(-0.04867399393 0.1682248121 -1.856709365e-23)
(-0.07086711703 0.1747689053 2.006398642e-23)
(-0.09380231884 0.1708352203 -1.982708673e-23)
(-0.1169080911 0.1582249156 -2.27390269e-23)
(-0.13975953 0.1376420954 -2.967606476e-22)
(-0.1618701425 0.1091292201 6.637922304e-23)
(-0.182540993 0.07251082404 4.413060091e-23)
(-0.2007382975 0.02782309539 -4.473100896e-23)
(-0.2149829783 -0.02424551004 0)
(-0.2232963827 -0.08183204501 -7.483696344e-23)
(-0.2231689727 -0.1413225739 0)
(-0.2117307197 -0.1965922771 -3.653577483e-22)
(-0.1863757605 -0.2383858426 5.094755872e-22)
(-0.1460874036 -0.2544113576 0)
(-0.09366566565 -0.2316703578 -1.38690859e-22)
(-0.04007306155 -0.162960751 1.826879149e-22)
(-0.003184387127 -0.05825471187 -3.301317597e-22)
(-0.000218759557 0.0524405268 0)
(-0.01074738625 0.1235189457 9.083453596e-22)
(-0.02641826728 0.1669955024 -2.412739125e-23)
(-0.04518467481 0.1897332298 9.088096365e-22)
(-0.06514569134 0.197449314 -2.480026555e-23)
(-0.08558889793 0.1940144509 2.796038524e-23)
(-0.1061816601 0.1815591495 -2.770515238e-23)
(-0.1267812898 0.1608615395 -1.633633311e-23)
(-0.1472333414 0.1318317366 -5.17462169e-22)
(-0.1672231786 0.09398562704 -8.759080343e-24)
(-0.186137711 0.04688226123 9.502685761e-24)
(-0.2028915612 -0.009435450528 3.267234912e-22)
(-0.215795393 -0.07392919422 -5.728112648e-22)
(-0.222320103 -0.1437497666 0)
(-0.2189827291 -0.2132256309 8.722344373e-22)
(-0.2016667945 -0.272429613 -4.799730217e-22)
(-0.1667847518 -0.3059699758 -1.527391444e-23)
(-0.1138843422 -0.2938928954 0)
(-0.05277646258 -0.2184734776 -1.781379133e-22)
(-0.004733216036 -0.08334156239 3.252290318e-22)
(-0.0003848020158 0.05854810627 1.534551252e-23)
(-0.01063368041 0.1367994361 -8.669337145e-22)
(-0.02469682895 0.1840510654 -1.145991207e-21)
(-0.04068415737 0.2083372429 -8.530259249e-22)
(-0.05684039636 0.2164961762 0)
(-0.07278406228 0.2131237587 3.468264136e-23)
(-0.08852167412 0.200748757 -7.19815192e-23)
(-0.1042737607 0.180298384 5.788111599e-23)
(-0.1202961106 0.1516374042 2.976015853e-22)
(-0.1367570701 0.1140614136 -1.112924296e-23)
(-0.1536142938 0.06670773352 0)
(-0.170461056 0.008941387856 -3.553350114e-22)
(-0.1862385275 -0.05919460486 7.427243056e-22)
(-0.1989044077 -0.136164651 8.74219112e-22)
(-0.2050498671 -0.2177000148 -5.213043335e-22)
(-0.1995801903 -0.294641257 5.095207952e-22)
(-0.1763154617 -0.3500002429 1.040446678e-23)
(-0.1301516424 -0.3570359229 -1.057155045e-23)
(-0.06685086368 -0.2832119524 -9.150044604e-23)
(-0.007071260597 -0.1165161343 0)
(-0.000932173854 0.06501855223 -1.893742086e-23)
(-0.01186730587 0.1492738753 -1.316053048e-21)
(-0.02430183832 0.1986426696 1.083823119e-21)
(-0.0366463086 0.2228216341 6.678204458e-22)
(-0.04740354408 0.2301054401 5.96110175e-22)
(-0.05677108402 0.2259106841 6.579767852e-22)
(-0.06525598758 0.2131937755 -4.408057649e-23)
(-0.07353528241 0.1930716031 -3.42549875e-22)
(-0.08231854827 0.1654375205 2.13007869e-22)
(-0.09228090487 0.1294792789 0)
(-0.1039909872 0.08404246861 0)
(-0.1177859889 0.02792872517 2.634103906e-22)
(-0.133524666 -0.03975885209 8.264829647e-23)
(-0.1501785351 -0.1190825988 -2.77628924e-22)
(-0.1652068862 -0.2079563474 -5.365410378e-23)
(-0.1736289093 -0.2996739756 1.314766364e-22)
(-0.1675931703 -0.3782345942 -3.35191223e-22)
(-0.136806576 -0.412511027 -1.994104379e-23)
(-0.08024090908 -0.3528257391 9.137539301e-23)
(-0.01050398915 -0.1589263737 -6.091173449e-22)
(-0.002283198714 0.07322528743 0)
(-0.01603076757 0.1618824124 2.129409009e-21)
(-0.02715687177 0.2106461376 0)
(-0.03501748575 0.2320702533 -1.341699829e-21)
(-0.03864996312 0.2364726932 6.251878839e-23)
(-0.0392731179 0.2301382336 -6.132996531e-22)
(-0.03813026494 0.2163747034 -4.715063509e-22)
(-0.03645877977 0.1964390211 8.22162967e-22)
(-0.03542890899 0.1702472624 -1.866128327e-22)
(-0.03616653995 0.1369645579 0)
(-0.0397703083 0.09529838645 0)
(-0.04725375299 0.04371663898 2.446438033e-23)
(-0.05943005908 -0.01937727828 -5.964706444e-22)
(-0.07654922413 -0.09543771288 -4.279675595e-22)
(-0.09769084004 -0.1848098373 4.619149881e-22)
(-0.1193663339 -0.2846254253 -6.43526044e-22)
(-0.1340263188 -0.3830745403 8.886525582e-23)
(-0.1269800118 -0.4496317667 3.355887584e-23)
(-0.08914448746 -0.4190615935 5.677716712e-22)
(-0.0152778677 -0.2107332956 6.079694881e-22)
(-0.005200455518 0.08584758572 0)
(-0.02548891018 0.1761303196 1.471121037e-22)
(-0.03537283462 0.2197778886 -4.888427633e-23)
(-0.03726399821 0.2344872391 7.592155549e-22)
(-0.03134926844 0.2333276751 -6.955074578e-22)
(-0.0205797401 0.2232776775 4.71142343e-23)
(-0.00721201608 0.2077053718 -1.016542305e-22)
(0.006860958008 0.1877694195 -3.359437681e-22)
(0.02004633142 0.1633400227 2.04778421e-22)
(0.03089057851 0.1335477123 0)
(0.03791079309 0.0970791879 0)
(0.03959830769 0.05231493753 -2.88491314e-22)
(0.03432394138 -0.002631210588 0)
(0.02065116647 -0.06996695347 -5.496462592e-22)
(-0.002439416517 -0.1520134097 -1.39666529e-23)
(-0.03409241611 -0.2500965214 2.550131427e-23)
(-0.06988376544 -0.3594531518 2.179366493e-22)
(-0.09279644983 -0.4570796119 4.863682601e-24)
(-0.08739001728 -0.4692927144 -5.808552126e-22)
(-0.02105338214 -0.2695579884 0)
(-0.01112672423 0.1085852812 0)
(-0.04268020723 0.1944795361 -8.802836071e-22)
(-0.04842822893 0.225331171 -5.392913628e-22)
(-0.03998382053 0.2275515618 4.528574182e-22)
(-0.01987006141 0.2175228518 -1.732343341e-24)
(0.006315927216 0.2021763287 -4.538417714e-23)
(0.03514578078 0.1842711783 5.658938859e-22)
(0.06418840426 0.1644303145 -2.74788583e-23)
(0.09159971851 0.1422581672 -2.054394084e-22)
(0.1157554588 0.1167847014 3.122974648e-23)
(0.1350031334 0.08673924559 -3.407816837e-23)
(0.1475485536 0.05061619549 -3.675836034e-23)
(0.151264014 0.006644910317 3.195302528e-22)
(0.1438382138 -0.0474922784 6.102797538e-22)
(0.1225680941 -0.1149025595 -5.090935367e-22)
(0.08555611197 -0.2001024858 -1.619000979e-22)
(0.03130332203 -0.3065360948 1.523204081e-22)
(-0.02411357365 -0.4237377924 7.292299718e-23)
(-0.06512008741 -0.4868829403 1.91212043e-21)
(-0.02512692881 -0.328937082 2.953673967e-21)
(-0.0200398506 0.1461367491 -4.378982151e-23)
(-0.06425215149 0.2112554604 4.406085355e-23)
(-0.05098487803 0.2175164767 9.976531846e-22)
(-0.01986867784 0.2011085446 -7.66152351e-24)
(0.02335358654 0.1804789335 0)
(0.07050565399 0.1602767681 4.343774731e-23)
(0.1178478384 0.1413130259 -2.261217113e-22)
(0.1631355844 0.1231073374 -8.973886496e-23)
(0.2048398561 0.1047469035 3.657476403e-23)
(0.2416059792 0.08514912659 -1.691158611e-23)
(0.2719495304 0.06315779922 3.411848756e-23)
(0.2941193552 0.03753934531 -6.565682915e-23)
(0.3057080464 0.006846802995 -9.266687398e-23)
(0.3041393912 -0.03057622907 1.514768064e-22)
(0.285714902 -0.07761194209 0)
(0.2465168119 -0.1397564817 1.509461642e-22)
(0.1806540384 -0.2265534846 2.557444067e-22)
(0.0957166546 -0.3442905462 0)
(-0.006864177004 -0.4551174424 -3.673377463e-21)
(-0.01925144442 -0.3776582641 -2.891326172e-21)
(-0.02589974441 0.2277502219 -9.507958033e-22)
(-0.03995177789 0.2238682125 -1.386945745e-22)
(0.0365264344 0.1810178994 -2.329481828e-22)
(0.1088739804 0.1449784874 -1.189620923e-22)
(0.1813559203 0.1170592341 -4.290193968e-23)
(0.2484462408 0.09608243697 9.750811837e-23)
(0.3092960748 0.07985567496 -1.401898019e-22)
(0.3637558926 0.06645428404 1.28966613e-22)
(0.4116938173 0.05444838073 -8.566121848e-23)
(0.4526914114 0.04273736631 1.130944252e-25)
(0.4859100216 0.03041215375 1.520634953e-23)
(0.5099678184 0.01665957555 7.964504154e-23)
(0.5230177597 0.0006754826555 -1.805995361e-22)
(0.5226916324 -0.01849760341 -1.614855683e-22)
(0.5048731061 -0.04275429438 -4.26212229e-23)
(0.4656186732 -0.07626255647 0)
(0.3950862026 -0.1285872979 -1.84012553e-22)
(0.291468612 -0.2208398463 8.141887545e-22)
(0.1196621023 -0.3524958125 1.630549253e-21)
(0.02668438924 -0.3775373051 2.172108809e-21)
(0.2143100253 0.1347649484 9.858096143e-22)
(0.2776953182 0.09873101612 0)
(0.4317309108 0.05811633183 -2.591194455e-22)
(0.5305049587 0.03845867281 -1.740041355e-22)
(0.6016427234 0.02621776165 0)
(0.6569618624 0.01829845272 -5.991227387e-23)
(0.7012645453 0.01311795026 6.346797455e-23)
(0.7372727004 0.009532234255 -1.788302976e-23)
(0.7665660621 0.006805545137 2.867190589e-23)
(0.789839803 0.004476928389 2.300523483e-23)
(0.8071204677 0.002242422567 0)
(0.8179893813 -0.0001233379332 -2.860479387e-23)
(0.8214552094 -0.002695027396 0)
(0.816126121 -0.005691051077 2.732746722e-23)
(0.7990845509 -0.009598619739 1.426323188e-23)
(0.7679931127 -0.01499895791 -5.791239975e-23)
(0.7106667885 -0.02503068101 -2.531833422e-22)
(0.6235255215 -0.0420491767 -6.912717672e-22)
(0.4230082444 -0.09183638055 0)
(0.2705654547 -0.152405224 -2.118949894e-21)
)


// ************************************************************************* //
