/*--------------------------------*- C++ -*----------------------------------*\
  =========                 |
  \\      /  F ield         | OpenFOAM: The Open Source CFD Toolbox
   \\    /   O peration     | Website:  https://openfoam.org
    \\  /    A nd           | Version:  13
     \\/     M anipulation  |
\*---------------------------------------------------------------------------*/
FoamFile
{
    format      ascii;
    class       scalarField;
    location    "8.09";
    object      p_all;
}
// * * * * * * * * * * * * * * * * * * * * * * * * * * * * * * * * * * * * * //


400
(
-1.634361056e-09
-0.0004995025739
-0.0007987417824
-0.0008873009902
-0.0007761856335
-0.0004969995046
-8.598000431e-05
0.0004223671133
0.0009933682994
0.001588800984
0.002166164408
0.002675534875
0.003064483377
0.003281790405
0.003285983125
0.003056486372
0.00260732339
0.001991955579
0.001379559234
0.0008164313815
0.0005365636547
5.887418618e-06
-0.0003143438774
-0.0004172796913
-0.0003498117386
-0.0001382258089
0.0001883570565
0.0006009804941
0.001068813965
0.001554737183
0.002026885531
0.002430920755
0.002720212654
0.002849141311
0.002783515767
0.002511677792
0.002054650573
0.001470938224
0.0009140046516
0.0002894262296
0.0008556081883
0.0002681631213
-8.614877087e-05
-0.0001918115695
-0.0001444696706
2.640173126e-05
0.0002962096462
0.0006426822136
0.001041900911
0.001465891473
0.001871697264
0.00222002889
0.002459941163
0.002544120893
0.002437338828
0.002127172555
0.001632505263
0.001004008164
0.0003507668634
-0.0004427109767
0.0008506269849
0.0001959387911
-0.0002023091202
-0.0003107888939
-0.0002725523182
-0.0001235350703
0.0001139535734
0.0004246803827
0.0007927138954
0.00119561774
0.001597787998
0.001953996387
0.002207565903
0.002300893613
0.002186215334
0.001838769987
0.001266522324
0.0005113742851
-0.0003467758104
-0.001429511178
0.0003643097582
-0.000335619675
-0.0007592891947
-0.0008627513761
-0.000827179375
-0.0006933654711
-0.0004796373192
-0.0001913742297
0.0001671786166
0.0005834427969
0.001027573444
0.001452793312
0.001791823311
0.001968291829
0.001909215293
0.00156264668
0.0009131433942
-1.041004627e-05
-0.001149602465
-0.002592796305
-0.0007401319482
-0.00145835264
-0.001891263741
-0.001987713414
-0.001960579665
-0.00185284965
-0.001675476345
-0.001419355202
-0.001070993521
-0.0006258435519
-0.0001016467125
0.0004585219445
0.0009760657722
0.001348179874
0.001460188965
0.001210004359
0.0005353483778
-0.0005621074011
-0.002049769422
-0.003952228261
-0.002589685069
-0.003298049306
-0.003734004048
-0.003835279892
-0.003843583115
-0.003801508705
-0.003708494468
-0.003534652246
-0.003239493559
-0.002789080037
-0.002175925816
-0.001424109804
-0.0006173315814
0.0001121564809
0.0005884267734
0.0006239112375
6.667205881e-05
-0.001144687709
-0.003028115615
-0.005503233397
-0.005291636347
-0.005967755922
-0.00641064574
-0.006547018689
-0.006645452286
-0.006746635873
-0.006835020128
-0.006853186783
-0.006722047656
-0.006361259665
-0.005717843831
-0.004751174302
-0.0035465741
-0.002252292731
-0.001120645549
-0.000472016858
-0.0006199226752
-0.001763485632
-0.004035940804
-0.00720171054
-0.008923241858
-0.009549480578
-0.01001153596
-0.01022923917
-0.01049805477
-0.0108580376
-0.0112777218
-0.01166703531
-0.01189646125
-0.01181449351
-0.01126721708
-0.01018358208
-0.00853009793
-0.006454881311
-0.004285450907
-0.002523841313
-0.001749657231
-0.00243374075
-0.004964902222
-0.00890846469
-0.01351727976
-0.01407807456
-0.0145719689
-0.01491907287
-0.01544714196
-0.01620182065
-0.01713971581
-0.01813758256
-0.01900666762
-0.0195062875
-0.01936760199
-0.01835049404
-0.01631024876
-0.01330177191
-0.009679170657
-0.006144617036
-0.003661538976
-0.003178225974
-0.00560218247
-0.01030580696
-0.01905495708
-0.01953139802
-0.02005393159
-0.02055096758
-0.02139914802
-0.02266276627
-0.02429640379
-0.02614921896
-0.02797179597
-0.02942014616
-0.03007406024
-0.02948846507
-0.02730924013
-0.02338422301
-0.0179867053
-0.01196289876
-0.006735941195
-0.003982589928
-0.005556502131
-0.01076240154
-0.02547721849
-0.02583547222
-0.0263410999
-0.0269356137
-0.0280820544
-0.02988478456
-0.03231146005
-0.03519403887
-0.03822851078
-0.04096632108
-0.04282076738
-0.04310831216
-0.0411883383
-0.03658769625
-0.02932968107
-0.02023686985
-0.01114055771
-0.004643535647
-0.004129784608
-0.009122768651
-0.03272845483
-0.03289138478
-0.03325180146
-0.03375858272
-0.03503569442
-0.03725754473
-0.04042114084
-0.04435027839
-0.04869367612
-0.05290533158
-0.05623873639
-0.05778129709
-0.05652530836
-0.05163554931
-0.04270842075
-0.03028323289
-0.0163592094
-0.004447476386
-9.214257344e-05
-0.003413989569
-0.0408578561
-0.04063286073
-0.04057504787
-0.04060673705
-0.04164796145
-0.04397792249
-0.04763224417
-0.05242410627
-0.05795216532
-0.0635768267
-0.06840189316
-0.07129044339
-0.07093356125
-0.06606079661
-0.05575825526
-0.04003155385
-0.0206683126
-0.001720747847
0.008673177357
0.009485283488
-0.0502170356
-0.04909654249
-0.04808839632
-0.04698067903
-0.04720367459
-0.04915991717
-0.0529083217
-0.05822362563
-0.06462953539
-0.07137739497
-0.07742158063
-0.08141783316
-0.08178596686
-0.07685373321
-0.06520201968
-0.04615437933
-0.02095205139
0.00653783839
0.0256134526
0.03423636542
-0.06194432532
-0.05862661042
-0.05566715373
-0.05239636313
-0.05102778417
-0.05203553853
-0.05543287801
-0.06088974533
-0.06780010256
-0.07525936664
-0.08204987759
-0.08661189538
-0.08711041186
-0.08149869688
-0.06793139221
-0.04499942534
-0.01331247205
0.02480681442
0.05588489024
0.07757027419
-0.07869282066
-0.06974662784
-0.06298546671
-0.05615825967
-0.0523929725
-0.05197441816
-0.05470987023
-0.06004115042
-0.06714826502
-0.07492355392
-0.08193110657
-0.08636960753
-0.08613958422
-0.07881659368
-0.06211986564
-0.0340607436
0.005280478112
0.05845552227
0.1056302642
0.1478167097
-0.109344594
-0.08486740572
-0.07086635802
-0.05840045466
-0.05131509984
-0.04905962515
-0.05093327895
-0.05597889563
-0.06305877577
-0.07080175418
-0.07753219312
-0.08120493364
-0.0795096675
-0.0693419416
-0.04818530879
-0.01307635535
0.03763804731
0.1065058478
0.1773869864
0.2558533702
-0.1675867675
-0.09920338884
-0.07460012069
-0.05456648689
-0.04435475261
-0.04107893555
-0.04284368581
-0.04812350597
-0.05546120394
-0.06327614534
-0.06972344567
-0.07258300815
-0.06910903152
-0.05653996464
-0.03104575423
0.01151100029
0.07491865036
0.1656263504
0.2753781723
0.4369631958
-0.3975984188
-0.1374659639
-0.07465245488
-0.04697991718
-0.03342740531
-0.02968114064
-0.03209602192
-0.03817632867
-0.04616063801
-0.054377161
-0.06095799184
-0.06369117149
-0.06000675992
-0.04644179096
-0.01868355136
0.02962196683
0.1063736095
0.2327214544
0.419151086
0.7793202195
)


// ************************************************************************* //
