/*--------------------------------*- C++ -*----------------------------------*\
  =========                 |
  \\      /  F ield         | OpenFOAM: The Open Source CFD Toolbox
   \\    /   O peration     | Website:  https://openfoam.org
    \\  /    A nd           | Version:  13
     \\/     M anipulation  |
\*---------------------------------------------------------------------------*/
FoamFile
{
    format      ascii;
    class       vectorField;
    location    "8.09";
    object      U_all;
}
// * * * * * * * * * * * * * * * * * * * * * * * * * * * * * * * * * * * * * //


400
(
(3.133453074e-06 -2.443569763e-05 0)
(-0.0006509140438 0.000401749119 -1.416545269e-23)
(-0.002086688571 0.0008759913239 0)
(-0.003840748664 0.001241809267 0)
(-0.005650754374 0.001448682509 5.370849602e-25)
(-0.007338195433 0.001480609059 3.995882858e-24)
(-0.008778409243 0.001343587693 -2.020246023e-24)
(-0.009878377882 0.001059131132 1.332692283e-23)
(-0.01056352876 0.0006617105828 -2.611624037e-25)
(-0.01077669667 0.0001976032537 -4.813369439e-24)
(-0.01048192998 -0.0002800513965 6.767761472e-24)
(-0.009675574598 -0.0007084977336 -6.770851686e-23)
(-0.008399384165 -0.001028312694 -7.533559262e-23)
(-0.006748195004 -0.001189941951 -8.891388116e-23)
(-0.00487504478 -0.001165182715 5.36041595e-24)
(-0.002986319509 -0.000957941481 -5.056519521e-24)
(-0.001321793582 -0.0006120040151 -2.68581335e-22)
(-0.0001404178602 -0.0002083714778 0)
(0.0004315782243 0.0001273459269 4.908229364e-25)
(0.0002003948706 0.0002742027748 -4.736222465e-23)
(-0.0002489156531 0.0008053580972 1.260731624e-25)
(-0.002545783341 0.003202330902 1.426032265e-23)
(-0.006480505156 0.005269473643 1.370937932e-25)
(-0.01119842753 0.006575147462 -6.737248538e-25)
(-0.01604834525 0.007086097734 8.724106851e-25)
(-0.02058961371 0.006852386713 8.402430483e-24)
(-0.02448964284 0.005958262339 6.193413432e-24)
(-0.02749417814 0.004509261245 -1.294024899e-23)
(-0.02940337831 0.002636013404 1.334276246e-23)
(-0.0300722895 0.0005011680371 5.45236229e-24)
(-0.02941166915 -0.001694113417 -7.371589431e-24)
(-0.02741573313 -0.003724964243 2.408693207e-24)
(-0.02419482482 -0.0053506757 4.357514007e-23)
(-0.019985584 -0.006348101729 -2.362663625e-24)
(-0.01516392051 -0.006551755271 4.63814723e-24)
(-0.0102305746 -0.005900000618 -1.321766391e-22)
(-0.005763380086 -0.004479395476 1.329296391e-22)
(-0.002345981852 -0.002562329396 -1.066995481e-24)
(-0.0002856400401 -0.0006328290462 1.093898166e-24)
(6.260420471e-05 0.0005094048015 0)
(-0.0003869583854 0.002773310979 -2.595122328e-25)
(-0.004325010996 0.008250479226 1.398097063e-23)
(-0.01058016717 0.01237392881 -8.353678889e-24)
(-0.01798744509 0.01475056912 -1.476854652e-25)
(-0.02558759609 0.015454659 1.450851292e-25)
(-0.03274280206 0.01466259856 1.365345688e-25)
(-0.03895205415 0.01257773608 -5.856083318e-24)
(-0.04382138409 0.009416735387 -7.8059656e-25)
(-0.04703605874 0.005426746488 -1.397402915e-23)
(-0.04835381785 0.0009082041482 0)
(-0.04762764644 -0.003765170166 0)
(-0.04483219114 -0.008162180692 3.176019923e-23)
(-0.04009839885 -0.0118049778 3.351928095e-23)
(-0.03375266367 -0.014225681 -2.090985927e-24)
(-0.02633038595 -0.01504184057 6.495006608e-23)
(-0.01856062568 -0.01405267317 1.279465198e-22)
(-0.01130043042 -0.01134303158 8.023165325e-23)
(-0.005417035555 -0.007378125416 1.783316589e-24)
(-0.001487495536 -0.003067138622 -6.191803355e-25)
(-9.475586575e-05 7.970976892e-05 0)
(-0.0004592975895 0.005657181897 -3.543747678e-23)
(-0.005925546296 0.01526496567 -1.385774276e-23)
(-0.01439559529 0.02194773601 8.262874862e-24)
(-0.02438075628 0.02557706832 0)
(-0.03464028737 0.02644225095 0)
(-0.04437454601 0.02490202208 0)
(-0.05294568094 0.02130685223 -2.258819812e-25)
(-0.05983876316 0.01599703099 1.777159285e-24)
(-0.06462538661 0.009342313134 0)
(-0.06695665515 0.001789298401 2.939133879e-24)
(-0.06658716994 -0.006105621848 3.668210239e-25)
(-0.06341340974 -0.01366430855 -3.678481693e-25)
(-0.0575270678 -0.0201155001 0)
(-0.049272682 -0.02466449882 5.739037839e-23)
(-0.03928525494 -0.02661075208 -6.286491974e-23)
(-0.02849271886 -0.02551233041 -4.824866816e-23)
(-0.01805136633 -0.0213782724 -8.077976855e-23)
(-0.009194531334 -0.01485064137 7.229806988e-25)
(-0.002916077005 -0.007313964833 4.398925472e-23)
(-0.0002242860537 -0.00101408413 0)
(-0.0004851299548 0.009400755408 3.561386774e-23)
(-0.007384327604 0.02413676103 4.997669944e-25)
(-0.01797283564 0.0338894052 -4.883524002e-25)
(-0.03046203176 0.03898707438 0)
(-0.04336262826 0.04004865313 6.558752124e-25)
(-0.05574071417 0.03767073542 -6.467806422e-25)
(-0.0668486284 0.03236752612 2.87200447e-23)
(-0.07606635036 0.02459678758 9.470619635e-24)
(-0.08284923655 0.01483362873 3.005757848e-24)
(-0.08671541111 0.003652733036 -2.942557269e-24)
(-0.08727150832 -0.008206601133 0)
(-0.08426206607 -0.01980873228 6.728435905e-25)
(-0.07764668048 -0.03003507013 1.93545385e-23)
(-0.06769314981 -0.03766731575 -6.064473599e-23)
(-0.0550600762 -0.04154673013 3.123336564e-24)
(-0.0408480022 -0.04082462101 8.473056528e-23)
(-0.02656654934 -0.03528321399 -1.083750381e-24)
(-0.01396383367 -0.02565913656 0)
(-0.004679527396 -0.01383578821 4.903634236e-23)
(-0.000344379321 -0.002931452652 -1.909596492e-22)
(-0.0004847731497 0.01394174752 9.788946196e-23)
(-0.00870601756 0.03475448528 -5.01167935e-25)
(-0.02127751695 0.04810688062 0)
(-0.03616584243 0.05494386062 0)
(-0.05167562349 0.05632590481 -8.009232343e-23)
(-0.0667714804 0.05314068716 -7.547148441e-23)
(-0.08062546112 0.04607405954 -3.181258578e-23)
(-0.09253117405 0.03567829717 -9.988448054e-24)
(-0.1018282793 0.02249294534 -2.486694108e-24)
(-0.1078775808 0.007174770099 -5.657726989e-24)
(-0.1100849095 -0.009391219593 3.736999591e-24)
(-0.1079583986 -0.0260217924 3.247333274e-24)
(-0.1012134999 -0.04121259641 -1.609104857e-23)
(-0.08991529801 -0.05321653441 -1.965217905e-23)
(-0.07462988639 -0.06023130006 0)
(-0.05656582388 -0.06074711177 -3.899866911e-23)
(-0.0376235356 -0.05404837517 7.632254838e-25)
(-0.02024087788 -0.04077641846 0)
(-0.007011598227 -0.0233104068 -9.224652239e-23)
(-0.0004902781325 -0.005885991783 4.667021013e-22)
(-0.0004670825862 0.01919961425 -9.720957671e-23)
(-0.009848968719 0.04695275428 2.70707805e-22)
(-0.02418575543 0.06442201289 1.449854752e-22)
(-0.04127372554 0.07331391533 3.365333126e-24)
(-0.05926190662 0.07523263408 -6.79677485e-23)
(-0.07705524477 0.07140489716 8.020706256e-23)
(-0.09378300908 0.06268844743 -3.162894213e-24)
(-0.1086816774 0.04969295905 -1.41539813e-24)
(-0.1209899194 0.03295928567 2.034546389e-24)
(-0.1299038263 0.01314966449 5.039439518e-24)
(-0.1345928388 -0.008780195104 -3.778342865e-24)
(-0.1342537331 -0.03145457235 -3.637922683e-24)
(-0.1282407383 -0.05297914012 -2.959888851e-23)
(-0.1162621203 -0.07099164645 5.323209132e-24)
(-0.0986151114 -0.08283670966 -2.984967069e-25)
(-0.07646559055 -0.08599701 0)
(-0.05205718906 -0.07882232134 0)
(-0.0286619659 -0.06147748211 -1.86979397e-24)
(-0.0102261958 -0.03673072982 1.911269904e-24)
(-0.0006934970563 -0.01026835218 9.488490929e-23)
(-0.0004321006968 0.02505269839 0)
(-0.01073472932 0.06047411828 1.880384344e-22)
(-0.02649973547 0.08252714499 8.412569442e-23)
(-0.04543215969 0.09380696217 0)
(-0.06558290915 0.0965514571 1.44780973e-22)
(-0.08584481152 0.09237053118 0)
(-0.1053507142 0.08229160358 -1.279142192e-22)
(-0.1233246319 0.06693831577 5.72501928e-24)
(-0.1389434505 0.04677538477 0)
(-0.1512655965 0.02236682732 0)
(-0.1592327636 -0.005379150468 -1.086275126e-24)
(-0.1616921028 -0.03497413938 -6.370683904e-25)
(-0.1575442329 -0.06422977759 1.104261581e-22)
(-0.1459854043 -0.0901411191 -4.286187733e-23)
(-0.1268083487 -0.1090198946 -1.434926058e-24)
(-0.1008611465 -0.1169395846 4.716401383e-25)
(-0.07051257709 -0.1106861424 -4.790862831e-25)
(-0.03987557097 -0.0892533429 0)
(-0.01469209516 -0.05541729018 2.567169268e-24)
(-0.0009925503238 -0.01665283931 -8.424198605e-22)
(-0.000379484828 0.03132887663 0)
(-0.01127930606 0.07494588882 -1.078992099e-22)
(-0.02799540057 0.1019496569 -5.851309162e-22)
(-0.04821651964 0.115917285 -3.524872441e-22)
(-0.06995231006 0.1197990335 0)
(-0.09213162873 0.1156330723 3.78330164e-22)
(-0.1139436682 0.1046212882 1.129027951e-22)
(-0.1346613084 0.0873655231 -4.932366469e-24)
(-0.1534713414 0.06418009578 4.907954935e-24)
(-0.1693725741 0.03542154444 0)
(-0.1811179417 0.001811618179 2.546147054e-23)
(-0.1872732928 -0.03523901575 3.897268052e-24)
(-0.1862926294 -0.07338445758 -8.481514891e-23)
(-0.1767144748 -0.1090845965 5.87644213e-23)
(-0.1575797931 -0.1375643046 -1.903728483e-22)
(-0.129021469 -0.1531349538 0)
(-0.09306927427 -0.1502409684 0)
(-0.05437943062 -0.1255775168 0)
(-0.02081673894 -0.08097980114 0)
(-0.00143856671 -0.02583538739 4.686847528e-22)
(-0.0003159571925 0.03781480436 0)
(-0.01143694431 0.08989112249 -3.307089634e-22)
(-0.02850213034 0.12204577 8.446037055e-22)
(-0.04924360183 0.1388887626 3.394750207e-22)
(-0.07167738418 0.1441540531 0)
(-0.09481315897 0.1403604659 -3.548715931e-22)
(-0.1179510548 0.1289067045 -2.896223049e-23)
(-0.1404853731 0.1103609139 3.039445516e-22)
(-0.1617088021 0.0848374941 1.604689935e-22)
(-0.1806817146 0.05239277983 -3.67057934e-23)
(-0.1961458889 0.01341659058 1.564835254e-23)
(-0.2065022805 -0.030985433 -7.226523055e-24)
(-0.2098433257 -0.07854638313 2.997161996e-22)
(-0.2040877611 -0.1254761247 0)
(-0.1873344764 -0.1660921635 1.904647477e-22)
(-0.1585513076 -0.1928118472 4.226368147e-24)
(-0.1187108997 -0.1969854188 -4.289404268e-24)
(-0.07223587806 -0.1714404186 1.060308413e-22)
(-0.0290033734 -0.115161403 -3.998857693e-24)
(-0.002108719479 -0.03886051866 0)
(-0.0002639129492 0.04429669654 0)
(-0.01125942956 0.10478395 0)
(-0.02801174251 0.1420384902 -4.752434912e-22)
(-0.04832967022 0.1617226234 -1.777443779e-23)
(-0.07026935095 0.1684305391 1.901203564e-23)
(-0.0929664057 0.1652279544 -1.878754956e-23)
(-0.1158877084 0.1537576401 -2.130791466e-23)
(-0.1386268982 0.1345787818 -2.760742641e-22)
(-0.1606957667 0.1076017025 6.419982045e-23)
(-0.1813754209 0.07253397279 4.075909885e-23)
(-0.1995981903 0.02931702024 -4.118784814e-23)
(-0.2138496221 -0.02142931118 0)
(-0.2221225577 -0.07788570148 -6.289319123e-23)
(-0.2219019643 -0.1364537321 0)
(-0.210350622 -0.1910395757 -3.355724663e-22)
(-0.1849345096 -0.2324616568 4.575208486e-22)
(-0.1447344005 -0.2485776607 0)
(-0.09262904649 -0.2266015043 -1.020308961e-22)
(-0.03954041398 -0.1594825073 1.444581571e-22)
(-0.003124600177 -0.05702758412 -2.919018832e-22)
(-0.0002747002622 0.05064232151 0)
(-0.01097289359 0.1191593261 8.756813369e-22)
(-0.02680830374 0.1611076105 -2.321134141e-23)
(-0.04567276666 0.1832388979 8.740674934e-22)
(-0.06568747507 0.1911179845 -2.374290292e-23)
(-0.08617722806 0.1884428325 2.653273012e-23)
(-0.1068405763 0.1771707859 -2.629052281e-23)
(-0.1275483278 0.1579144471 -1.541281484e-23)
(-0.1481392725 0.1304314408 -4.883798743e-22)
(-0.1682721255 0.09410378127 -8.255894762e-24)
(-0.1872909465 0.04838692923 8.958012689e-24)
(-0.2040697035 -0.00673971686 3.107380225e-22)
(-0.216868714 -0.07024753331 -5.405688036e-22)
(-0.2231337742 -0.1392727619 0)
(-0.2194077624 -0.208116863 8.14675367e-22)
(-0.2016447722 -0.2668715104 -4.311441655e-22)
(-0.1663839052 -0.3002719859 -1.371577813e-23)
(-0.1133287176 -0.2886375312 0)
(-0.05236937106 -0.2145876085 -1.405523205e-22)
(-0.004674495194 -0.08183863615 2.876604888e-22)
(-0.0004536081617 0.05694001113 1.480332981e-23)
(-0.01108018835 0.132782132 -8.357671914e-22)
(-0.02560608622 0.1785279493 -1.109368902e-21)
(-0.04201948887 0.2021871956 -8.204347739e-22)
(-0.058546342 0.2104907921 0)
(-0.07482104384 0.2078738952 3.315360274e-23)
(-0.09086911273 0.1966843747 -6.872091748e-23)
(-0.1069184713 0.177667024 5.517393241e-23)
(-0.1232176305 0.1505168131 2.821250045e-22)
(-0.1399123484 0.1143788011 -1.060382657e-23)
(-0.1569234415 0.06827690466 0)
(-0.1737940058 0.01151321947 -3.377060188e-22)
(-0.1894230952 -0.05586270678 7.115794994e-22)
(-0.201740573 -0.1322684056 8.423928946e-22)
(-0.2073270007 -0.2133510745 -4.919517288e-22)
(-0.2011331652 -0.2898968181 4.8557045e-22)
(-0.1770928647 -0.3449756749 9.08059184e-24)
(-0.1302937461 -0.352110765 -9.226428203e-24)
(-0.06668793315 -0.2792550633 -1.242735089e-22)
(-0.007024247068 -0.114824146 0)
(-0.001009190565 0.06371751559 -1.834962041e-23)
(-0.01250532259 0.1458504067 -1.279840525e-21)
(-0.0256738333 0.1937961183 1.049359097e-21)
(-0.03874890459 0.2173360641 6.489386957e-22)
(-0.05016788528 0.224719206 5.782153177e-22)
(-0.06011402116 0.2212266109 6.363981062e-22)
(-0.069094845 0.209637338 -4.235916613e-23)
(-0.07778587836 0.1908778611 -3.302846246e-22)
(-0.0868930567 0.1646656236 2.053861413e-22)
(-0.09708294686 0.1300267625 0)
(-0.1089063552 0.08568737776 0)
(-0.1226763043 0.03038336391 2.558569473e-22)
(-0.1382221005 -0.03678753615 8.500277574e-23)
(-0.1544876975 -0.1158116753 -2.616617834e-22)
(-0.1689081542 -0.2044876629 -5.200930061e-23)
(-0.1765034654 -0.2959897266 1.357857898e-22)
(-0.1694809244 -0.3742781622 -3.177696962e-22)
(-0.1377145861 -0.4084067643 -3.421633188e-23)
(-0.08041654611 -0.349217517 1.241036651e-22)
(-0.01048404036 -0.1571927876 -6.299169473e-22)
(-0.002361683277 0.07232290622 0)
(-0.01680089306 0.1592581476 2.074738462e-21)
(-0.02886904579 0.2067376882 0)
(-0.0377045026 0.2275179046 -1.308066786e-21)
(-0.04223200194 0.2319405629 6.479586605e-23)
(-0.04361884875 0.2261920543 -5.931026696e-22)
(-0.04308614119 0.2134211158 -4.575691763e-22)
(-0.04185684006 0.1946945405 7.949062686e-22)
(-0.04110333873 0.1697741432 -1.79856194e-22)
(-0.0419651817 0.1376554428 0)
(-0.04554942977 0.09692810965 0)
(-0.05288266853 0.04598844432 2.569620354e-23)
(-0.06477663349 -0.01677525173 -5.812393958e-22)
(-0.08147678153 -0.09274206316 -4.172092599e-22)
(-0.1020429555 -0.182152458 4.550370012e-22)
(-0.1229500243 -0.2819905074 -6.242985567e-22)
(-0.1366347398 -0.3803135688 8.07675097e-23)
(-0.1284999103 -0.4466528502 4.849511318e-23)
(-0.08966821209 -0.4161850177 5.741537895e-22)
(-0.01529750889 -0.2091490421 6.287298812e-22)
(-0.00526868793 0.08539126437 0)
(-0.02628733816 0.1744275058 1.489812267e-22)
(-0.03721176132 0.2169798538 -4.793065312e-23)
(-0.04021681718 0.231052284 7.423281589e-22)
(-0.03533895898 0.2298034863 -6.787047471e-22)
(-0.02544010974 0.2201591132 4.59364829e-23)
(-0.01273922551 0.2053601704 -1.009968649e-22)
(0.0009143674546 0.1864111749 -3.254916493e-22)
(0.01392024066 0.1630314664 1.995922786e-22)
(0.0247784005 0.1342111309 0)
(0.0319836196 0.09852651325 0)
(0.03397679279 0.05428670394 -2.821541827e-22)
(0.02911824499 -0.0004123153592 0)
(0.01592957669 -0.0677786597 -5.43820895e-22)
(-0.006628208386 -0.1500181626 -1.054423976e-23)
(-0.03764649351 -0.2483171046 2.513967302e-23)
(-0.07263527249 -0.3577472772 2.091243326e-22)
(-0.09458095805 -0.4552578598 5.155668488e-24)
(-0.08815225359 -0.4673593635 -5.879113345e-22)
(-0.02111818557 -0.268311734 0)
(-0.01116349658 0.1085436046 0)
(-0.04333661694 0.1936777484 -8.651324276e-22)
(-0.05004803449 0.2236647429 -5.333599425e-22)
(-0.04269197102 0.2252823782 4.479676554e-22)
(-0.02362853205 0.2150492358 -1.810890776e-24)
(0.001660896215 0.1998981704 -4.463571112e-23)
(0.02981733568 0.1824976622 5.532341745e-22)
(0.05845420515 0.1633695575 -2.682856858e-23)
(0.08572897656 0.1419781147 -2.001282253e-22)
(0.1099844795 0.1172528706 3.05619771e-23)
(0.1295277378 0.08782738282 -3.34433003e-23)
(0.1425111042 0.05213022 -3.624965009e-23)
(0.1467249421 0.008374787382 3.159357396e-22)
(0.1398214573 -0.04582159531 6.040482811e-22)
(0.119099109 -0.113460864 -5.052279762e-22)
(0.08263167927 -0.1989583473 -1.628619843e-22)
(0.02895527115 -0.3056186061 1.500464378e-22)
(-0.02575302465 -0.4228388169 7.278986972e-23)
(-0.06591007211 -0.4858568184 1.907892344e-21)
(-0.02522310328 -0.3281437261 2.94863305e-21)
(-0.02001632738 0.1463568944 -4.342126426e-23)
(-0.06455297966 0.2111228196 4.369007328e-23)
(-0.05194630836 0.2167913254 9.89467319e-22)
(-0.02169013438 0.1998773049 -5.563575347e-24)
(0.02062018521 0.178994054 0)
(0.06693560369 0.1588156481 4.278372818e-23)
(0.1136039149 0.1401087707 -2.219177003e-22)
(0.1584502161 0.1223264698 -8.792265661e-23)
(0.1999701217 0.1044670798 3.578418904e-23)
(0.2367991516 0.08536974558 -1.65448445e-23)
(0.2674206969 0.0638045755 3.34828696e-23)
(0.2900463533 0.03848101172 -6.470332958e-23)
(0.3021390573 0.007910946343 -9.143971221e-23)
(0.3011103499 -0.02951272419 1.506329729e-22)
(0.2832402366 -0.07670496232 0)
(0.24452726 -0.1391024509 1.522287874e-22)
(0.1790895076 -0.2261510454 2.542007942e-22)
(0.09457759384 -0.3439825815 0)
(-0.007474834013 -0.4547512519 -3.665048217e-21)
(-0.0193463613 -0.3773206761 -2.886373854e-21)
(-0.02583219319 0.2279812219 -9.487662503e-22)
(-0.03984268672 0.2240304782 -1.380466025e-22)
(0.03641235782 0.1808824245 -2.309861265e-22)
(0.1082715923 0.1445372118 -1.176600669e-22)
(0.1801082617 0.1164264487 -4.274303064e-23)
(0.2465108455 0.09539892894 9.650495995e-23)
(0.3067419755 0.07925572769 -1.380184919e-22)
(0.360740182 0.06603955967 1.264559701e-22)
(0.408424613 0.05427451395 -8.382104004e-23)
(0.4493914044 0.04281479094 1.138451953e-25)
(0.482785391 0.03070779595 1.495809041e-23)
(0.5071838634 0.01710903175 7.849047411e-23)
(0.5206975188 0.001169252322 -1.787623909e-22)
(0.5208956883 -0.01800542553 -1.606166033e-22)
(0.5035414346 -0.04234785443 -4.258112191e-23)
(0.4646719385 -0.07600047856 0)
(0.3944179626 -0.1284794684 -1.817491771e-22)
(0.2909897145 -0.2208239155 8.116061995e-22)
(0.1193622171 -0.3524738941 1.626662121e-21)
(0.02660934095 -0.3774934171 2.170079753e-21)
(0.214380368 0.1348340964 9.835706985e-22)
(0.277915651 0.09882049471 0)
(0.4319794606 0.05815936161 -2.581715132e-22)
(0.5306118273 0.03844461711 -1.735809191e-22)
(0.601460953 0.02616241588 0)
(0.6564216002 0.01822617767 -5.937066357e-23)
(0.7003777602 0.01305375289 6.246023992e-23)
(0.7361178756 0.009495444175 -1.74853888e-23)
(0.7652636496 0.006806408351 2.804031407e-23)
(0.7885251965 0.004516781189 2.250838259e-23)
(0.8059207534 0.002314161851 0)
(0.8170007901 -3.107339787e-05 -2.816439613e-23)
(0.8207375283 -0.00259805992 0)
(0.8156948788 -0.005615577376 2.713092576e-23)
(0.7988891492 -0.009551627593 1.44217335e-23)
(0.7679588042 -0.01498469591 -5.761502473e-23)
(0.7107043641 -0.02504464077 -2.517904257e-22)
(0.6235590973 -0.04207474184 -6.892440195e-22)
(0.4230066503 -0.09186113838 0)
(0.2705588348 -0.1524170472 -2.116970479e-21)
)


// ************************************************************************* //
