/*--------------------------------*- C++ -*----------------------------------*\
  =========                 |
  \\      /  F ield         | OpenFOAM: The Open Source CFD Toolbox
   \\    /   O peration     | Website:  https://openfoam.org
    \\  /    A nd           | Version:  13
     \\/     M anipulation  |
\*---------------------------------------------------------------------------*/
FoamFile
{
    format      ascii;
    class       vectorField;
    location    "12.71";
    object      U_all;
}
// * * * * * * * * * * * * * * * * * * * * * * * * * * * * * * * * * * * * * //


400
(
(9.829759779e-06 -3.589295506e-05 0)
(-0.0006634426123 0.000411135112 -1.538650051e-23)
(-0.002169640544 0.0009133829661 0)
(-0.004015342066 0.001301717704 0)
(-0.005921925116 0.00152169756 6.65012278e-25)
(-0.007697158198 0.001556114742 4.121627947e-24)
(-0.009206704029 0.001411311869 -6.665019877e-24)
(-0.01035053127 0.001110471694 8.294297044e-24)
(-0.01104925555 0.0006908300778 -2.163458233e-25)
(-0.01124310778 0.0002021331727 -4.103486141e-24)
(-0.01089689557 -0.0002972183508 5.931628363e-24)
(-0.01001141159 -0.0007416340717 -6.041360652e-23)
(-0.008636282825 -0.001068396347 -6.68420192e-23)
(-0.006877953429 -0.001226426431 -7.932855542e-23)
(-0.004903526866 -0.001188269808 4.680012869e-24)
(-0.002934193027 -0.0009609724244 -4.263049725e-24)
(-0.001221006995 -0.000593925493 -2.093025091e-22)
(-3.604548139e-05 -0.0001752655681 0)
(0.0005060235467 0.0001655584958 1.98011283e-25)
(0.0002196509175 0.0003016866237 -8.770669561e-24)
(-0.0002610811552 0.0008249040001 1.357972276e-25)
(-0.002678594161 0.003355277579 1.548951843e-23)
(-0.006840950923 0.005552491002 1.54541743e-25)
(-0.01183583291 0.006941506234 -8.28216597e-25)
(-0.01696795757 0.007482224777 1.126439288e-24)
(-0.02176324899 0.007227048507 1.246240556e-23)
(-0.02586366985 0.006267008078 2.008578485e-24)
(-0.02899667796 0.004717530116 -8.024750652e-24)
(-0.03095085588 0.002722265793 1.057569574e-23)
(-0.0315746528 0.0004599577708 4.634758461e-24)
(-0.03078351852 -0.001855496977 -6.458256137e-24)
(-0.02858500729 -0.003978354749 2.879290025e-24)
(-0.02510808888 -0.005654836825 3.956399323e-23)
(-0.02061768317 -0.006653560617 -2.010130917e-24)
(-0.0155229445 -0.006808517138 3.874778819e-24)
(-0.01035883534 -0.006067086149 -1.021811032e-22)
(-0.005732276689 -0.004534872308 1.013891356e-22)
(-0.002248254681 -0.002513986439 -4.891688857e-25)
(-0.0001953886173 -0.0005201958204 5.014887176e-25)
(8.142095328e-05 0.0005957976161 0)
(-0.0004139248301 0.002909561598 -2.853513198e-25)
(-0.004598151662 0.008718164263 1.641905913e-23)
(-0.01125055727 0.01310715951 -8.445311061e-24)
(-0.01912266197 0.01563297528 -2.012122982e-25)
(-0.02718714769 0.01636691497 1.976632681e-25)
(-0.03475799871 0.01549666678 2.32422177e-26)
(-0.04129684344 0.01324335202 -1.818686999e-24)
(-0.04638276419 0.009845816207 -4.97555714e-25)
(-0.04968372326 0.005577862974 -1.10740634e-23)
(-0.05095563079 0.0007707039994 0)
(-0.05005305905 -0.004169675066 0)
(-0.04696411326 -0.008778793564 2.739057982e-23)
(-0.04185228122 -0.01255130412 2.885935714e-23)
(-0.03508109335 -0.01500074955 -1.70704251e-24)
(-0.02723066366 -0.01573972834 5.072873247e-23)
(-0.01907714101 -0.01458011324 9.882545419e-23)
(-0.01151972269 -0.01163961999 4.535904026e-23)
(-0.00545624815 -0.007437316809 6.037450964e-25)
(-0.001455146971 -0.002952547963 6.663585736e-27)
(-9.07868824e-05 0.0002052003227 0)
(-0.0004959482925 0.00598518086 -4.129905837e-23)
(-0.006330271401 0.01620093674 -1.631734734e-23)
(-0.01536250546 0.02331351023 8.369148431e-24)
(-0.02599264855 0.02715913273 0)
(-0.03688948982 0.02803852201 0)
(-0.04719390267 0.02633649897 0)
(-0.05622247265 0.02243603948 -6.881061332e-26)
(-0.06342798116 0.01671464935 -1.600104934e-24)
(-0.06836204442 0.009584417313 0)
(-0.07066700118 0.001538822365 1.816145704e-24)
(-0.07010310909 -0.006811028453 2.921882798e-25)
(-0.06658525741 -0.01474168848 -2.930060811e-25)
(-0.0602342327 -0.02143768508 0)
(-0.05143592147 -0.02607237238 4.356322215e-23)
(-0.04087604613 -0.02793196441 -4.902532994e-23)
(-0.02953872672 -0.02658681938 -3.048455308e-23)
(-0.01863518398 -0.02208985687 -4.530703983e-23)
(-0.009443689684 -0.01516183359 7.715057966e-25)
(-0.002967100728 -0.00729720514 9.038641888e-23)
(-0.0002306410519 -0.0008862824463 0)
(-0.0005247367865 0.009988645162 4.150034723e-23)
(-0.007893839963 0.02567587761 4.842001664e-25)
(-0.01918407792 0.03604463256 -4.731312935e-25)
(-0.03247197909 0.0414242228 0)
(-0.04615943466 0.04247062575 7.625525626e-25)
(-0.05924460716 0.03982736024 -7.51973608e-25)
(-0.07092894272 0.03405896227 3.560199372e-23)
(-0.08055679734 0.02567689729 1.722276176e-23)
(-0.08756117059 0.01521503275 5.779256805e-24)
(-0.09144962775 0.003311969072 -1.818259182e-24)
(-0.09183121189 -0.00922670745 0)
(-0.08846520639 -0.02139814256 4.701186669e-25)
(-0.08133711999 -0.03202443749 1.139667313e-23)
(-0.07075288986 -0.03983969144 -4.587633978e-23)
(-0.05742169654 -0.0436585542 2.098907578e-24)
(-0.04250556251 -0.04263708074 4.810349599e-23)
(-0.02758210945 -0.0366049376 -4.816279061e-25)
(-0.0144649814 -0.02639720066 0)
(-0.004832832475 -0.01404464966 5.360695718e-23)
(-0.0003612335187 -0.002857248949 -2.473306481e-22)
(-0.0005211033031 0.01483886129 9.844474551e-23)
(-0.00927877991 0.03699248911 -4.933809082e-25)
(-0.02264547653 0.05116271345 0)
(-0.03843897369 0.05834604056 0)
(-0.054843379 0.05967515899 -8.631297362e-23)
(-0.07074996796 0.05611065766 -8.363689114e-23)
(-0.08527713413 0.04840868592 -3.943337185e-23)
(-0.09768148771 0.03719182159 -1.432800621e-23)
(-0.1072790041 0.02307323055 -4.959108573e-24)
(-0.1134179678 0.00678749806 -7.812055457e-24)
(-0.115501916 -0.01070050793 6.189354699e-24)
(-0.113047766 -0.02812527896 8.027624761e-24)
(-0.1057893184 -0.04390897046 -1.850614782e-23)
(-0.09382037055 -0.0562391117 1.166183169e-24)
(-0.07775075863 -0.06326774795 0)
(-0.05884950012 -0.06347238708 -1.898144163e-23)
(-0.03909471937 -0.05617574969 8.597426597e-26)
(-0.02101275216 -0.04212599592 0)
(-0.007274370575 -0.02388146316 -1.437091458e-22)
(-0.0005170831396 -0.005917706097 5.861749323e-22)
(-0.0004946724535 0.02042843208 -9.777160775e-23)
(-0.01043077944 0.04993040368 2.81462262e-22)
(-0.02559122831 0.0684250582 1.516067224e-22)
(-0.04362389843 0.07772714838 3.583560464e-24)
(-0.06255302233 0.07955334808 -7.241390048e-23)
(-0.08120800396 0.07523245388 8.898007031e-23)
(-0.09866393862 0.06571376268 -3.52855349e-24)
(-0.1141208241 0.05169349932 -1.683659515e-24)
(-0.1267941953 0.03379911224 2.453178137e-24)
(-0.1358674372 0.01278119439 7.044910619e-24)
(-0.1405030674 -0.01031554302 -6.10932271e-24)
(-0.139901734 -0.03401885522 -8.907295962e-24)
(-0.1334278906 -0.0563544615 -3.217739245e-23)
(-0.1208038015 -0.07487782202 -3.065434566e-23)
(-0.1023562015 -0.08686556473 4.420754237e-25)
(-0.07929992219 -0.0897601697 0)
(-0.05395538057 -0.08192337697 0)
(-0.02970054485 -0.06361562949 -2.761037607e-24)
(-0.01060075451 -0.03780399893 2.822285036e-24)
(-0.0007291558526 -0.01046536497 1.016907539e-22)
(-0.0004460263944 0.02660150139 0)
(-0.01126194285 0.06416440872 1.983890699e-22)
(-0.02780030902 0.08744419276 8.880146331e-23)
(-0.04763397028 0.09919727713 0)
(-0.06869282738 0.1018134695 1.552354262e-22)
(-0.08979494405 0.09703441247 0)
(-0.1100202727 0.08600102286 -1.406660773e-22)
(-0.1285587926 0.06943984707 6.400441824e-24)
(-0.1445676966 0.04791436442 0)
(-0.1570963569 0.02208643961 0)
(-0.1650750186 -0.007038637004 -1.332792763e-24)
(-0.1673582871 -0.03788909689 -8.896117817e-25)
(-0.162855244 -0.06817481351 1.436520306e-22)
(-0.1507557989 -0.09480342436 -4.645206638e-23)
(-0.1308621375 -0.1140007702 -2.400702251e-24)
(-0.1040464092 -0.1217677613 1.384838592e-24)
(-0.07273425214 -0.1148576427 -1.406692789e-24)
(-0.0411441438 -0.09231912198 0)
(-0.01517357023 -0.05712086226 3.114828913e-24)
(-0.001036992021 -0.01707455813 -9.890837824e-22)
(-0.0003757094482 0.03314798216 0)
(-0.01168527863 0.07924655585 -1.121455039e-22)
(-0.02903927976 0.1076586214 -6.142035498e-22)
(-0.0500261564 0.122160136 -3.721853407e-22)
(-0.07254643007 0.1258849375 0)
(-0.09545742825 0.1210301081 4.070570142e-22)
(-0.117897804 0.1089331603 1.241723474e-22)
(-0.1391100935 0.09031621555 -5.487696668e-24)
(-0.1582664456 0.06560506802 5.460534597e-24)
(-0.1743626158 0.03526193704 0)
(-0.1861659802 0.0001078114255 2.859846617e-23)
(-0.192241011 -0.03836492728 4.581742826e-24)
(-0.1910386394 -0.07771462503 -1.044128707e-22)
(-0.1810998099 -0.1143192359 7.701208635e-23)
(-0.1614481306 -0.1433121867 -2.346827532e-22)
(-0.1322029269 -0.1589051182 0)
(-0.09540698791 -0.1554528909 0)
(-0.05579042036 -0.1296289569 0)
(-0.02138661318 -0.08340791411 0)
(-0.001491727431 -0.02653702154 5.448488614e-22)
(-0.0002920653272 0.0398173396 0)
(-0.01166092903 0.09462572549 -3.466029935e-22)
(-0.02914709262 0.1283360169 8.862190768e-22)
(-0.05042848024 0.14576788 3.584888501e-22)
(-0.07343190791 0.1508558784 0)
(-0.09710132152 0.1462992528 -3.816910433e-22)
(-0.1206896655 0.1336541461 -3.134134082e-23)
(-0.1435657988 0.1136286195 3.290851393e-22)
(-0.1650162743 0.08646407686 1.74587408e-22)
(-0.1841110471 0.05233162479 -4.004681996e-23)
(-0.1996145941 0.011720456 1.644141069e-23)
(-0.2099478908 -0.03417369787 -8.117928756e-24)
(-0.2132156663 -0.08302248869 3.319071245e-22)
(-0.2073321335 -0.13097281 0)
(-0.1903627114 -0.1722669932 2.347961303e-22)
(-0.1612224447 -0.199215566 5.55720542e-24)
(-0.1208357195 -0.2030270001 -5.640089043e-24)
(-0.07363059375 -0.1764011004 1.480305231e-22)
(-0.02961982142 -0.1183416601 -5.234888799e-24)
(-0.00216973512 -0.03988414002 0)
(-0.0002197280577 0.04636497888 0)
(-0.0112561069 0.1097130452 0)
(-0.02814615716 0.1486226546 -4.983527047e-22)
(-0.04870230556 0.1689414107 -1.865979405e-23)
(-0.07091960322 0.1754607802 2.018525985e-23)
(-0.09387728872 0.1714395325 -1.994692198e-23)
(-0.1169998001 0.1586982819 -2.290138179e-23)
(-0.1398605041 0.1379584929 -2.991113166e-22)
(-0.1619733083 0.1092774519 6.660821331e-23)
(-0.1826415787 0.07249233506 4.450865106e-23)
(-0.200835376 0.02764889078 -4.512618986e-23)
(-0.2150794495 -0.0245580923 0)
(-0.2233983505 -0.08226157612 -7.618261236e-23)
(-0.2232831548 -0.1418471035 0)
(-0.211860163 -0.1971871552 -3.686212315e-22)
(-0.1865157335 -0.2390189461 5.151872233e-22)
(-0.1462223073 -0.2550347867 0)
(-0.09377125072 -0.2322129268 -1.427869351e-22)
(-0.04012832591 -0.1633347853 1.869285525e-22)
(-0.003190658962 -0.05838761949 -3.343517888e-22)
(-0.0002123953071 0.05263944695 0)
(-0.01072008059 0.1240013742 9.121299408e-22)
(-0.02636966286 0.16764505 -2.423384739e-23)
(-0.04512194959 0.19044515 9.128080268e-22)
(-0.06507388135 0.198136709 -2.492195613e-23)
(-0.08550909907 0.1946114349 2.812215926e-23)
(-0.1060916252 0.1820209149 -2.786544504e-23)
(-0.1266776336 0.1611630271 -1.643937551e-23)
(-0.1471134406 0.1319645494 -5.206959977e-22)
(-0.1670871258 0.09395600526 -8.814816026e-24)
(-0.1859903794 0.04670691731 9.562272792e-24)
(-0.2027417958 -0.00973389899 3.284601483e-22)
(-0.2156577607 -0.07432849682 -5.763208763e-22)
(-0.2222120608 -0.1442295514 0)
(-0.2189186824 -0.2137692617 8.78501371e-22)
(-0.2016537939 -0.2730189294 -4.853408435e-22)
(-0.1668159632 -0.3065737863 -1.544463302e-23)
(-0.1139367737 -0.2944502852 0)
(-0.05281738073 -0.2188877328 -1.823070289e-22)
(-0.004739224221 -0.08350281596 3.293757632e-22)
(-0.0003771538199 0.0587248638 1.540796946e-23)
(-0.01058274217 0.1372416294 -8.705447556e-22)
(-0.02459247668 0.1846574756 -1.150199348e-21)
(-0.04053047001 0.2090084149 -8.567769182e-22)
(-0.05664387854 0.2171452786 0)
(-0.07254965258 0.2136835107 3.485477259e-23)
(-0.08825209557 0.2011736796 -7.234705649e-23)
(-0.1039715653 0.1805650697 5.818267775e-23)
(-0.1199644217 0.1517397522 2.993154817e-22)
(-0.1364006185 0.1140104358 -1.11870171e-23)
(-0.153241943 0.0665258667 0)
(-0.1700872215 0.00865688447 -3.572509808e-22)
(-0.1858816326 -0.05955555611 7.460824091e-22)
(-0.1985855701 -0.1365809324 8.776286303e-22)
(-0.2047919212 -0.218160394 -5.244820689e-22)
(-0.1994013558 -0.2951406771 5.121004476e-22)
(-0.1762212294 -0.3505282828 1.054902319e-23)
(-0.1301289713 -0.3575530277 -1.071843805e-23)
(-0.06686514829 -0.2836300234 -8.789804988e-23)
(-0.00707581329 -0.1166959593 0)
(-0.0009237603562 0.06516079279 -1.900471917e-23)
(-0.01179629926 0.1496491084 -1.320201882e-21)
(-0.02414869814 0.1991728253 1.087782816e-21)
(-0.03641163208 0.223418281 6.699772094e-22)
(-0.04709548032 0.2306857245 5.981429558e-22)
(-0.0563995436 0.2264083 6.60410051e-22)
(-0.06483000722 0.2135633036 -4.427217342e-23)
(-0.07306596078 0.1932924802 -3.439143833e-22)
(-0.08181687532 0.1655035151 2.138453666e-22)
(-0.09175639263 0.1294047567 0)
(-0.1034559536 0.08385343644 0)
(-0.117255115 0.02765714187 2.642213535e-22)
(-0.1330152207 -0.04008120748 8.238554702e-23)
(-0.1497108163 -0.1194320473 -2.793490012e-22)
(-0.1648041298 -0.20832264 -5.382941289e-23)
(-0.1733147248 -0.3000596362 1.310033138e-22)
(-0.1673831778 -0.3786473829 -3.370680201e-22)
(-0.1367030715 -0.412936647 -1.838977307e-23)
(-0.08021930575 -0.3532033943 8.777795308e-23)
(-0.01050538008 -0.1591087541 -6.068091301e-22)
(-0.002274725416 0.07332354991 0)
(-0.01594623544 0.1621692283 2.13567096e-21)
(-0.02696853495 0.2110726224 0)
(-0.03472214084 0.2325643027 -1.345547976e-21)
(-0.03825708028 0.2369597358 6.226712455e-23)
(-0.03879830516 0.2305558302 -6.155783758e-22)
(-0.03758826449 0.2166776438 -4.7303041e-22)
(-0.03587137664 0.19661732 8.252295481e-22)
(-0.03481725214 0.1702844711 -1.873546486e-22)
(-0.03554363483 0.1368772089 0)
(-0.03915182223 0.09511293501 0)
(-0.04665345553 0.0434656544 2.433081484e-23)
(-0.05886036511 -0.01966116129 -5.980934588e-22)
(-0.07602388443 -0.09572656159 -4.291118052e-22)
(-0.097226525 -0.1850908186 4.626448234e-22)
(-0.1189840589 -0.2849010444 -6.45587824e-22)
(-0.1337432294 -0.3833622296 8.97431658e-23)
(-0.1268131665 -0.4499335068 3.193589459e-23)
(-0.08908730531 -0.4193588148 5.670768052e-22)
(-0.0152745988 -0.2108977628 6.056656564e-22)
(-0.00519315014 0.08589718475 0)
(-0.02540196399 0.1763162979 1.469059705e-22)
(-0.03517223448 0.2200830507 -4.899388814e-23)
(-0.03694242027 0.2348600807 7.611511846e-22)
(-0.03091615759 0.2337064823 -6.974235131e-22)
(-0.02005607894 0.2236088821 4.724310008e-23)
(-0.006607065406 0.2079491396 -1.017363753e-22)
(0.007508126495 0.187905167 -3.371377773e-22)
(0.02069795215 0.1633616109 2.053489006e-22)
(0.03154037679 0.1334660068 0)
(0.03853839608 0.09691601098 0)
(0.04018966353 0.05209924811 -2.891703807e-22)
(0.03487219319 -0.002868236585 0)
(0.02114964463 -0.07020034333 -5.502667374e-22)
(-0.001998678583 -0.152225379 -1.432511167e-23)
(-0.03372179261 -0.2502851056 2.554073347e-23)
(-0.06958611274 -0.3596349214 2.188801254e-22)
(-0.09260153387 -0.4572527792 4.8320627e-24)
(-0.08731177973 -0.4694878306 -5.800872155e-22)
(-0.02104503129 -0.2696851643 0)
(-0.01112281982 0.1085898858 0)
(-0.04260887558 0.1945674562 -8.820246749e-22)
(-0.04825182766 0.2255134599 -5.399900618e-22)
(-0.03968975914 0.2277990828 4.534495252e-22)
(-0.01946259618 0.2177887053 -1.723626306e-24)
(0.006818861285 0.2024200365 -4.54714971e-23)
(0.03572265191 0.1844612932 5.67297225e-22)
(0.06480616415 0.1645331981 -2.755144684e-23)
(0.09222528032 0.142278843 -2.060251936e-22)
(0.1163681089 0.1167264789 3.130335838e-23)
(0.1355819987 0.08661662519 -3.414769921e-23)
(0.1480800586 0.05045073166 -3.68150855e-23)
(0.151738808 0.00645993762 3.199311138e-22)
(0.1442533072 -0.04767002709 6.109446048e-22)
(0.1229251748 -0.1150549891 -5.095097114e-22)
(0.08584865139 -0.2002224117 -1.618158257e-22)
(0.03156295867 -0.3066282483 1.526037739e-22)
(-0.02392748604 -0.4238303947 7.292412542e-23)
(-0.06504714369 -0.4869874579 1.912512256e-21)
(-0.02511672321 -0.3290186641 2.954115489e-21)
(-0.02004243021 0.1461128805 -4.383287718e-23)
(-0.06421924875 0.2112704188 4.410426317e-23)
(-0.05087933401 0.2175961428 9.986385725e-22)
(-0.01967203179 0.2012427981 -7.889473041e-24)
(0.02364877709 0.1806393267 0)
(0.07089276549 0.1604332643 4.351478739e-23)
(0.1183064646 0.1414414632 -2.266055733e-22)
(0.1636395293 0.1231862651 -8.99469331e-23)
(0.2053595553 0.1047719394 3.666390456e-23)
(0.242116146 0.08512074402 -1.69517167e-23)
(0.2724273549 0.06308476918 3.418810093e-23)
(0.2945457811 0.03743612545 -6.5761694e-23)
(0.3060802502 0.006731191124 -9.280699722e-23)
(0.3044537363 -0.03068924693 1.51573011e-22)
(0.285970216 -0.07770641117 0)
(0.2467196704 -0.1398217996 1.508310409e-22)
(0.1808189676 -0.2265815355 2.558328853e-22)
(0.09584023129 -0.3443282711 0)
(-0.0068016672 -0.455156474 -3.674144455e-21)
(-0.01924114423 -0.3776941806 -2.891760861e-21)
(-0.02590711455 0.2277250925 -9.51036793e-22)
(-0.03996352615 0.2238508149 -1.387740712e-22)
(0.03653946228 0.181032994 -2.331855822e-22)
(0.1089396437 0.145025851 -1.191218005e-22)
(0.1814914017 0.1171286324 -4.292525e-23)
(0.248656602 0.09615615862 9.763600435e-23)
(0.309572507 0.07991991758 -1.404497039e-22)
(0.3640808318 0.06649715116 1.292559012e-22)
(0.4120435684 0.05446504177 -8.586838442e-23)
(0.4530423336 0.04272705066 1.131130047e-25)
(0.4862403347 0.03037893023 1.523384666e-23)
(0.5102606125 0.01661057477 7.977216813e-23)
(0.5232596439 0.0006233280735 -1.808031611e-22)
(0.522875498 -0.01854905534 -1.615825582e-22)
(0.5050084189 -0.04279615157 -4.263106264e-23)
(0.4657138276 -0.07628901691 0)
(0.3951553231 -0.1285954164 -1.842351844e-22)
(0.2915209069 -0.2208426286 8.14429959e-22)
(0.119693476 -0.3524980246 1.630917369e-21)
(0.0266923203 -0.3775419872 2.172301365e-21)
(0.2143023511 0.1347574029 9.86075029e-22)
(0.2776713623 0.09872131867 0)
(0.431704155 0.05811178816 -2.592449214e-22)
(0.5304937001 0.03846011642 -1.740734056e-22)
(0.6016627601 0.02622392315 0)
(0.6570209179 0.01830621672 -5.998322795e-23)
(0.7013607989 0.01312484002 6.358895228e-23)
(0.7373973145 0.009535939248 -1.792869188e-23)
(0.7667054509 0.006805186973 2.874414533e-23)
(0.7899793949 0.004472396638 2.306097828e-23)
(0.8072467754 0.002234520806 0)
(0.8180923785 -0.0001334048154 -2.865348828e-23)
(0.8215288586 -0.002705966417 0)
(0.8161690529 -0.005699256119 2.735092388e-23)
(0.7991030894 -0.009603455607 1.424893776e-23)
(0.7679952521 -0.01500032501 -5.793999404e-23)
(0.7106625941 -0.02502858594 -2.533180093e-22)
(0.623522875 -0.04204681455 -6.914612983e-22)
(0.4230085401 -0.09183385122 0)
(0.2705662027 -0.1524040726 -2.119138475e-21)
)


// ************************************************************************* //
