/*--------------------------------*- C++ -*----------------------------------*\
  =========                 |
  \\      /  F ield         | OpenFOAM: The Open Source CFD Toolbox
   \\    /   O peration     | Website:  https://openfoam.org
    \\  /    A nd           | Version:  13
     \\/     M anipulation  |
\*---------------------------------------------------------------------------*/
FoamFile
{
    format      ascii;
    class       vectorField;
    location    "44.51";
    object      U_all;
}
// * * * * * * * * * * * * * * * * * * * * * * * * * * * * * * * * * * * * * //


400
(
(1.100723094e-05 -3.78309264e-05 0)
(-0.0006660938514 0.0004130430545 -1.551363044e-23)
(-0.002185373856 0.0009203936601 0)
(-0.004047832165 0.001312780627 0)
(-0.005971868276 0.001535065553 6.845793841e-25)
(-0.007762784041 0.001569848173 4.150869976e-24)
(-0.009284546289 0.001423564492 -7.373858798e-24)
(-0.010435942 0.00111972427 7.530171588e-24)
(-0.01113681423 0.0006960831295 -2.095355922e-25)
(-0.01132711103 0.0002030775521 -3.99461468e-24)
(-0.01097177252 -0.0003002339304 5.803569563e-24)
(-0.01007232845 -0.0007475166784 -5.929517569e-23)
(-0.00867988099 -0.001075562641 -6.552649551e-23)
(-0.006902853646 -0.001233043999 -7.784269103e-23)
(-0.004910737996 -0.001192638124 4.573563924e-24)
(-0.00292723115 -0.0009619203498 -4.137905258e-24)
(-0.00120529822 -0.0005912119934 -1.998734446e-22)
(-1.906783758e-05 -0.0001698834491 0)
(0.0005181543186 0.000172085211 1.50943604e-25)
(0.0002227514911 0.0003059788484 -2.550632837e-24)
(-0.0002633620817 0.0008289711594 1.382925969e-25)
(-0.00270330441 0.003383842972 1.561161384e-23)
(-0.006907276575 0.005604502145 1.555434693e-25)
(-0.01195231956 0.007008207661 -8.495800782e-25)
(-0.01713504407 0.00755377571 1.162200469e-24)
(-0.02197535435 0.007294199799 1.306965391e-23)
(-0.02611076165 0.006321895262 1.387625997e-24)
(-0.029265649 0.004754194815 -7.281918841e-24)
(-0.03122673204 0.002737153279 1.015241933e-23)
(-0.03184201117 0.0004524065554 4.509953712e-24)
(-0.03102761485 -0.001884144808 -6.318838895e-24)
(-0.02879316618 -0.004023029891 2.961627131e-24)
(-0.02527138363 -0.00570835459 3.895508054e-23)
(-0.02073194932 -0.00670740923 -1.954753023e-24)
(-0.01558962717 -0.006854139975 3.754450725e-24)
(-0.01038513464 -0.006097464937 -9.740916014e-23)
(-0.005730272306 -0.004546188139 9.637571584e-23)
(-0.002233366592 -0.002507420992 -3.961024773e-25)
(-0.000181774443 -0.0005023736148 4.060922541e-25)
(8.343590654e-05 0.0006099252042 0)
(-0.0004188229817 0.002935080177 -2.910354154e-25)
(-0.004647874164 0.008804016021 1.70198903e-23)
(-0.0113719607 0.01324042557 -8.284414114e-24)
(-0.01932729208 0.0157920429 -2.075504906e-25)
(-0.0274741181 0.01653000161 2.038966872e-25)
(-0.03511778878 0.01564441706 6.805158919e-27)
(-0.04171344832 0.01335997575 -1.220138542e-24)
(-0.04683571762 0.009919770937 -4.551102569e-25)
(-0.05014989034 0.005602433671 -1.063060737e-23)
(-0.05141232073 0.0007444212529 0)
(-0.05047793433 -0.004241780047 0)
(-0.04733706402 -0.008887187175 2.67099741e-23)
(-0.04215927977 -0.01268177002 2.813003919e-23)
(-0.0353143747 -0.01513605246 -1.646155795e-24)
(-0.02738996314 -0.01586189622 4.84584812e-23)
(-0.01917005954 -0.01467334234 9.419221606e-23)
(-0.01156090771 -0.01169360467 3.9756916e-23)
(-0.005465411589 -0.007450743982 4.141752443e-25)
(-0.001451098749 -0.002936044055 1.07385477e-25)
(-9.072674145e-05 0.0002258762792 0)
(-0.0005024630182 0.006045350865 -4.248837961e-23)
(-0.006402739672 0.01637075637 -1.692213192e-23)
(-0.0155350245 0.02355933696 8.211259178e-24)
(-0.02627912151 0.02744162804 0)
(-0.03728746918 0.02832102407 0)
(-0.04769037651 0.02658772737 0)
(-0.05679663165 0.02263120445 -4.466388501e-26)
(-0.06405384136 0.01683609296 -2.136837513e-24)
(-0.06901081617 0.009622183229 0)
(-0.07130828031 0.001491049373 1.635381804e-24)
(-0.07070853717 -0.006936504342 2.802728412e-25)
(-0.0671303963 -0.01493018892 -2.810575986e-25)
(-0.06069905801 -0.02166728232 0)
(-0.05180750682 -0.02631605851 4.13324463e-23)
(-0.04114991781 -0.02816070963 -4.681561614e-23)
(-0.02971970302 -0.02677372294 -2.761936416e-23)
(-0.01873716722 -0.02221530548 -3.960837088e-23)
(-0.009488028197 -0.015219222 7.79595726e-25)
(-0.00297687952 -0.007298194777 9.790398057e-23)
(-0.0002318794743 -0.0008661684831 0)
(-0.0005316134268 0.01009501716 4.269498704e-23)
(-0.007983593268 0.02595219722 4.785356603e-25)
(-0.01939687508 0.03642882993 -4.676060623e-25)
(-0.03282382523 0.04185520886 0)
(-0.04664689143 0.04289485444 7.782988631e-25)
(-0.05985229878 0.04020074279 -7.675074663e-25)
(-0.07163291625 0.0343474189 3.672296423e-23)
(-0.08132751484 0.02585664219 1.848210455e-23)
(-0.08836601274 0.01527298367 6.238855043e-24)
(-0.09225469701 0.003246146391 -1.637287046e-24)
(-0.09260379938 -0.009407833501 0)
(-0.08917555674 -0.02167478135 4.370543764e-25)
(-0.08195979422 -0.03236745167 1.008985307e-23)
(-0.07126885596 -0.04021250247 -4.349274458e-23)
(-0.05782018945 -0.04402046439 1.932886886e-24)
(-0.04278583064 -0.04294829445 4.21725267e-23)
(-0.02775450387 -0.03683346982 -3.841761299e-25)
(-0.01455062309 -0.02652720997 0)
(-0.004859462109 -0.01408454506 5.436542101e-23)
(-0.0003641482051 -0.002846953672 -2.565081987e-22)
(-0.000527221423 0.01499927795 9.841560836e-23)
(-0.009377926124 0.03739022524 -4.907789033e-25)
(-0.02288182868 0.05170223272 0)
(-0.03883043623 0.05894183367 0)
(-0.05538656898 0.06025574832 -8.732121287e-23)
(-0.07142876852 0.05661901249 -8.499095611e-23)
(-0.08606654396 0.04880168943 -4.067552092e-23)
(-0.09855086288 0.03743980651 -1.504368291e-23)
(-0.1081945341 0.02315984035 -5.368894787e-24)
(-0.1143444755 0.006709679183 -8.174989063e-24)
(-0.1164046231 -0.01093292235 6.601132556e-24)
(-0.113893742 -0.02848945169 8.82675109e-24)
(-0.1065486998 -0.04437046396 -1.892320304e-23)
(-0.09446804211 -0.05675333897 4.608010446e-24)
(-0.07826857043 -0.06378298779 0)
(-0.05922895552 -0.06393495511 -1.572866843e-23)
(-0.03933981972 -0.0565381634 -2.429317921e-26)
(-0.02114188822 -0.04235809152 0)
(-0.00731870267 -0.02398229439 -1.520650407e-22)
(-0.0005216164776 -0.005925545113 6.056278131e-22)
(-0.0004990821792 0.02064574569 -9.774512507e-23)
(-0.01052951025 0.05045438338 2.83198667e-22)
(-0.02582957568 0.06912511983 1.526862204e-22)
(-0.04402138457 0.07849258222 3.619282831e-24)
(-0.06310739331 0.08029476693 -7.319355861e-23)
(-0.08190405248 0.07588043129 9.043552243e-23)
(-0.09947763863 0.06621690841 -3.590218618e-24)
(-0.1150227398 0.05201695152 -1.729172275e-24)
(-0.1277519203 0.03392358531 2.524163623e-24)
(-0.1368472623 0.01270233187 7.382623361e-24)
(-0.1414710542 -0.01058782384 -6.500878655e-24)
(-0.1408248199 -0.03446024487 -9.788179406e-24)
(-0.1342745984 -0.05692771873 -3.261728515e-23)
(-0.1215450255 -0.07553316401 -3.661548097e-23)
(-0.1029672672 -0.08754260731 5.64607504e-25)
(-0.07976370035 -0.09039209795 0)
(-0.05426682577 -0.08244513826 0)
(-0.02987160978 -0.06397736905 -2.906071123e-24)
(-0.01066285157 -0.03798794755 2.970520496e-24)
(-0.0007350937418 -0.01050089492 1.02787334e-22)
(-0.0004479162729 0.02687251166 0)
(-0.01134923228 0.06480757647 2.001980864e-22)
(-0.02801599755 0.08829617461 8.96205258e-23)
(-0.04799857472 0.1001234974 0)
(-0.06920602156 0.1027076582 1.569885506e-22)
(-0.09044373383 0.09781578884 0)
(-0.1107831702 0.08661103234 -1.428390445e-22)
(-0.1294093788 0.06983950486 6.515569489e-24)
(-0.1454771663 0.04808232258 0)
(-0.1580351842 0.02201755578 0)
(-0.1660133483 -0.00733444025 -1.374413473e-24)
(-0.1682671583 -0.03838839843 -9.316811198e-25)
(-0.1637064721 -0.06883976026 1.491984317e-22)
(-0.1515208783 -0.09558275961 -4.704625673e-23)
(-0.1315134574 -0.1148298679 -2.560987509e-24)
(-0.1045596093 -0.1225703429 1.534742197e-24)
(-0.07309350015 -0.115551798 -1.558951652e-24)
(-0.04135021557 -0.09283115668 0)
(-0.01525230305 -0.05740767701 3.203817992e-24)
(-0.001044309193 -0.01714714481 -1.012915636e-21)
(-0.0003744663956 0.03346304587 0)
(-0.01175006066 0.07998918862 -1.128293555e-22)
(-0.02920707958 0.1086390963 -6.191155963e-22)
(-0.05031745099 0.1232234015 -3.755310169e-22)
(-0.07296317567 0.1269097061 0)
(-0.09598960368 0.1219255665 4.119461208e-22)
(-0.1185273505 0.1096348664 1.260926848e-22)
(-0.1398146446 0.0907824601 -5.581840929e-24)
(-0.159022158 0.06581393229 5.554213816e-24)
(-0.1751461035 0.03520881102 0)
(-0.1869560016 -0.0001967476343 2.912132579e-23)
(-0.1930172679 -0.03889754439 4.695845165e-24)
(-0.1917809942 -0.07843888684 -1.076811058e-22)
(-0.1817874462 -0.1151865398 8.004235384e-23)
(-0.1620570458 -0.1442599488 -2.419750783e-22)
(-0.132706202 -0.1598548652 0)
(-0.09577888299 -0.1563112906 0)
(-0.0560163314 -0.1302981098 0)
(-0.02147859173 -0.08381135192 0)
(-0.00150038472 -0.02665516306 5.572124566e-22)
(-0.0002873900888 0.04016077821 0)
(-0.01169359651 0.09543611686 -3.493019149e-22)
(-0.02924438307 0.1294073649 8.932806004e-22)
(-0.05060947306 0.1469299192 3.617182388e-22)
(-0.07370082687 0.1519748697 0)
(-0.09745151204 0.1472757984 -3.862558753e-22)
(-0.1211069849 0.1344191969 -3.174433104e-23)
(-0.1440324802 0.1141393333 3.333107489e-22)
(-0.1655143254 0.08670006692 1.769475849e-22)
(-0.1846248541 0.05229123514 -4.060154048e-23)
(-0.200132583 0.0114171616 1.656821716e-23)
(-0.2104622461 -0.03471424228 -8.265254016e-24)
(-0.2137208545 -0.0837656374 3.371860429e-22)
(-0.2078215514 -0.1318756366 0)
(-0.1908238549 -0.1732756159 2.420919811e-22)
(-0.1616335748 -0.2002593417 5.774790714e-24)
(-0.1211662699 -0.2040121729 -5.860909926e-24)
(-0.07384989857 -0.1772119972 1.548452631e-22)
(-0.02971786857 -0.1188642336 -5.435474454e-24)
(-0.002179545234 -0.04005398759 0)
(-0.0002117200531 0.04671640068 0)
(-0.01125001113 0.1105498144 0)
(-0.02815624469 0.1497355026 -5.022760087e-22)
(-0.0487447929 0.1701517628 -1.880998904e-23)
(-0.07100086611 0.1766257171 2.038379871e-23)
(-0.09399451478 0.1724526534 -2.014312355e-23)
(-0.1171434301 0.1594871007 -2.316885141e-23)
(-0.1400179507 0.1384805096 -3.029825793e-22)
(-0.1621328894 0.1095160723 6.698615641e-23)
(-0.1827959038 0.07245186995 4.513180172e-23)
(-0.2009835557 0.02734928834 -4.577722826e-23)
(-0.2152270263 -0.02508697807 0)
(-0.2235562213 -0.08298351447 -7.839691918e-23)
(-0.2234632199 -0.1427257345 0)
(-0.2120679436 -0.1981820899 -3.739564982e-22)
(-0.1867434553 -0.2400773716 5.244959491e-22)
(-0.1464438309 -0.2560773433 0)
(-0.09394567769 -0.2331209523 -1.49399858e-22)
(-0.04022001016 -0.1639613673 1.93755547e-22)
(-0.003201100329 -0.0586106318 -3.411535023e-22)
(-0.0002015409303 0.05297585147 0)
(-0.01067261886 0.1248172404 9.182875683e-22)
(-0.0262844668 0.1687424603 -2.440686955e-23)
(-0.0450110778 0.1916455165 9.193343472e-22)
(-0.06494597444 0.1992921079 -2.512087719e-23)
(-0.08536628477 0.1956104341 2.838846074e-23)
(-0.1059305645 0.1827886862 -2.812932117e-23)
(-0.1264924186 0.1616583522 -1.660918983e-23)
(-0.1468996845 0.1321762307 -5.260232063e-22)
(-0.1668458153 0.09389646655 -8.906633109e-24)
(-0.1857303019 0.04640576282 9.660200224e-24)
(-0.202478168 -0.01023784798 3.313079205e-22)
(-0.2154154608 -0.07499820424 -5.820742866e-22)
(-0.2220209712 -0.1450311852 0)
(-0.2188032102 -0.2146760635 8.887329398e-22)
(-0.2016257525 -0.2740016443 -4.940891806e-22)
(-0.1668639194 -0.3075811979 -1.572224851e-23)
(-0.1140220096 -0.2953811932 0)
(-0.05288482033 -0.2195802593 -1.890189085e-22)
(-0.004749188185 -0.08377278006 3.360592711e-22)
(-0.0003641984938 0.05902317816 1.551011329e-23)
(-0.01049573945 0.1379881515 -8.764203068e-22)
(-0.02441389525 0.1856804121 -1.157059748e-21)
(-0.04026724373 0.2101384773 -8.628992094e-22)
(-0.05630729514 0.2182348935 0)
(-0.07214856437 0.2146190293 3.513807565e-23)
(-0.08779221512 0.2018791976 -7.294871251e-23)
(-0.1034562782 0.1810005625 5.867888308e-23)
(-0.1193983865 0.1518997251 3.021368553e-22)
(-0.1357931539 0.1139150573 -1.128196357e-23)
(-0.1526082313 0.06621424949 0)
(-0.1694521368 0.00817720306 -3.603931403e-22)
(-0.1852760592 -0.06015987764 7.515671675e-22)
(-0.1980448514 -0.1372747021 8.831707998e-22)
(-0.2043546262 -0.21892619 -5.296630475e-22)
(-0.1990977613 -0.2959712928 5.162692878e-22)
(-0.1760605331 -0.3514072606 1.078234635e-23)
(-0.1300890633 -0.3584150801 -1.095549702e-23)
(-0.06688803316 -0.2843276525 -8.21527874e-23)
(-0.007083319938 -0.1169964423 0)
(-0.0009095776286 0.06540041602 -1.911487975e-23)
(-0.01167591723 0.1502816422 -1.326966309e-21)
(-0.02388882039 0.2000659574 1.0942381e-21)
(-0.03601340329 0.2244216984 6.734933113e-22)
(-0.04657308598 0.2316588263 6.014634555e-22)
(-0.0557703833 0.2272393716 6.643960289e-22)
(-0.06411245571 0.2141774894 -4.458680045e-23)
(-0.07227561469 0.1936494395 -3.461338827e-22)
(-0.08096972773 0.1656028325 2.152163387e-22)
(-0.09087192139 0.1292707357 0)
(-0.1025547435 0.08353082448 0)
(-0.116362214 0.02720010672 2.655397827e-22)
(-0.1321589545 -0.04062006083 8.194326299e-23)
(-0.1489252306 -0.1200128316 -2.821625022e-22)
(-0.1641284272 -0.2089300698 -5.411273824e-23)
(-0.1727877613 -0.3006992514 1.301952013e-22)
(-0.1670311302 -0.3793329111 -3.40050746e-22)
(-0.1365292438 -0.4136451979 -1.593825123e-23)
(-0.08018250139 -0.3538326213 8.204051471e-23)
(-0.01050762292 -0.1594130574 -6.032157196e-22)
(-0.002260498493 0.07348883556 0)
(-0.01580355672 0.162652178 2.145875713e-21)
(-0.02665042568 0.2117904748 0)
(-0.03422339536 0.2333947283 -1.351808471e-21)
(-0.03759398371 0.2377766838 6.184052606e-23)
(-0.03799685101 0.2312553534 -6.193097708e-22)
(-0.03668265754 0.217189902 -4.756286211e-22)
(-0.03489036197 0.1968934499 8.301258335e-22)
(-0.03378837766 0.1703342386 -1.885698873e-22)
(-0.0344987629 0.1367221076 0)
(-0.03811572568 0.09479673601 0)
(-0.04564992301 0.04304286551 2.410615076e-23)
(-0.057908042 -0.02013781266 -6.007200459e-22)
(-0.07514598475 -0.09620650246 -4.309568444e-22)
(-0.09645174945 -0.1855556176 4.637863907e-22)
(-0.1183462614 -0.2853567774 -6.488738139e-22)
(-0.1332715381 -0.3838386537 9.119949492e-23)
(-0.1265350987 -0.4504358718 2.937309129e-23)
(-0.0889915408 -0.419853638 5.660443381e-22)
(-0.01526917929 -0.2111719734 6.020789943e-22)
(-0.005180899594 0.08598045967 0)
(-0.02525550728 0.1766291195 1.465579468e-22)
(-0.03483407994 0.2205961559 -4.917146168e-23)
(-0.03640013837 0.2354859353 7.642932998e-22)
(-0.03018482955 0.2343406756 -7.005380128e-22)
(-0.01916579301 0.2241603885 4.7464822e-23)
(-0.005615148774 0.2083525847 -1.018609832e-22)
(0.008569609354 0.1881241089 -3.389889727e-22)
(0.02179886339 0.163391127 2.062823183e-22)
(0.03262781634 0.1333242731 0)
(0.03958458712 0.09664086163 0)
(0.04117013397 0.05174056418 -2.902668369e-22)
(0.03578483942 -0.003255398086 0)
(0.02198184782 -0.07058360866 -5.512188223e-22)
(-0.001264845226 -0.1525735509 -1.492377938e-23)
(-0.03310469812 -0.2505949848 2.559741759e-23)
(-0.06909235761 -0.3599341517 2.203144003e-22)
(-0.09227826965 -0.4575424528 4.788081805e-24)
(-0.08718089905 -0.4698129416 -5.789411781e-22)
(-0.02103127145 -0.2698972297 0)
(-0.01111631558 0.1085974972 0)
(-0.04248901874 0.1947151674 -8.848482183e-22)
(-0.04795528934 0.225819551 -5.411041174e-22)
(-0.03919535939 0.2282135556 4.543817919e-22)
(-0.01877830254 0.2182328136 -1.709984417e-24)
(0.007664314591 0.2028220356 -4.561050696e-23)
(0.03667993482 0.184761977 5.696683379e-22)
(0.06582998685 0.1647118217 -2.766890945e-23)
(0.09327131008 0.142312818 -2.06978208e-22)
(0.1173891619 0.116627494 3.142214035e-23)
(0.1365461699 0.08641143896 -3.425917712e-23)
(0.1489669277 0.05017669028 -3.690594748e-23)
(0.1525275788 0.006159166864 3.205634115e-22)
(0.1449367036 -0.04796127036 6.119607507e-22)
(0.1235159794 -0.1153052909 -5.101172799e-22)
(0.08633533452 -0.2004195649 -1.616059011e-22)
(0.03199089304 -0.3067806591 1.531307299e-22)
(-0.02362123145 -0.4239837145 7.293652388e-23)
(-0.06492413048 -0.4871612789 1.913291605e-21)
(-0.02509971702 -0.3291544744 2.954991451e-21)
(-0.0200468049 0.14607274 -4.390208509e-23)
(-0.0641640625 0.2112955851 4.417381265e-23)
(-0.05070230555 0.2177300479 1.000188832e-21)
(-0.01934097347 0.2014679986 -8.270545682e-24)
(0.02414464952 0.1809076184 0)
(0.07154122092 0.1606933355 4.363723547e-23)
(0.119070341 0.14164955 -2.273852542e-22)
(0.1644767337 0.1233181828 -9.027959963e-23)
(0.2062251165 0.1048117299 3.680735626e-23)
(0.2429643031 0.08507140125 -1.701655244e-23)
(0.2732207588 0.06296147702 3.42997102e-23)
(0.2952536117 0.03726293834 -6.592682598e-23)
(0.3066971068 0.006535068168 -9.303907263e-23)
(0.3049738319 -0.03087770052 1.517044542e-22)
(0.2863936254 -0.07786290976 0)
(0.2470568087 -0.139930037 1.505612114e-22)
(0.1810922238 -0.2266299752 2.56001388e-22)
(0.09604450257 -0.3443894947 0)
(-0.006697615833 -0.4552210218 -3.675634814e-21)
(-0.01922408201 -0.3777537588 -2.892620924e-21)
(-0.02591951365 0.2276828798 -9.514205036e-22)
(-0.03998324616 0.2238216526 -1.388976679e-22)
(0.03656136936 0.181058536 -2.335582525e-22)
(0.1090503046 0.1451059095 -1.193742369e-22)
(0.1817191196 0.11724455 -4.295828097e-23)
(0.2490090737 0.09627907698 9.783188045e-23)
(0.3100336708 0.08002510485 -1.408593056e-22)
(0.3646209339 0.06656815399 1.297175846e-22)
(0.4126252502 0.05449178941 -8.620123508e-23)
(0.4536250309 0.04270894959 1.132189022e-25)
(0.4867878734 0.03032298435 1.527742173e-23)
(0.5107451375 0.01652901858 7.997207017e-23)
(0.5236597466 0.0005365142643 -1.811124335e-22)
(0.5231798022 -0.01863373263 -1.617146676e-22)
(0.5052323426 -0.04286478969 -4.262956694e-23)
(0.4658715086 -0.07633231194 0)
(0.3952696501 -0.1286089384 -1.846477178e-22)
(0.291607105 -0.2208468098 8.148763174e-22)
(0.1197455106 -0.3525016903 1.631601545e-21)
(0.0267054726 -0.377549798 2.172655894e-21)
(0.2142894468 0.1347447207 9.864990052e-22)
(0.2776311185 0.09870503579 0)
(0.431659229 0.05810414828 -2.594321664e-22)
(0.5304749346 0.03846264965 -1.741667431e-22)
(0.6016965752 0.02623419129 0)
(0.6571198962 0.0183192349 -6.009096561e-23)
(0.7015213608 0.01313600861 6.378005954e-23)
(0.7376042506 0.009542126458 -1.800157557e-23)
(0.7669368422 0.006804463659 2.885975664e-23)
(0.7902106691 0.004464743878 2.315034084e-23)
(0.8074555016 0.002221319769 0)
(0.818262136 -0.0001500751004 -2.873033749e-23)
(0.821649972 -0.002723848399 0)
(0.81623942 -0.005712668734 2.738152237e-23)
(0.7991333151 -0.009611382874 1.421693009e-23)
(0.7679986346 -0.01500255107 -5.79940266e-23)
(0.7106555756 -0.02502519953 -2.53566079e-22)
(0.6235183981 -0.04204285406 -6.91810156e-22)
(0.423009102 -0.0918296808 0)
(0.2705674689 -0.1524021841 -2.119483759e-21)
)


// ************************************************************************* //
