/*--------------------------------*- C++ -*----------------------------------*\
  =========                 |
  \\      /  F ield         | OpenFOAM: The Open Source CFD Toolbox
   \\    /   O peration     | Website:  https://openfoam.org
    \\  /    A nd           | Version:  13
     \\/     M anipulation  |
\*---------------------------------------------------------------------------*/
FoamFile
{
    format      ascii;
    class       vectorField;
    location    "4.96";
    object      U_all;
}
// * * * * * * * * * * * * * * * * * * * * * * * * * * * * * * * * * * * * * //


400
(
(-1.425896463e-05 4.328897845e-06 0)
(-0.0006304273968 0.000383848652 -1.141184312e-23)
(-0.00190775474 0.0007935447947 0)
(-0.003450987639 0.001106379664 0)
(-0.005034493069 0.001281253338 2.279474592e-25)
(-0.006511703175 0.001305495349 3.665080672e-24)
(-0.007781552502 0.001184997296 9.397388343e-24)
(-0.008769666454 0.0009380092481 2.580005976e-23)
(-0.009416173215 0.0005927486057 -3.748883564e-25)
(-0.009672570674 0.0001862645878 -6.636008963e-24)
(-0.009504954683 -0.0002367369211 8.929151354e-24)
(-0.008901721627 -0.0006261831686 -8.685526108e-23)
(-0.007883837784 -0.0009309321006 -9.793596793e-23)
(-0.006514906467 -0.001105811124 -1.148163623e-22)
(-0.004908141731 -0.001120701278 7.221190242e-24)
(-0.003227043706 -0.0009704242862 -7.247553463e-24)
(-0.001675868357 -0.0006828529042 -4.334066743e-22)
(-0.0004828888742 -0.0003194895561 0)
(0.0001980668796 1.233387871e-05 1.310042381e-24)
(0.0001454106241 0.0001923660721 -1.551292294e-22)
(-0.0002223449307 0.0007701330857 1.020568559e-25)
(-0.002249051484 0.002862557434 1.150073921e-23)
(-0.005658451375 0.004623225891 9.802210443e-26)
(-0.009725845336 0.005724938981 -3.065091075e-25)
(-0.01389950128 0.006153175422 2.65994078e-25)
(-0.01781665012 0.005956241881 -1.429103038e-24)
(-0.02120755708 0.005207224161 1.628027983e-23)
(-0.0238681298 0.003993093589 -2.511808931e-23)
(-0.02563660059 0.002417308956 2.018472814e-23)
(-0.02638640277 0.0006062946701 7.547963793e-24)
(-0.02603276537 -0.001285837556 -9.732274266e-24)
(-0.02454960145 -0.003077981634 1.259703401e-24)
(-0.02199289033 -0.004571488799 5.431610077e-23)
(-0.01852371869 -0.005570978903 -3.318220566e-24)
(-0.01442340271 -0.005915806536 6.719296296e-24)
(-0.01009225395 -0.005519887678 -2.146443415e-22)
(-0.006021172479 -0.004413774272 2.20521964e-22)
(-0.00273411258 -0.002783155145 -2.677356254e-24)
(-0.0005987586613 -0.001007816173 2.744858812e-24)
(-9.537750565e-07 0.0002443162514 0)
(-0.0003238581161 0.002472609142 -1.951387744e-25)
(-0.003688435152 0.007178038163 7.651331396e-24)
(-0.009000553047 0.0106613754 -8.529699904e-24)
(-0.01528491122 0.01265621352 -2.376837517e-26)
(-0.02173747404 0.01325087739 2.334903268e-26)
(-0.02783361236 0.012605104 4.052746512e-25)
(-0.03316630388 0.01089239794 -1.559074746e-23)
(-0.03741752214 0.008288432359 -1.459736328e-24)
(-0.04032971368 0.004984441244 -2.114903256e-23)
(-0.04169717231 0.00120791266 0)
(-0.04137587143 -0.002760005593 0)
(-0.03930834424 -0.006578476268 4.312289971e-23)
(-0.03555895583 -0.00985774044 4.58454352e-23)
(-0.03034962946 -0.01219381265 -3.126775956e-24)
(-0.02408463751 -0.01322719214 1.034593607e-22)
(-0.01735099997 -0.01272442492 2.080073238e-22)
(-0.01087705198 -0.01067279937 1.768318501e-22)
(-0.005438867541 -0.007373960784 5.065719071e-24)
(-0.001642320792 -0.003519917298 -2.363764853e-24)
(-0.0001113928193 -0.0003286032856 0)
(-0.0003697592975 0.004903047876 -2.007055523e-23)
(-0.00494803929 0.01306542556 -7.468986321e-24)
(-0.01203942075 0.01868517146 8.398909734e-24)
(-0.02041228964 0.02173068088 0)
(-0.02903569119 0.02247770246 0)
(-0.03725208369 0.02124289664 0)
(-0.04454259005 0.01832306815 -5.921925001e-25)
(-0.05049028596 0.01399151387 9.626585073e-24)
(-0.05474332017 0.008529167255 0)
(-0.05700356749 0.002266822248 5.658831287e-24)
(-0.05703978295 -0.004377042921 5.550658374e-25)
(-0.05472125362 -0.01087668932 -5.56620518e-25)
(-0.05006864557 -0.01660451753 0)
(-0.04331024042 -0.02087861653 9.391831029e-23)
(-0.03492770343 -0.02305365425 -1.003444744e-22)
(-0.02567317523 -0.02265936414 -9.689880284e-23)
(-0.01652950538 -0.0195725926 -1.790612919e-22)
(-0.008590150464 -0.01419102259 5.772783716e-25)
(-0.002824542872 -0.007556048511 -8.667022134e-23)
(-0.0002066969834 -0.001474472777 0)
(-0.0003833206972 0.008008573275 2.018374426e-23)
(-0.006105765733 0.02043145681 5.529799868e-25)
(-0.01490895878 0.02861667234 -5.403495729e-25)
(-0.02532255047 0.03290626796 0)
(-0.03611447768 0.0338521689 4.21070975e-25)
(-0.0465167432 0.03197219862 -4.15231329e-25)
(-0.05592071475 0.02769993764 1.308554741e-23)
(-0.06382338962 0.02140040693 -8.484044842e-24)
(-0.06977593113 0.01342813347 -3.526094729e-24)
(-0.07336572317 0.00420026483 -5.665421383e-24)
(-0.0742316887 -0.005734989897 0)
(-0.07210704538 -0.0156542751 1.188295039e-24)
(-0.06689168761 -0.02464736371 3.980483152e-23)
(-0.0587416539 -0.03167118988 -9.965031426e-23)
(-0.04815433958 -0.03567349375 5.876280862e-24)
(-0.03602820329 -0.035804228 1.850085689e-22)
(-0.0236496829 -0.03169958671 -2.743896414e-24)
(-0.01255624776 -0.02378249555 0)
(-0.004270157706 -0.01346674774 3.480990786e-23)
(-0.0002963866 -0.00326987353 -2.948971028e-23)
(-0.0003847356726 0.01175850849 9.92902134e-23)
(-0.00720588896 0.02923245745 -5.360205455e-25)
(-0.01766997672 0.04044220845 0)
(-0.03010393592 0.0462222069 0)
(-0.04310306819 0.04748931106 -6.59540307e-23)
(-0.05581586354 0.04500615053 -5.676232586e-23)
(-0.06756872601 0.03934976693 -1.448982361e-23)
(-0.07778792801 0.03095666921 5.432838296e-26)
(-0.08592649892 0.02021806577 3.341804392e-24)
(-0.09143381304 0.00759525307 -4.035940181e-25)
(-0.09376972754 -0.006267782896 -2.359286768e-24)
(-0.09245409606 -0.02045934941 -8.868996052e-24)
(-0.0871656688 -0.03375149708 -9.72561093e-24)
(-0.07787820395 -0.04464493056 -7.451969497e-23)
(-0.06500716035 -0.05151555754 0)
(-0.04954898374 -0.05291062536 -9.378788371e-23)
(-0.03313743584 -0.04799187607 2.63394096e-24)
(-0.01791706012 -0.03704801192 0)
(-0.006239837836 -0.02187251236 5.400340761e-23)
(-0.0004110412728 -0.005928351936 1.219830285e-22)
(-0.0003822803746 0.01612762272 -9.857297381e-23)
(-0.008248647976 0.03942006838 2.461103896e-22)
(-0.02030165825 0.05412364789 1.293881012e-22)
(-0.03470754798 0.06168587791 2.862891942e-24)
(-0.04992278538 0.06347600968 -5.695269897e-23)
(-0.06504706217 0.06054395738 6.009662976e-23)
(-0.07937418578 0.05361082773 -2.309933876e-24)
(-0.09228398349 0.04315079508 -7.714196604e-25)
(-0.1031406075 0.02953310525 1.023478125e-24)
(-0.111242584 0.01319141605 1.486548484e-25)
(-0.1158295558 -0.005204063062 2.016470634e-24)
(-0.1161309287 -0.02459092144 9.726107356e-24)
(-0.1114912172 -0.04342490007 -2.214042417e-23)
(-0.1015602497 -0.05966233629 1.008076224e-22)
(-0.08651876796 -0.07091040446 -2.277003433e-24)
(-0.06734190257 -0.07480018778 0)
(-0.04599301967 -0.06963520523 0)
(-0.02538027629 -0.05524585681 6.888125893e-25)
(-0.009064224681 -0.03372957724 -7.040571866e-25)
(-0.0005839462624 -0.00981399936 7.211444655e-23)
(-0.0003764911209 0.02107602908 0)
(-0.009196608653 0.05090354961 1.617000348e-22)
(-0.02270399192 0.06955552237 7.210207254e-23)
(-0.03894459114 0.07921659265 0)
(-0.05627415438 0.08179748658 1.201164578e-22)
(-0.07378405515 0.07867956608 0)
(-0.0907766341 0.07072664274 -9.622602238e-23)
(-0.1066231528 0.05840842424 4.068958577e-24)
(-0.1206282598 0.04199697669 0)
(-0.1319534957 0.02180045236 0)
(-0.1395983681 -0.001590631274 -4.370757549e-25)
(-0.1424588001 -0.02706062319 4.056225028e-26)
(-0.1394531067 -0.05279403541 2.084319141e-23)
(-0.1297430144 -0.07616440796 -3.175602782e-23)
(-0.113064418 -0.0938248091 1.200004689e-24)
(-0.09014195487 -0.1021092218 -2.094207037e-24)
(-0.06311083468 -0.097894421 2.127218912e-24)
(-0.03570174448 -0.07994936875 0)
(-0.01313596221 -0.05036957981 9.526180798e-25)
(-0.0008516276944 -0.01548979144 -4.067509947e-22)
(-0.0003668488253 0.02653430313 0)
(-0.00999506782 0.06351918492 -9.906901051e-23)
(-0.02472541687 0.08651987913 -5.128257826e-22)
(-0.04251737848 0.0985787675 -3.029164113e-22)
(-0.06166222538 0.1022426227 0)
(-0.08128463377 0.09927537707 3.052886349e-22)
(-0.1007428914 0.09068792369 8.489663183e-23)
(-0.1194520436 0.07690570079 -3.493092749e-24)
(-0.1367124343 0.05802448469 3.475806632e-24)
(-0.1516021035 0.034114777 0)
(-0.1629280115 0.00555050905 1.677634132e-23)
(-0.1692617897 -0.02665754915 2.006350125e-24)
(-0.1690544348 -0.0605402852 -3.117535212e-23)
(-0.1608599636 -0.09295511258 8.289616917e-24)
(-0.1437268046 -0.1195072426 -6.221452838e-23)
(-0.1177760396 -0.134867273 0)
(-0.08493175675 -0.1337525144 0)
(-0.04955024181 -0.1128617157 0)
(-0.01890641801 -0.07348652457 0)
(-0.001264857808 -0.02375500761 2.407941165e-22)
(-0.0003577785956 0.03240281359 0)
(-0.01060495702 0.07702098317 -2.910007608e-22)
(-0.02621919881 0.1046568764 7.383354166e-22)
(-0.04509315905 0.1193230926 2.916459194e-22)
(-0.06548017777 0.1243079567 0)
(-0.0865764091 0.1218225408 -2.867184427e-22)
(-0.1078452217 0.1130447246 -2.271650547e-23)
(-0.1288092797 0.09833315917 2.355945789e-22)
(-0.1488473282 0.07754452964 1.212350748e-22)
(-0.1670572705 0.05040760204 -2.716812558e-23)
(-0.1821754746 0.01693131513 1.293611573e-23)
(-0.1925568832 -0.02216597263 -4.647925729e-24)
(-0.1962601422 -0.0649807051 2.037340708e-22)
(-0.1912143074 -0.108081829 0)
(-0.1755814559 -0.1461300195 6.224453531e-23)
(-0.1484516341 -0.1719373007 3.0116622e-25)
(-0.1108919691 -0.1773038047 -3.056871052e-25)
(-0.06723865408 -0.1553968846 -2.032000198e-23)
(-0.0268560024 -0.1050202495 -2.992794528e-25)
(-0.001902664485 -0.03568594159 0)
(-0.0003668574385 0.03857644483 0)
(-0.01105395647 0.09110565293 0)
(-0.02713291985 0.1234665365 -4.156262163e-22)
(-0.04642776374 0.1407536274 -1.546197541e-23)
(-0.06716517819 0.1471243462 1.590714712e-23)
(-0.08864799558 0.1453215674 -1.571930607e-23)
(-0.1104924627 0.136734424 -1.694470923e-23)
(-0.132398112 0.1216652412 -2.133956211e-22)
(-0.1539250901 0.09971001567 5.589285194e-23)
(-0.1743388454 0.07019444399 3.00961826e-23)
(-0.1924989827 0.03264685342 -2.97669414e-23)
(-0.2067589216 -0.01269498684 0)
(-0.2150260512 -0.06435996669 -2.561316648e-23)
(-0.2147686998 -0.1189516559 0)
(-0.2032162098 -0.1706072454 -2.318665119e-22)
(-0.178065347 -0.210469234 2.772872211e-22)
(-0.1387072475 -0.2269398388 0)
(-0.08825224129 -0.2079358882 2.059695921e-23)
(-0.037391601 -0.1468391382 1.310440873e-23)
(-0.002892362192 -0.05266246774 -1.589486555e-22)
(-0.0004387641107 0.04500758244 0)
(-0.01151156584 0.1054860912 7.776943973e-22)
(-0.02763118483 0.1423541371 -2.048706446e-23)
(-0.04653326377 0.1619369398 7.693731873e-22)
(-0.06641777852 0.1694335169 -2.057557875e-23)
(-0.08674021328 0.1682278803 2.214569423e-23)
(-0.1073207881 0.1599906392 -2.19435188e-23)
(-0.12810482 0.145018271 -1.244481166e-23)
(-0.1489393848 0.122682389 -3.938065123e-22)
(-0.1694172098 0.09191474331 -6.597944245e-24)
(-0.1887490056 0.05171218165 7.083707029e-24)
(-0.2056682516 0.001669657746 2.541392107e-22)
(-0.21824026 -0.05744535166 -4.268152932e-22)
(-0.2238011549 -0.1228387192 0)
(-0.2189752997 -0.1888456589 6.098384997e-22)
(-0.199961747 -0.2456839894 -2.617304192e-22)
(-0.1637481142 -0.2785702489 -8.230705722e-24)
(-0.1105916208 -0.268770722 0)
(-0.05059932273 -0.2000907558 -1.140862135e-23)
(-0.004434083477 -0.0763372836 1.569791712e-22)
(-0.0006714975203 0.0518274037 1.316428492e-23)
(-0.01239643501 0.1200251377 -7.422660895e-22)
(-0.02824178069 0.1607239052 -9.976795148e-22)
(-0.04585730849 0.1817611098 -7.222266368e-22)
(-0.06342938821 0.1896360024 0)
(-0.08065994706 0.1885065126 2.83586981e-23)
(-0.09764698781 0.1804083887 -5.837071256e-23)
(-0.114652179 0.1657119032 4.640643427e-23)
(-0.1319004144 0.1436554757 2.310673463e-22)
(-0.1494523827 0.1128673259 -8.824372606e-24)
(-0.1670886474 0.07186385464 0)
(-0.1841727956 0.01954903826 -2.753885513e-22)
(-0.1994128112 -0.04419285131 5.978260327e-22)
(-0.2106100436 -0.1177603658 7.229714693e-22)
(-0.2143160475 -0.1966123574 -3.854435122e-22)
(-0.2056540708 -0.2713738324 3.961183094e-22)
(-0.1789903054 -0.3253569487 4.320798291e-24)
(-0.1301619309 -0.3330143499 -4.390232324e-24)
(-0.0657836727 -0.2641249887 -2.406899364e-22)
(-0.006813761855 -0.1084668641 0)
(-0.001265879484 0.05955173244 -1.654655662e-23)
(-0.01452660996 0.1349115364 -1.168304605e-21)
(-0.02999507419 0.1780728191 9.442141436e-22)
(-0.04539605389 0.198991042 5.907356592e-22)
(-0.05898689587 0.2058679511 5.227937355e-22)
(-0.07092265832 0.2037722926 5.687423545e-22)
(-0.08170734334 0.1951654807 -3.676559031e-23)
(-0.09199903095 0.1805627398 -2.898388484e-22)
(-0.1024591587 0.1591812538 1.794796573e-22)
(-0.1136838325 0.1294930382 0)
(-0.1261318527 0.08968930636 0)
(-0.1400018168 0.03809738349 2.277141607e-22)
(-0.1549790043 -0.02636449952 9.241294422e-23)
(-0.1699017124 -0.1035626484 -2.031511967e-22)
(-0.182107386 -0.1909778133 -4.570622454e-23)
(-0.1866409359 -0.2813365952 1.497563416e-22)
(-0.1759471817 -0.3584949008 -2.518484392e-22)
(-0.1406367864 -0.3920982073 -8.666683655e-23)
(-0.08081632075 -0.3350958758 2.403608378e-22)
(-0.01036366658 -0.1505189741 -7.029145014e-22)
(-0.002630394597 0.06945053911 0)
(-0.01932057742 0.1508967296 1.906212446e-21)
(-0.03445723998 0.1940702237 0)
(-0.04653636363 0.2122935986 -1.204635791e-21)
(-0.05415662761 0.2160690816 7.231009032e-23)
(-0.05833509695 0.2114595805 -5.298286167e-22)
(-0.06019207131 0.2013223819 -4.131067464e-22)
(-0.06087613579 0.1863170456 7.056215381e-22)
(-0.0615035838 0.1657105884 -1.568494576e-22)
(-0.06318307074 0.1379624497 0)
(-0.06701792554 0.1011341147 0)
(-0.07404020237 0.05320664599 3.013391071e-23)
(-0.0850226312 -0.007626555321 -5.230223308e-22)
(-0.1002213357 -0.08264877456 -3.756137003e-22)
(-0.118591163 -0.1717990332 4.275565538e-22)
(-0.136504935 -0.2714224861 -5.502924022e-22)
(-0.1463233606 -0.3691528839 5.106169871e-23)
(-0.1340225922 -0.4344819296 1.03365707e-22)
(-0.09150704928 -0.4046670098 5.966548009e-22)
(-0.01532245212 -0.2029036082 7.015897712e-22)
(-0.005502562256 0.08399507632 0)
(-0.02891630497 0.1690979784 1.551455803e-22)
(-0.04327017894 0.2080117337 -4.501567647e-23)
(-0.05003419336 0.219661128 6.905336735e-22)
(-0.04880085593 0.2175588572 -6.271388824e-22)
(-0.04215993156 0.2086134089 4.226334299e-23)
(-0.03213232757 0.1958390382 -9.974690235e-23)
(-0.0204382293 0.1798907325 -2.912953168e-22)
(-0.008603936816 0.1600578617 1.822497721e-22)
(0.001863920629 0.1348527773 0)
(0.009373025956 0.1023805484 0)
(0.01225113521 0.06056504812 -2.583911056e-22)
(0.00878969046 0.007275223184 0)
(-0.002692151168 -0.05970268212 -5.210528395e-22)
(-0.0231898379 -0.142320167 2.837238412e-24)
(-0.0516694719 -0.2412404209 2.369463307e-23)
(-0.08319648284 -0.3509114043 1.74828715e-22)
(-0.1013349442 -0.4474528084 6.262738218e-24)
(-0.09110882591 -0.4594132542 -6.128815635e-22)
(-0.02132343956 -0.263282403 0)
(-0.01128458615 0.1085102353 0)
(-0.04545425114 0.1913025076 -8.186707571e-22)
(-0.05530935065 0.2184661024 -5.160369e-22)
(-0.05159914652 0.2178960506 4.343591619e-22)
(-0.03620009276 0.2066061297 -2.037819447e-24)
(-0.01423983027 0.1916274816 -4.247930484e-23)
(0.01119959219 0.1754867161 5.146255694e-22)
(0.03791995451 0.1584549727 -2.472858299e-23)
(0.06417497471 0.1396686837 -1.823203479e-22)
(0.08830350319 0.1176734346 2.829597745e-23)
(0.1085159598 0.09072093044 -3.120287686e-23)
(0.1227890168 0.05691442511 -3.433290175e-23)
(0.1287566795 0.01422697435 3.018790486e-22)
(0.1238067769 -0.03976150414 5.796674886e-22)
(0.1050989734 -0.1079288678 -4.895001907e-22)
(0.07062487843 -0.1943878188 -1.666411817e-22)
(0.01993644141 -0.3017803824 1.42597256e-22)
(-0.0319047699 -0.4191049311 7.180948643e-23)
(-0.06925979626 -0.4816118099 1.888106085e-21)
(-0.02559894386 -0.3249182685 2.924426385e-21)
(-0.01993086744 0.1471462113 -4.232967882e-23)
(-0.06544268479 0.2108739325 4.259184047e-23)
(-0.05491753802 0.2146747722 9.665079462e-22)
(-0.02746054576 0.1960048706 1.463523169e-24)
(0.01175700915 0.1740637495 0)
(0.05505769486 0.1536642126 4.101156253e-23)
(0.09911590703 0.135523336 -2.097479839e-22)
(0.1420207998 0.1189456681 -8.254890213e-23)
(0.182426285 0.1027124216 3.333053752e-23)
(0.2190220375 0.08540339767 -1.526464368e-23)
(0.2502420185 0.0655206351 3.123980006e-23)
(0.2741243084 0.04153153763 -6.134600074e-23)
(0.2880619556 0.01180646458 -8.619435479e-23)
(0.2890882668 -0.02551802103 1.4765088e-22)
(0.2732365637 -0.07315775307 0)
(0.2363766513 -0.1363889396 1.573321643e-22)
(0.1728077037 -0.2241443278 2.45642344e-22)
(0.09009269725 -0.3428341449 0)
(-0.009963442135 -0.4532586096 -3.626490138e-21)
(-0.0197198584 -0.3759592747 -2.862646948e-21)
(-0.02561480024 0.2287528506 -9.428598019e-22)
(-0.03938978255 0.2246554581 -1.362466135e-22)
(0.03625501642 0.1805953949 -2.25683245e-22)
(0.1065890127 0.1432376255 -1.139903801e-22)
(0.1763438634 0.1144043508 -4.254746973e-23)
(0.2403946687 0.09307403167 9.444823821e-23)
(0.2983703837 0.07706399678 -1.324882399e-22)
(0.3505230425 0.06435116012 1.191689701e-22)
(0.3969967583 0.05334711931 -7.805616906e-23)
(0.4375146168 0.04276583591 1.288235477e-25)
(0.47123878 0.03150458345 1.411698269e-23)
(0.4966885173 0.01857482221 7.443883889e-23)
(0.5116733844 0.003049036025 -1.722637915e-22)
(0.5135457744 -0.01609743414 -1.572228615e-22)
(0.4980022237 -0.04071755477 -4.261060552e-23)
(0.460681242 -0.07488806351 0)
(0.391640627 -0.1279185053 -1.72376158e-22)
(0.289065179 -0.2207498723 8.001880551e-22)
(0.1181353851 -0.352368229 1.60931774e-21)
(0.02630535607 -0.3773118803 2.161024999e-21)
(0.2146008043 0.135050186 9.770614298e-22)
(0.2786541802 0.09912649899 0)
(0.4328798599 0.0583168782 -2.559441599e-22)
(0.5311227219 0.03842261664 -1.732731127e-22)
(0.6010855321 0.02599545644 0)
(0.6548668388 0.01798597654 -5.839991927e-23)
(0.6976059728 0.01282016687 5.99562646e-23)
(0.7323195515 0.009337021956 -1.632302987e-23)
(0.7607977744 0.006768985268 2.617318199e-23)
(0.7838437938 0.004617540907 2.09307991e-23)
(0.8014888756 0.002536502865 0)
(0.8132076782 0.0002724517993 -2.665965852e-23)
(0.8178551505 -0.002328408871 0)
(0.8138379279 -0.00536128895 2.648897178e-23)
(0.7979617446 -0.009368009292 1.509694652e-23)
(0.767704239 -0.01491423416 -5.629323442e-23)
(0.710798898 -0.02507253428 -2.45807194e-22)
(0.6236924366 -0.04217620648 -6.802472764e-22)
(0.4229992069 -0.09196082713 0)
(0.2705332001 -0.152466955 -2.108136564e-21)
)


// ************************************************************************* //
