/*--------------------------------*- C++ -*----------------------------------*\
  =========                 |
  \\      /  F ield         | OpenFOAM: The Open Source CFD Toolbox
   \\    /   O peration     | Website:  https://openfoam.org
    \\  /    A nd           | Version:  13
     \\/     M anipulation  |
\*---------------------------------------------------------------------------*/
FoamFile
{
    format      ascii;
    class       vectorField;
    location    "48.2";
    object      U_all;
}
// * * * * * * * * * * * * * * * * * * * * * * * * * * * * * * * * * * * * * //


400
(
(1.100850294e-05 -3.783005261e-05 0)
(-0.0006660923868 0.0004130430375 -1.551442825e-23)
(-0.002185373044 0.0009203931721 0)
(-0.004047831752 0.001312780362 0)
(-0.005971868934 0.001535066216 6.845889467e-25)
(-0.00776278525 0.001569849572 4.150752282e-24)
(-0.00928454681 0.001423565491 -7.374075011e-24)
(-0.01043594115 0.001119723827 7.529986482e-24)
(-0.01113681257 0.0006960812734 -2.095314954e-25)
(-0.01132710981 0.0002030753585 -3.994567448e-24)
(-0.01097177247 -0.0003002352501 5.803511148e-24)
(-0.01007232931 -0.000747516675 -5.929477325e-23)
(-0.008679881918 -0.001075561752 -6.552609553e-23)
(-0.00690285397 -0.00123304303 -7.784233136e-23)
(-0.004910737787 -0.00119263758 4.573537309e-24)
(-0.00292723121 -0.000961920125 -4.137877226e-24)
(-0.001205299437 -0.0005912116497 -1.998717491e-22)
(-1.907030389e-05 -0.0001698826919 0)
(0.00051815147 0.000172086326 1.509472622e-25)
(0.0002227501548 0.0003059793452 -2.55134471e-24)
(-0.0002633615764 0.0008289725717 1.382861991e-25)
(-0.002703303976 0.003383843885 1.561242622e-23)
(-0.006907275843 0.005604502183 1.555553272e-25)
(-0.01195231804 0.0070082069 -8.496145481e-25)
(-0.01713504304 0.007553775337 1.162250624e-24)
(-0.02197535506 0.007294200731 1.306999979e-23)
(-0.02611076388 0.006321897061 1.387268149e-24)
(-0.0292656511 0.004754196046 -7.281734138e-24)
(-0.03122673242 0.00273715285 1.015234344e-23)
(-0.03184200971 0.0004524046576 4.509899942e-24)
(-0.03102761277 -0.00188414693 -6.318775292e-24)
(-0.0287931649 -0.004023031133 2.961626264e-24)
(-0.02527138372 -0.005708354506 3.895490408e-23)
(-0.02073195028 -0.006707408053 -1.954739001e-24)
(-0.01558962816 -0.00685413815 3.754421562e-24)
(-0.01038513544 -0.006097462658 -9.740768606e-23)
(-0.005730273605 -0.004546185432 9.637476104e-23)
(-0.002233368979 -0.002507418149 -3.960935153e-25)
(-0.0001817782164 -0.0005023713326 4.06083066e-25)
(8.343338194e-05 0.0006099269579 0)
(-0.0004188226186 0.002935080523 -2.910281254e-25)
(-0.004647873844 0.008804017276 1.701883236e-23)
(-0.011371961 0.01324042709 -8.285213147e-24)
(-0.01932729194 0.01579204326 -2.075623615e-25)
(-0.02747411731 0.01653000045 2.039083491e-25)
(-0.03511778801 0.0156444155 6.789060225e-27)
(-0.04171344846 0.01335997537 -1.219798383e-24)
(-0.04683571889 0.009919772297 -4.550831831e-25)
(-0.05014989202 0.005602435831 -1.063052925e-23)
(-0.05141232176 0.0007444227237 0)
(-0.05047793419 -0.004241780228 0)
(-0.04733706292 -0.008887188722 2.67097452e-23)
(-0.0421592782 -0.01268177177 2.812980487e-23)
(-0.03531437319 -0.01513605315 -1.646135021e-24)
(-0.02738996215 -0.01586189524 4.845769241e-23)
(-0.01917005957 -0.01467333994 9.419077318e-23)
(-0.01156090952 -0.01169360158 3.975476188e-23)
(-0.005465415484 -0.007450741105 4.141269357e-25)
(-0.001451102999 -0.002936042111 1.074051672e-25)
(-9.072910163e-05 0.0002258788294 0)
(-0.0005024623548 0.006045350574 -4.248753684e-23)
(-0.006402738721 0.01637075643 -1.692107002e-23)
(-0.01553502456 0.02355933838 8.212053202e-24)
(-0.02627912237 0.02744162998 0)
(-0.03728747009 0.02832102516 0)
(-0.0476903768 0.02658772691 0)
(-0.05679663132 0.02263120311 -4.46509825e-26)
(-0.06405384109 0.01683609211 -2.13705307e-24)
(-0.06901081656 0.009622183671 0)
(-0.07130828146 0.001491050713 1.635332995e-24)
(-0.07070853855 -0.006936503287 2.802710218e-25)
(-0.06713039689 -0.01493018908 -2.810557741e-25)
(-0.06069905714 -0.02166728382 0)
(-0.0518075046 -0.02631606066 4.133207571e-23)
(-0.04114991523 -0.02816071154 -4.681484799e-23)
(-0.02971970148 -0.02677372407 -2.761839071e-23)
(-0.01873716799 -0.02221530576 -3.960619036e-23)
(-0.009488031545 -0.01521922153 7.795856864e-25)
(-0.002976883005 -0.007298193587 9.790513742e-23)
(-0.000231881068 -0.0008661663614 0)
(-0.0005316130457 0.01009501758 4.269413761e-23)
(-0.007983592386 0.02595219674 4.785529987e-25)
(-0.01939687417 0.0364288299 -4.676230048e-25)
(-0.03282382539 0.04185520992 0)
(-0.04664689265 0.04289485621 7.783092667e-25)
(-0.05985230021 0.04020074428 -7.675177256e-25)
(-0.07163291699 0.03434741943 3.672325955e-23)
(-0.08132751481 0.02585664198 1.848249457e-23)
(-0.0883660127 0.01527298341 6.238972554e-24)
(-0.09225469773 0.003246146488 -1.63723818e-24)
(-0.09260380093 -0.009407833159 0)
(-0.08917555831 -0.02167478141 4.370520861e-25)
(-0.08195979462 -0.03236745277 1.008981778e-23)
(-0.07126885458 -0.04021250482 -4.349235588e-23)
(-0.05782018687 -0.04402046765 1.932853961e-24)
(-0.04278582829 -0.04294829791 4.217095241e-23)
(-0.02775450327 -0.03683347266 -3.841476437e-25)
(-0.01455062475 -0.02652721147 0)
(-0.004859464046 -0.01408454488 5.436539618e-23)
(-0.0003641489283 -0.002846952569 -2.565091981e-22)
(-0.0005272216514 0.0149992793 9.841658561e-23)
(-0.009377926193 0.03739022616 -4.907850751e-25)
(-0.02288182788 0.05170223291 0)
(-0.03883043577 0.05894183377 0)
(-0.05538656948 0.06025574891 -8.73216967e-23)
(-0.07142876973 0.05661901362 -8.49913633e-23)
(-0.08606654509 0.04880169069 -4.067584907e-23)
(-0.09855086354 0.03743980745 -1.504386193e-23)
(-0.1081945346 0.02315984084 -5.368999766e-24)
(-0.1143444766 0.00670967936 -8.175046798e-24)
(-0.1164046249 -0.01093292234 6.601178217e-24)
(-0.113893744 -0.02848945185 8.826789562e-24)
(-0.106548701 -0.04437046458 -1.892317096e-23)
(-0.09446804173 -0.0567533405 4.607975351e-24)
(-0.07826856859 -0.06378299042 0)
(-0.05922895321 -0.06393495847 -1.57280233e-23)
(-0.03933981822 -0.05653816664 -2.431011297e-26)
(-0.0211418882 -0.04235809365 0)
(-0.007318703127 -0.02398229493 -1.520661945e-22)
(-0.0005216165237 -0.005925545067 6.056298086e-22)
(-0.0004990825099 0.02064574635 -9.774609436e-23)
(-0.01052951066 0.05045438524 2.831996779e-22)
(-0.02582957572 0.06912512148 1.526866839e-22)
(-0.0440213846 0.07849258314 3.619297338e-24)
(-0.06310739373 0.08029476727 -7.319352269e-23)
(-0.08190405323 0.07588043151 9.043595474e-23)
(-0.09947763935 0.06621690887 -3.5902318e-24)
(-0.1150227404 0.05201695224 -1.729179477e-24)
(-0.1277519211 0.0339235861 2.524174558e-24)
(-0.1368472639 0.01270233253 7.382677405e-24)
(-0.1414710565 -0.01058782331 -6.500922494e-24)
(-0.1408248223 -0.03446024437 -9.788221133e-24)
(-0.1342746001 -0.0569277183 -3.261732004e-23)
(-0.1215450259 -0.075533164 -3.661543244e-23)
(-0.1029672662 -0.08754260813 5.64606097e-25)
(-0.07976369866 -0.09039209964 0)
(-0.05426682417 -0.08244514035 0)
(-0.02987160891 -0.06397737076 -2.906085609e-24)
(-0.01066285121 -0.03798794841 2.970535304e-24)
(-0.0007350934627 -0.01050089562 1.027872268e-22)
(-0.0004479161283 0.02687251126 0)
(-0.01134923202 0.06480757765 2.001982517e-22)
(-0.02801599783 0.08829617672 8.962059226e-23)
(-0.04799857548 0.1001234994 0)
(-0.06920602264 0.1027076594 1.569889843e-22)
(-0.09044373479 0.09781578917 0)
(-0.1107831707 0.08661103228 -1.428392313e-22)
(-0.1294093789 0.06983950487 6.515582455e-24)
(-0.1454771667 0.04808232288 0)
(-0.1580351855 0.02201755636 0)
(-0.1660133507 -0.007334439401 -1.374416581e-24)
(-0.168267161 -0.03838839727 -9.316815906e-25)
(-0.1637064743 -0.06883975888 1.491986035e-22)
(-0.1515208795 -0.09558275834 -4.704634644e-23)
(-0.1315134575 -0.1148298672 -2.560988657e-24)
(-0.1045596085 -0.1225703431 1.534748193e-24)
(-0.07309349916 -0.1155517988 -1.558957744e-24)
(-0.04135021475 -0.09283115771 0)
(-0.01525230258 -0.05740767788 3.203824408e-24)
(-0.001044308899 -0.01714714571 -1.012917311e-21)
(-0.0003744659246 0.03346304571 0)
(-0.01175005973 0.07998918905 -1.128299606e-22)
(-0.02920707927 0.1086390978 -6.191167372e-22)
(-0.05031745178 0.1232234036 -3.755315688e-22)
(-0.07296317723 0.1269097079 0)
(-0.09598960513 0.1219255675 4.11946453e-22)
(-0.1185273511 0.1096348666 1.260928488e-22)
(-0.1398146444 0.09078245997 -5.58184823e-24)
(-0.1590221578 0.06581393213 5.554221081e-24)
(-0.1751461041 0.03520881102 0)
(-0.1869560034 -0.0001967472842 2.91213663e-23)
(-0.1930172704 -0.03889754357 4.695852278e-24)
(-0.1917809967 -0.07843888565 -1.076812466e-22)
(-0.1817874481 -0.1151865386 8.004243406e-23)
(-0.1620570468 -0.1442599479 -2.419754097e-22)
(-0.1327062023 -0.1598548649 0)
(-0.09577888291 -0.1563112909 0)
(-0.05601633115 -0.1302981105 0)
(-0.02147859152 -0.08381135268 0)
(-0.001500384542 -0.02665516377 5.572132366e-22)
(-0.0002873897765 0.04016077882 0)
(-0.01169359551 0.09543611751 -3.493024477e-22)
(-0.0292443821 0.1294073662 8.932817895e-22)
(-0.05060947338 0.146929921 3.617187722e-22)
(-0.07370082835 0.1519748716 0)
(-0.09745151367 0.1472757999 -3.862561884e-22)
(-0.1211069856 0.1344191977 -3.174434983e-23)
(-0.1440324799 0.1141393335 3.333109074e-22)
(-0.1655143248 0.08670006671 1.769476981e-22)
(-0.184624854 0.05229123462 -4.060157229e-23)
(-0.2001325838 0.01141716098 1.656821706e-23)
(-0.2104622478 -0.03471424273 -8.26526363e-24)
(-0.2137208565 -0.08376563754 3.371863458e-22)
(-0.2078215533 -0.1318756366 0)
(-0.1908238564 -0.1732756159 2.420923127e-22)
(-0.1616335759 -0.2002593421 5.774802556e-24)
(-0.1211662705 -0.2040121735 -5.860921944e-24)
(-0.07384989888 -0.177211998 1.548456487e-22)
(-0.02971786865 -0.1188642343 -5.435486022e-24)
(-0.00217954516 -0.04005398799 0)
(-0.000211719986 0.04671640136 0)
(-0.01125001025 0.1105498155 0)
(-0.02815624337 0.1497355041 -5.022765821e-22)
(-0.04874479272 0.1701517647 -1.88100077e-23)
(-0.07100086722 0.1766257191 2.038381282e-23)
(-0.09399451627 0.1724526551 -2.014313748e-23)
(-0.1171434308 0.1594871019 -2.316885999e-23)
(-0.1400179504 0.1384805102 -3.029827265e-22)
(-0.1621328884 0.1095160722 6.698613235e-23)
(-0.1827959031 0.07245186914 4.513183788e-23)
(-0.2009835555 0.02734928697 -4.577726876e-23)
(-0.2152270267 -0.02508697967 0)
(-0.2235562221 -0.08298351595 -7.839707875e-23)
(-0.2234632209 -0.1427257358 0)
(-0.2120679446 -0.198182091 -3.73956748e-22)
(-0.1867434563 -0.2400773728 5.244963998e-22)
(-0.1464438316 -0.2560773445 0)
(-0.09394567823 -0.2331209534 -1.49400232e-22)
(-0.04022001038 -0.163961368 1.937559043e-22)
(-0.003201100312 -0.058610632 -3.411538518e-22)
(-0.0002015408195 0.05297585153 0)
(-0.01067261779 0.1248172414 9.182880195e-22)
(-0.02628446529 0.168742462 -2.440688553e-23)
(-0.04501107728 0.1916455185 9.193350203e-22)
(-0.06494597515 0.1992921099 -2.512089631e-23)
(-0.085366286 0.1956104359 2.83884718e-23)
(-0.1059305652 0.1827886876 -2.812933212e-23)
(-0.1264924182 0.161658353 -1.660919397e-23)
(-0.1468996834 0.1321762308 -5.260233506e-22)
(-0.166845814 0.09389646578 -8.906635767e-24)
(-0.1857303008 0.04640576136 9.66020385e-24)
(-0.2024781671 -0.01023784977 3.313080094e-22)
(-0.2154154602 -0.07499820607 -5.820745152e-22)
(-0.2220209709 -0.1450311869 0)
(-0.2188032102 -0.214676065 8.887333797e-22)
(-0.2016257527 -0.2740016458 -4.940896038e-22)
(-0.1668639198 -0.3075811992 -1.57222614e-23)
(-0.11402201 -0.2953811944 0)
(-0.05288482055 -0.21958026 -1.890192598e-22)
(-0.004749188201 -0.08377278021 3.360596145e-22)
(-0.0003641981494 0.05902317773 1.551011935e-23)
(-0.01049573799 0.1379881519 -8.764207315e-22)
(-0.02441389353 0.1856804133 -1.157060336e-21)
(-0.04026724298 0.2101384791 -8.628998437e-22)
(-0.05630729545 0.2182348952 0)
(-0.07214856517 0.2146190308 3.513808806e-23)
(-0.08779221561 0.2018791989 -7.294873332e-23)
(-0.1034562779 0.1810005635 5.867889501e-23)
(-0.1193983855 0.1518997256 3.021369177e-22)
(-0.1357931524 0.1139150571 -1.128196542e-23)
(-0.1526082296 0.06621424864 0)
(-0.1694521351 0.008177201898 -3.603932404e-22)
(-0.1852760576 -0.06015987887 7.515673362e-22)
(-0.19804485 -0.1372747032 8.83170978e-22)
(-0.2043546253 -0.2189261911 -5.296632523e-22)
(-0.1990977608 -0.2959712938 5.16269475e-22)
(-0.176060533 -0.3514072617 1.078235767e-23)
(-0.1300890634 -0.3584150811 -1.095550853e-23)
(-0.0668880333 -0.2843276532 -8.215243406e-23)
(-0.007083319983 -0.1169964425 0)
(-0.0009095771529 0.06540041551 -1.911488412e-23)
(-0.01167591556 0.150281642 -1.326966575e-21)
(-0.02388881852 0.2000659579 1.094238652e-21)
(-0.03601340236 0.2244216994 6.734936357e-22)
(-0.04657308588 0.2316588274 6.01463734e-22)
(-0.05577038342 0.2272393726 6.643962795e-22)
(-0.06411245561 0.2141774905 -4.458681101e-23)
(-0.07227561421 0.1936494406 -3.461339635e-22)
(-0.08096972689 0.1656028335 2.152163823e-22)
(-0.09087192026 0.1292707364 0)
(-0.1025547421 0.08353082468 0)
(-0.1163622124 0.02720010657 2.655398213e-22)
(-0.1321589528 -0.0406200611 8.19432633e-23)
(-0.148925229 -0.1200128319 -2.821625759e-22)
(-0.1641284259 -0.2089300701 -5.41127486e-23)
(-0.1727877605 -0.3006992519 1.30195217e-22)
(-0.1670311297 -0.3793329117 -3.400509504e-22)
(-0.1365292437 -0.4136451986 -1.593806284e-23)
(-0.08018250146 -0.3538326219 8.204016185e-23)
(-0.01050762299 -0.1594130576 -6.032153596e-22)
(-0.00226049811 0.0734888353 0)
(-0.01580355528 0.1626521776 2.145876068e-21)
(-0.02665042385 0.2117904744 0)
(-0.03422339417 0.2333947285 -1.351809043e-21)
(-0.0375939831 0.2377766843 6.18405171e-23)
(-0.03799685036 0.2312553541 -6.193100064e-22)
(-0.03668265658 0.2171899028 -4.75628775e-22)
(-0.0348903609 0.196893451 8.301260587e-22)
(-0.03378837674 0.17033424 -1.885699242e-22)
(-0.03449876214 0.1367221088 0)
(-0.03811572492 0.09479673697 0)
(-0.04564992207 0.04304286614 2.4106166e-23)
(-0.05790804084 -0.02013781228 -6.007201347e-22)
(-0.0751459835 -0.09620650226 -4.309569169e-22)
(-0.09645174831 -0.1855556175 4.637864921e-22)
(-0.1183462605 -0.2853567775 -6.488740177e-22)
(-0.1332715375 -0.3838386541 9.119949349e-23)
(-0.1265350985 -0.4504358722 2.937289116e-23)
(-0.08899154082 -0.4198536385 5.660441549e-22)
(-0.01526917936 -0.2111719736 6.020786349e-22)
(-0.005180899403 0.08598045989 0)
(-0.02525550652 0.1766291197 1.465579456e-22)
(-0.03483407853 0.2205961554 -4.9171474e-23)
(-0.0364001368 0.2354859349 7.642935792e-22)
(-0.03018482819 0.2343406757 -7.005383016e-22)
(-0.01916579157 0.2241603891 4.746483944e-23)
(-0.005615147077 0.2083525855 -1.018610391e-22)
(0.008569611023 0.1881241099 -3.389890727e-22)
(0.02179886466 0.163391128 2.062823915e-22)
(0.03262781712 0.133324274 0)
(0.03958458759 0.09664086235 0)
(0.0411701344 0.05174056466 -2.902668908e-22)
(0.03578484 -0.003255397816 0)
(0.02198184856 -0.07058360853 -5.512189383e-22)
(-0.001264844442 -0.1525735509 -1.492376775e-23)
(-0.03310469746 -0.2505949849 2.559743099e-23)
(-0.06909235715 -0.3599341519 2.203146064e-22)
(-0.09227826941 -0.457542453 4.788068541e-24)
(-0.08718089904 -0.469812942 -5.789409831e-22)
(-0.02103127151 -0.26989723 0)
(-0.01111631539 0.108597498 0)
(-0.04248901882 0.1947151689 -8.848482954e-22)
(-0.04795528906 0.2258195515 -5.411041864e-22)
(-0.03919535788 0.2282135555 4.543818818e-22)
(-0.01877830055 0.2182328134 -1.709980968e-24)
(0.007664316728 0.2028220355 -4.561052335e-23)
(0.036679937 0.1847619771 5.696685523e-22)
(0.06582998885 0.1647118218 -2.766892023e-23)
(0.09327131165 0.1423128179 -2.069782799e-22)
(0.117389163 0.1166274938 3.142215077e-23)
(0.1365461705 0.08641143864 -3.425918704e-23)
(0.1489669281 0.05017668991 -3.690595629e-23)
(0.1525275792 0.006159166506 3.205634864e-22)
(0.1449367041 -0.04796127064 6.119608819e-22)
(0.1235159799 -0.1153052911 -5.101174082e-22)
(0.08633533497 -0.2004195651 -1.616060166e-22)
(0.03199089341 -0.3067806592 1.531306175e-22)
(-0.02362123125 -0.4239837146 7.293651069e-23)
(-0.06492413048 -0.4871612791 1.913291414e-21)
(-0.02509971707 -0.3291544746 2.954991242e-21)
(-0.02004680438 0.146072741 -4.390209044e-23)
(-0.06416406304 0.2112955874 4.417381804e-23)
(-0.05070230669 0.2177300495 1.00018897e-21)
(-0.01934097303 0.2014679996 -8.270556508e-24)
(0.02414465096 0.1809076184 0)
(0.07154122293 0.1606933348 4.363724896e-23)
(0.1190703432 0.1416495489 -2.273853358e-22)
(0.1644767357 0.1233181814 -9.027962634e-23)
(0.2062251182 0.1048117284 3.680736679e-23)
(0.2429643043 0.08507139976 -1.701655804e-23)
(0.2732207596 0.06296147566 3.429972014e-23)
(0.2952536123 0.03726293722 -6.592684215e-23)
(0.3066971072 0.006535067355 -9.303909184e-23)
(0.3049738323 -0.03087770111 1.517044978e-22)
(0.2863936257 -0.07786291016 0)
(0.247056809 -0.1399300372 1.505613412e-22)
(0.181092224 -0.2266299753 2.560013741e-22)
(0.09604450267 -0.3443894949 0)
(-0.006697615842 -0.455221022 -3.675634497e-21)
(-0.01922408205 -0.3777537589 -2.892620721e-21)
(-0.02591951267 0.2276828803 -9.51420545e-22)
(-0.03998324679 0.2238216532 -1.388976913e-22)
(0.03656136734 0.1810585369 -2.335582851e-22)
(0.109050304 0.1451059101 -1.193742591e-22)
(0.1817191195 0.11724455 -4.295828825e-23)
(0.2490090742 0.09627907621 9.783189522e-23)
(0.3100336717 0.08002510356 -1.408593308e-22)
(0.3646209351 0.06656815243 1.297176195e-22)
(0.4126252513 0.05449178782 -8.620125855e-23)
(0.4536250318 0.04270894815 1.132190416e-25)
(0.4867878741 0.03032298317 1.527742535e-23)
(0.5107451381 0.0165290177 7.997208974e-23)
(0.523659747 0.0005365136474 -1.811124791e-22)
(0.5231798024 -0.01863373307 -1.617147128e-22)
(0.5052323428 -0.04286478997 -4.262959497e-23)
(0.4658715087 -0.07633231209 0)
(0.3952696501 -0.1286089385 -1.846476475e-22)
(0.2916071049 -0.2208468098 8.148762493e-22)
(0.1197455106 -0.3525016903 1.631601439e-21)
(0.02670547258 -0.3775497979 2.172655841e-21)
(0.2142894471 0.1347447208 9.864990535e-22)
(0.2776311183 0.09870503516 0)
(0.4316592281 0.05810414836 -2.594322024e-22)
(0.5304749338 0.03846264959 -1.741667697e-22)
(0.6016965746 0.02623419114 0)
(0.6571198959 0.01831923458 -6.009097369e-23)
(0.7015213607 0.01313600813 6.378006974e-23)
(0.7376042508 0.009542125904 -1.800157889e-23)
(0.7669368426 0.006804463134 2.885976251e-23)
(0.7902106695 0.00446474345 2.315034606e-23)
(0.8074555019 0.002221319463 0)
(0.8182621362 -0.0001500752932 -2.873034436e-23)
(0.821649972 -0.002723848542 0)
(0.81623942 -0.005712668824 2.738153594e-23)
(0.799133315 -0.009611382923 1.421694391e-23)
(0.7679986346 -0.01500255109 -5.799401315e-23)
(0.7106555755 -0.02502519952 -2.535660386e-22)
(0.6235183979 -0.04204285406 -6.918101029e-22)
(0.423009102 -0.09182968079 0)
(0.2705674689 -0.1524021841 -2.119483708e-21)
)


// ************************************************************************* //
