/*--------------------------------*- C++ -*----------------------------------*\
  =========                 |
  \\      /  F ield         | OpenFOAM: The Open Source CFD Toolbox
   \\    /   O peration     | Website:  https://openfoam.org
    \\  /    A nd           | Version:  13
     \\/     M anipulation  |
\*---------------------------------------------------------------------------*/
FoamFile
{
    format      ascii;
    class       vectorField;
    location    "21.73";
    object      U_all;
}
// * * * * * * * * * * * * * * * * * * * * * * * * * * * * * * * * * * * * * //


400
(
(1.08115071e-05 -3.790851537e-05 0)
(-0.0006662190287 0.0004129772219 -1.5398679e-23)
(-0.002185087271 0.000920235752 0)
(-0.004047150143 0.001312534644 0)
(-0.005970787029 0.001534770652 6.824769407e-25)
(-0.007761350806 0.001569546016 4.15367523e-24)
(-0.009282842058 0.001423295435 -7.307379132e-24)
(-0.01043407082 0.001119521552 7.599215526e-24)
(-0.01113489558 0.000695968335 -2.100966354e-25)
(-0.01132526969 0.000203056839 -4.003141797e-24)
(-0.01097013059 -0.0003001678977 5.812905997e-24)
(-0.01007099201 -0.0007473880392 -5.937169891e-23)
(-0.008678923132 -0.001075405922 -6.560770184e-23)
(-0.006902304257 -0.001232899125 -7.79297681e-23)
(-0.004910574985 -0.001192542052 4.579248254e-24)
(-0.0029273779 -0.0009618984764 -4.144054346e-24)
(-0.001205636643 -0.0005912696192 -2.003001287e-22)
(-1.943526003e-05 -0.0001699991706 0)
(0.0005178910798 0.0001719441522 1.528851006e-25)
(0.0002226839514 0.0003058857676 -2.804294766e-24)
(-0.0002633966452 0.0008287110049 1.391382498e-25)
(-0.002702858079 0.003383136632 1.549472458e-23)
(-0.006905884043 0.005603311186 1.537564225e-25)
(-0.01194980662 0.00700671538 -8.455993315e-25)
(-0.01713140495 0.007552190157 1.156241307e-24)
(-0.02197071806 0.007292718716 1.300218086e-23)
(-0.02610535409 0.006320688345 1.455033267e-24)
(-0.02925976155 0.004753390669 -7.349211669e-24)
(-0.03122069498 0.002736827463 1.018700282e-23)
(-0.03183616135 0.0004525704633 4.519809228e-24)
(-0.03102227422 -0.001883518122 -6.328993452e-24)
(-0.02878861222 -0.004022053095 2.959256654e-24)
(-0.02526780997 -0.005707184994 3.899592999e-23)
(-0.02072944589 -0.006706232394 -1.957658875e-24)
(-0.01558816191 -0.006853142008 3.760512309e-24)
(-0.01038455073 -0.00609679825 -9.762834037e-23)
(-0.005730307285 -0.004545935774 9.660090192e-23)
(-0.00223368546 -0.00250755778 -3.999541369e-25)
(-0.0001820688967 -0.0005027567113 4.100410301e-25)
(8.339175831e-05 0.0006096201287 0)
(-0.0004187381046 0.002934453867 -2.918157271e-25)
(-0.004646840242 0.008802062504 1.712626746e-23)
(-0.0113693495 0.01323744238 -8.17602542e-24)
(-0.01932284795 0.0157885121 -2.056584395e-25)
(-0.02746786011 0.01652640016 2.020379593e-25)
(-0.03510992973 0.01564116585 8.883530672e-27)
(-0.04170434388 0.01335741698 -1.285410317e-24)
(-0.0468258205 0.009918153702 -4.593919842e-25)
(-0.05013971039 0.005601901611 -1.066690769e-23)
(-0.05140234947 0.0007450045349 0)
(-0.05046865852 -0.00424019941 0)
(-0.04732892597 -0.008884817148 2.675258467e-23)
(-0.04215258204 -0.01267892064 2.817212454e-23)
(-0.03530928439 -0.01513309881 -1.649186205e-24)
(-0.02738648464 -0.01585922888 4.85647569e-23)
(-0.01916802695 -0.0146713045 9.440489675e-23)
(-0.01156000291 -0.01169242012 3.999071874e-23)
(-0.005465206786 -0.007450441746 4.21932064e-25)
(-0.001451184455 -0.002936394704 1.033307337e-25)
(-9.072809452e-05 0.000225430687 0)
(-0.0005023325741 0.006043986503 -4.257836734e-23)
(-0.006401184709 0.01636696695 -1.702828825e-23)
(-0.01553128291 0.02355388378 8.10291332e-24)
(-0.02627288539 0.02743538799 0)
(-0.03727879188 0.02831480526 0)
(-0.04767954605 0.02658221382 0)
(-0.05678410727 0.02262693432 -4.689617615e-26)
(-0.0640401942 0.01683344641 -2.096385817e-24)
(-0.06899667571 0.009621371691 0)
(-0.07129431486 0.001492108803 1.646007188e-24)
(-0.07069536264 -0.006933755235 2.809511106e-25)
(-0.06711853733 -0.01492607116 -2.817377668e-25)
(-0.06068894889 -0.02166227406 0)
(-0.0517994265 -0.02631074683 4.143559872e-23)
(-0.04114396172 -0.02815572461 -4.691887576e-23)
(-0.02971576547 -0.02676964804 -2.773933849e-23)
(-0.01873494635 -0.02221256615 -3.984601692e-23)
(-0.0094870614 -0.01521796193 7.794173361e-25)
(-0.002976665669 -0.00729816227 9.762301402e-23)
(-0.0002318529681 -0.0008666000179 0)
(-0.0005314687124 0.0100926542 4.278555812e-23)
(-0.007981649186 0.02594608632 4.768152043e-25)
(-0.01939224943 0.03642035551 -4.659249509e-25)
(-0.0328161671 0.04184572636 0)
(-0.04663627738 0.0428855447 7.762272256e-25)
(-0.05983906857 0.04019257139 -7.654645266e-25)
(-0.07161759696 0.03434112589 3.664584581e-23)
(-0.0813107538 0.02585273838 1.83996544e-23)
(-0.08834852165 0.01527174411 6.214523886e-24)
(-0.09223721413 0.003247603553 -1.647924805e-24)
(-0.0925870329 -0.009403868041 0)
(-0.08916014806 -0.02166874443 4.386194036e-25)
(-0.08194629194 -0.03235997919 1.01464009e-23)
(-0.07125766969 -0.04020438877 -4.36026824e-23)
(-0.05781155036 -0.04401259135 1.939947845e-24)
(-0.04277975378 -0.04294152376 4.241338293e-23)
(-0.02775076478 -0.0368284942 -3.880731099e-25)
(-0.01454876479 -0.02652437309 0)
(-0.004858883646 -0.01408366611 5.434977669e-23)
(-0.0003640851335 -0.002847170224 -2.561905662e-22)
(-0.0005270908312 0.01499574172 9.829756405e-23)
(-0.009375774724 0.03738147224 -4.899189299e-25)
(-0.02287669429 0.05169037807 0)
(-0.03882192971 0.0589287672 0)
(-0.05537476729 0.06024304391 -8.724330954e-23)
(-0.07141402773 0.05660791843 -8.490808458e-23)
(-0.08604941304 0.04879314112 -4.059061269e-23)
(-0.09853201131 0.03743443957 -1.500182977e-23)
(-0.1081746972 0.02315799748 -5.347318626e-24)
(-0.1143244158 0.006711413635 -8.160355221e-24)
(-0.1163850908 -0.0109278338 6.585012895e-24)
(-0.1138754454 -0.02848151184 8.796243017e-24)
(-0.1065322806 -0.04436042335 -1.891410186e-23)
(-0.0944540399 -0.05674216447 4.47799035e-24)
(-0.07825737533 -0.0637717983 0)
(-0.05922075042 -0.06392491105 -1.585711344e-23)
(-0.03933451856 -0.05653029137 -2.011702645e-26)
(-0.02113909441 -0.04235304455 0)
(-0.007317742897 -0.02398009473 -1.517651637e-22)
(-0.0005215183199 -0.005925368038 6.04968302e-22)
(-0.0004989882992 0.02064097498 -9.762815583e-23)
(-0.0105273712 0.05044288995 2.830427349e-22)
(-0.02582440977 0.06910978236 1.526049668e-22)
(-0.04401277018 0.07847584031 3.616724692e-24)
(-0.06309538376 0.08027858517 -7.317461366e-23)
(-0.08188898372 0.0758663271 9.034696891e-23)
(-0.09946003714 0.06620599467 -3.587166132e-24)
(-0.1150032466 0.0520099727 -1.727330705e-24)
(-0.1277312372 0.03392094323 2.521348947e-24)
(-0.1368261165 0.01270410452 7.368952584e-24)
(-0.1414501748 -0.01058186422 -6.485613351e-24)
(-0.1408049157 -0.03445063232 -9.754606827e-24)
(-0.1342563442 -0.05691526393 -3.261041683e-23)
(-0.121529045 -0.07551894479 -3.639965437e-23)
(-0.1029540904 -0.08752792806 5.601979038e-25)
(-0.07975369654 -0.09037840081 0)
(-0.05426010533 -0.08243382769 0)
(-0.02986791714 -0.06396952258 -2.901104822e-24)
(-0.01066151037 -0.03798395136 2.96544409e-24)
(-0.0007349654601 -0.01050011846 1.027637513e-22)
(-0.0004478774746 0.02686657951 0)
(-0.01134734836 0.06479350504 2.001558714e-22)
(-0.02801134011 0.08827755366 8.960427811e-23)
(-0.04799070244 0.1001032857 0)
(-0.06919494588 0.1026881874 1.568941948e-22)
(-0.09042974149 0.09779882136 0)
(-0.1107667309 0.08659783371 -1.427626064e-22)
(-0.1293910659 0.06983090491 6.511363426e-24)
(-0.1454576008 0.0480787634 0)
(-0.1580149995 0.02201912889 0)
(-0.1659931812 -0.007327964386 -1.3730859e-24)
(-0.1682476267 -0.038377537 -9.303449817e-25)
(-0.1636881788 -0.06882533467 1.490225989e-22)
(-0.1515044324 -0.09556587672 -4.703527522e-23)
(-0.131499451 -0.1148119209 -2.555765807e-24)
(-0.1045485671 -0.1225529756 1.529721018e-24)
(-0.07308576585 -0.1155367767 -1.553851275e-24)
(-0.04134577635 -0.09282007225 0)
(-0.01525060572 -0.05740146256 3.200959303e-24)
(-0.001044151309 -0.01714556819 -1.012160794e-21)
(-0.0003744960218 0.03345616591 0)
(-0.01174867242 0.07997297679 -1.127553843e-22)
(-0.02920347808 0.1086177118 -6.18892615e-22)
(-0.05031119683 0.1232002471 -3.754011971e-22)
(-0.07295423002 0.1268874384 0)
(-0.09597818675 0.1219061636 4.117822161e-22)
(-0.1185138552 0.1096197178 1.260251584e-22)
(-0.1397995542 0.09077245057 -5.578945093e-24)
(-0.1590059837 0.06580951253 5.551332314e-24)
(-0.175129343 0.03521005783 0)
(-0.1869391055 -0.0001900797487 2.910660108e-23)
(-0.1930006646 -0.03888597194 4.69251966e-24)
(-0.1917651086 -0.07842319854 -1.075820472e-22)
(-0.1817727211 -0.1151677819 7.994910873e-23)
(-0.1620439951 -0.1442394666 -2.417615756e-22)
(-0.132695405 -0.1598343464 0)
(-0.09577089671 -0.1562927449 0)
(-0.05601147551 -0.1302836484 0)
(-0.02147661259 -0.08380262768 0)
(-0.001500198136 -0.02665260473 5.568260903e-22)
(-0.0002874943082 0.04015329452 0)
(-0.01169291042 0.09541846039 -3.491854016e-22)
(-0.02924232371 0.1293840419 8.930104085e-22)
(-0.05060563155 0.1469046602 3.615927509e-22)
(-0.07369511412 0.1519506002 0)
(-0.09744407297 0.1472546801 -3.861024816e-22)
(-0.1210981246 0.1344027151 -3.173211712e-23)
(-0.1440225797 0.114128393 3.331907476e-22)
(-0.1655037677 0.08669508235 1.768824126e-22)
(-0.1846139683 0.05229221692 -4.058657809e-23)
(-0.2001216091 0.01142379953 1.656551403e-23)
(-0.2104513424 -0.03470251137 -8.261211697e-24)
(-0.2137101303 -0.08374956425 3.37043664e-22)
(-0.2078111417 -0.1318561422 0)
(-0.1908140253 -0.1732538542 2.41878375e-22)
(-0.1616247926 -0.2002368274 5.768320195e-24)
(-0.1211591953 -0.203990921 -5.854342948e-24)
(-0.07384519727 -0.1771944991 1.546376395e-22)
(-0.02971576348 -0.1188529513 -5.429270365e-24)
(-0.002179334222 -0.04005031696 0)
(-0.0002118962292 0.04670875787 0)
(-0.01125016787 0.1105316156 0)
(-0.02815608185 0.1497113167 -5.021341061e-22)
(-0.0487439629 0.1701254965 -1.880493002e-23)
(-0.07099923167 0.1766004928 2.037772839e-23)
(-0.09399213547 0.1724307826 -2.013712486e-23)
(-0.1171405092 0.1594701402 -2.316131568e-23)
(-0.1400147543 0.138469353 -3.028728265e-22)
(-0.1621296624 0.1095110491 6.697796471e-23)
(-0.1827927975 0.07245286035 4.511493014e-23)
(-0.2009805799 0.02735584286 -4.575976272e-23)
(-0.215224053 -0.02507551241 0)
(-0.2235530062 -0.08296792276 -7.833514405e-23)
(-0.223459499 -0.1427067926 0)
(-0.2120635944 -0.1981606583 -3.738117116e-22)
(-0.1867386437 -0.2400545773 5.24236695e-22)
(-0.1464391206 -0.2560548874 0)
(-0.09394195383 -0.2331013864 -1.491984742e-22)
(-0.04021804716 -0.1639478589 1.93547508e-22)
(-0.003200876275 -0.05860581994 -3.409463185e-22)
(-0.0002017778979 0.05296854812 0)
(-0.01067367034 0.1247995247 9.180926013e-22)
(-0.02628636657 0.1687186462 -2.440128373e-23)
(-0.04501356684 0.191619505 9.191332487e-22)
(-0.06494886403 0.1992671264 -2.511478759e-23)
(-0.08536952532 0.1955889013 2.838095136e-23)
(-0.1059342231 0.182772208 -2.81218803e-23)
(-0.1264966147 0.1616477918 -1.660465504e-23)
(-0.146904504 0.1321718005 -5.258819077e-22)
(-0.1668512288 0.09389787011 -8.904220722e-24)
(-0.1857361115 0.04641234163 9.657664107e-24)
(-0.202484043 -0.01022694097 3.312342235e-22)
(-0.2154208572 -0.07498376336 -5.819238117e-22)
(-0.222025238 -0.1450139309 0)
(-0.2188058209 -0.214656562 8.884565987e-22)
(-0.2016264512 -0.2739805135 -4.938455523e-22)
(-0.1668629519 -0.3075595308 -1.571446487e-23)
(-0.1140202121 -0.2953611612 0)
(-0.05288338339 -0.2195653493 -1.888143708e-22)
(-0.004748974957 -0.08376696339 3.358556803e-22)
(-0.0003644796137 0.05901671201 1.550697148e-23)
(-0.01049764156 0.137971964 -8.76234333e-22)
(-0.02441780714 0.1856582434 -1.156849085e-21)
(-0.04027301618 0.2101140208 -8.627104886e-22)
(-0.0563146796 0.2182113647 0)
(-0.07215736322 0.2145988925 3.51301932e-23)
(-0.08780229906 0.201864081 -7.293223615e-23)
(-0.1034675639 0.1809913003 5.866558702e-23)
(-0.1194107639 0.1518964116 3.020626204e-22)
(-0.1358064176 0.1139172294 -1.127948841e-23)
(-0.1526220496 0.06622104398 0)
(-0.1694659674 0.00818757261 -3.603118087e-22)
(-0.1852892312 -0.06014686484 7.514234665e-22)
(-0.1980566071 -0.1372597911 8.830223598e-22)
(-0.2043641364 -0.2189097471 -5.295235976e-22)
(-0.199104373 -0.2959534605 5.16151396e-22)
(-0.1760640469 -0.3513883835 1.077552158e-23)
(-0.1300899569 -0.3583965532 -1.094856269e-23)
(-0.06688755679 -0.2843126516 -8.233629332e-23)
(-0.00708316005 -0.1169899764 0)
(-0.0009098841161 0.06539522973 -1.911156123e-23)
(-0.01167853371 0.1502679425 -1.326760732e-21)
(-0.02389447517 0.2000466226 1.094039918e-21)
(-0.03602207193 0.2244000055 6.733866912e-22)
(-0.04658445577 0.2316378361 6.013650934e-22)
(-0.05578407007 0.2272215053 6.642817644e-22)
(-0.06412805955 0.2141643542 -4.45782581e-23)
(-0.07229278312 0.1936418636 -3.460737836e-22)
(-0.0809881028 0.165600818 2.15179916e-22)
(-0.090891087 0.1292737309 0)
(-0.1025742545 0.08353784721 0)
(-0.1163815319 0.02720998305 2.655046544e-22)
(-0.1321774616 -0.04060847259 8.195287175e-23)
(-0.148942199 -0.1200003628 -2.820898683e-22)
(-0.1641430216 -0.2089170461 -5.410491052e-23)
(-0.1727991451 -0.3006855417 1.302109319e-22)
(-0.1670387371 -0.3793182114 -3.39956148e-22)
(-0.1365330064 -0.4136299874 -1.602023489e-23)
(-0.080183307 -0.3538191076 8.222376984e-23)
(-0.01050757631 -0.1594065168 -6.033524177e-22)
(-0.002260805281 0.07348526318 0)
(-0.01580664754 0.1626417284 2.145564784e-21)
(-0.02665732174 0.2117749478 0)
(-0.03423420868 0.2333767896 -1.351615368e-21)
(-0.03760835481 0.2377590762 6.184972812e-23)
(-0.03801420777 0.2312403343 -6.192027387e-22)
(-0.03670227512 0.2171789846 -4.755555168e-22)
(-0.03491159066 0.1968875767 8.29991132e-22)
(-0.03381059616 0.1703332688 -1.885376835e-22)
(-0.03452130947 0.1367255365 0)
(-0.03813806744 0.09480359952 0)
(-0.04567156123 0.04305197767 2.411099862e-23)
(-0.05792855102 -0.02012761178 -6.006482297e-22)
(-0.07516487541 -0.09619621946 -4.309051613e-22)
(-0.09646842577 -0.1855456681 4.637479616e-22)
(-0.1183599911 -0.2853470268 -6.487732538e-22)
(-0.1332816867 -0.3838284581 9.116642059e-23)
(-0.1265410835 -0.4504250938 2.945927539e-23)
(-0.08899360881 -0.4198430214 5.660945531e-22)
(-0.01526929626 -0.211166085 6.022154347e-22)
(-0.00518116315 0.0859786619 0)
(-0.02525867323 0.1766223552 1.465656248e-22)
(-0.03484139406 0.2205850637 -4.916577971e-23)
(-0.03641186711 0.2354724217 7.641946005e-22)
(-0.030200634 0.2343270083 -7.004422977e-22)
(-0.01918499896 0.2241485416 4.745833298e-23)
(-0.005636622677 0.2083439666 -1.018548564e-22)
(0.008546656873 0.1881194831 -3.389374018e-22)
(0.02177517375 0.1633905873 2.062562079e-22)
(0.03260441228 0.1333274092 0)
(0.03956207038 0.09664685089 0)
(0.04114899145 0.05174833919 -2.902364833e-22)
(0.03576523378 -0.003246982765 0)
(0.02196401954 -0.07057535506 -5.511845793e-22)
(-0.001280592538 -0.1525660883 -1.491093292e-23)
(-0.03311795222 -0.250588363 2.559443185e-23)
(-0.06910294494 -0.3599277679 2.202548669e-22)
(-0.0922852013 -0.4575362283 4.79085213e-24)
(-0.08718371923 -0.4698059694 -5.789956567e-22)
(-0.02103156598 -0.269892679 0)
(-0.01111645484 0.1085973338 0)
(-0.04249160635 0.1947119728 -8.84759149e-22)
(-0.0479616961 0.2258129344 -5.41063645e-22)
(-0.03920604356 0.2282046089 4.543455129e-22)
(-0.01879308149 0.2182232357 -1.710286965e-24)
(0.00764607783 0.2028133862 -4.560572083e-23)
(0.0366592783 0.184755513 5.695965736e-22)
(0.06580792096 0.1647080736 -2.766551332e-23)
(0.09324882031 0.1423121699 -2.069516459e-22)
(0.1173672329 0.1166296963 3.141872793e-23)
(0.1365254931 0.0864159134 -3.425592645e-23)
(0.148947957 0.05018263593 -3.690316828e-23)
(0.152510679 0.00616571153 3.20542271e-22)
(0.1449219875 -0.04795499733 6.119233963e-22)
(0.1235032875 -0.1152999283 -5.100885556e-22)
(0.08632487398 -0.2004153576 -1.615962647e-22)
(0.03198174931 -0.3067774083 1.531339349e-22)
(-0.02362776723 -0.4239804458 7.293806454e-23)
(-0.06492678952 -0.4871575619 1.913301879e-21)
(-0.0251000829 -0.3291515665 2.955003118e-21)
(-0.02004670989 0.1460736083 -4.389965654e-23)
(-0.06416525277 0.2112950386 4.417136891e-23)
(-0.0507061261 0.2177271492 1.000125944e-21)
(-0.0193481316 0.2014631322 -8.262401727e-24)
(0.02413393525 0.1809018307 0)
(0.07152723543 0.1606877393 4.363281642e-23)
(0.1190538742 0.141645083 -2.273596474e-22)
(0.1644587081 0.1233153887 -9.026892144e-23)
(0.2062065137 0.1048109197 3.680296137e-23)
(0.2429460985 0.08507250476 -1.701473116e-23)
(0.2732037506 0.06296416083 3.429645569e-23)
(0.2952384511 0.03726667686 -6.592156334e-23)
(0.3066839137 0.00653925407 -9.303253437e-23)
(0.3049627105 -0.03087367049 1.51696418e-22)
(0.2863845802 -0.07785956745 0)
(0.2470496044 -0.1399277292 1.505510833e-22)
(0.1810863923 -0.2266289267 2.559994585e-22)
(0.09604014653 -0.3443882079 0)
(-0.006699843613 -0.4552196498 -3.675647434e-21)
(-0.01922444672 -0.3777524882 -2.892631954e-21)
(-0.02591924627 0.2276837934 -9.514059274e-22)
(-0.03998282166 0.2238222826 -1.388921639e-22)
(0.03656089546 0.1810579802 -2.335428219e-22)
(0.1090479103 0.145104172 -1.193653406e-22)
(0.1817141962 0.1172420486 -4.295576891e-23)
(0.2490014658 0.09627642939 9.782232152e-23)
(0.3100237262 0.080022845 -1.408434125e-22)
(0.3646093035 0.06656664246 1.297023653e-22)
(0.4126127479 0.05449123371 -8.619102187e-23)
(0.4536125289 0.0427093585 1.132154252e-25)
(0.4867761475 0.03032420407 1.527605638e-23)
(0.5107347864 0.01653078441 7.996562895e-23)
(0.5236512103 0.0005383911551 -1.81100626e-22)
(0.5231732993 -0.01863190808 -1.617065905e-22)
(0.5052275669 -0.04286331803 -4.262608679e-23)
(0.46586815 -0.07633138902 0)
(0.3952672185 -0.12860865 -1.846478618e-22)
(0.2916052738 -0.2208467278 8.148758646e-22)
(0.1197444008 -0.3525016146 1.631601722e-21)
(0.02670519178 -0.3775496324 2.172655658e-21)
(0.2142897254 0.1347449956 9.864828163e-22)
(0.2776319867 0.09870538871 0)
(0.4316601978 0.05810431404 -2.594208742e-22)
(0.5304753369 0.03846259345 -1.741575957e-22)
(0.6016958403 0.026233969 0)
(0.6571177567 0.01831895365 -6.00851596e-23)
(0.7015178959 0.01313576793 6.377247993e-23)
(0.7375997929 0.009541995185 -1.799914676e-23)
(0.7669318689 0.006804481463 2.88559821e-23)
(0.7902057094 0.004464910349 2.314756735e-23)
(0.8074510359 0.002221604002 0)
(0.8182585139 -0.0001497183778 -2.872784419e-23)
(0.8216473957 -0.002723474122 0)
(0.8162379276 -0.005712386789 2.737915835e-23)
(0.7991326824 -0.009611217155 1.421589908e-23)
(0.767998574 -0.0150025069 -5.799460579e-23)
(0.7106557341 -0.02502527343 -2.535660346e-22)
(0.6235184997 -0.04204294083 -6.918097946e-22)
(0.4230090916 -0.09182977059 0)
(0.2705674421 -0.1524022248 -2.119483528e-21)
)


// ************************************************************************* //
