/*--------------------------------*- C++ -*----------------------------------*\
  =========                 |
  \\      /  F ield         | OpenFOAM: The Open Source CFD Toolbox
   \\    /   O peration     | Website:  https://openfoam.org
    \\  /    A nd           | Version:  13
     \\/     M anipulation  |
\*---------------------------------------------------------------------------*/
FoamFile
{
    format      ascii;
    class       scalarField;
    location    "12.6";
    object      p_all;
}
// * * * * * * * * * * * * * * * * * * * * * * * * * * * * * * * * * * * * * //


400
(
-1.650550736e-07
-0.0005399224186
-0.0008751292497
-0.000996493046
-0.0009126323734
-0.0006557544157
-0.000263201961
0.0002292810392
0.0007854622504
0.001365238727
0.001923356353
0.002407499205
0.002762690688
0.002936131433
0.002886304082
0.002594831324
0.002081204491
0.00140196003
0.0007503349542
0.0001593852991
0.00057983172
6.667322575e-06
-0.0003501289754
-0.0004862403701
-0.0004498254023
-0.0002673974547
3.170839138e-05
0.0004182501151
0.0008609218081
0.001322728194
0.001764244549
0.002134636892
0.002383867565
0.002464837038
0.002343638555
0.002011073571
0.001493025125
0.0008535493002
0.0002629151875
-0.0003954739586
0.0009371349827
0.0003017787599
-9.202858538e-05
-0.0002319360577
-0.0002193236339
-8.417760273e-05
0.0001493614169
0.0004598328221
0.0008234711387
0.001209049532
0.0015825323
0.001892604297
0.002089031153
0.002123319808
0.00196033895
0.0015898879
0.001035181339
0.0003518646215
-0.0003396523189
-0.001170177651
0.0009566801208
0.0002484783184
-0.0001935874405
-0.0003389617204
-0.0003407065799
-0.0002355101482
-4.43048922e-05
0.0002198798395
0.0005430782525
0.0009043303101
0.00126453807
0.001579254375
0.0017886726
0.001832760809
0.001662847893
0.001255359343
0.0006215503684
-0.000192567814
-0.001099245371
-0.002239721215
0.0004630341572
-0.0002923068483
-0.0007626043276
-0.0009066912301
-0.0009187302951
-0.0008399407157
-0.000685877361
-0.0004578018364
-0.0001561542619
0.0002092094776
0.0006081003435
0.0009923700691
0.001291509566
0.001425340783
0.001318008781
0.0009165343337
0.0002066797106
-0.0007799597702
-0.001979370491
-0.003495140985
-0.0006933380756
-0.001464624126
-0.00194500838
-0.002087461406
-0.002119152831
-0.002082452531
-0.00198345794
-0.001806282394
-0.001530907604
-0.001147841852
-0.0006728738223
-0.0001503694802
0.0003377743254
0.0006828179318
0.000763999037
0.0004741335706
-0.0002518455717
-0.001412161374
-0.00297068341
-0.004962405514
-0.002648410779
-0.003402229701
-0.003885545304
-0.004040867434
-0.004124187528
-0.004175778691
-0.004187454007
-0.004119132104
-0.003920224572
-0.003548444135
-0.002990143239
-0.002271010464
-0.001476350862
-0.0007470683816
-0.0002695166733
-0.0002426499916
-0.0008279532539
-0.002091659366
-0.004050925033
-0.006628841206
-0.00551122561
-0.006220650891
-0.006710538276
-0.006912393386
-0.007107811522
-0.007332892374
-0.007561101154
-0.007720692083
-0.007717888274
-0.007458601313
-0.006874565162
-0.005942288
-0.00472909867
-0.003397744389
-0.002216497263
-0.001525445566
-0.001657729319
-0.00282597675
-0.005167906768
-0.008443153731
-0.009352537852
-0.009996350664
-0.01050497599
-0.01080260808
-0.01119534607
-0.01171605847
-0.01231861386
-0.01289403978
-0.01329270655
-0.01334538945
-0.01289019935
-0.01182578102
-0.01013942127
-0.007983120791
-0.005703125025
-0.003829168251
-0.002972650926
-0.003630892821
-0.006207266451
-0.01025511788
-0.01418987862
-0.01474974259
-0.01528881679
-0.01573090631
-0.01641127044
-0.01736568325
-0.01853216379
-0.01976364647
-0.02084570154
-0.02151362364
-0.02148061763
-0.02049201581
-0.01840170498
-0.01527194586
-0.01147746378
-0.007753177649
-0.005104961068
-0.004523008452
-0.00694527461
-0.0117302672
-0.01998169728
-0.02043650343
-0.02099967322
-0.0216027682
-0.022626825
-0.02412392303
-0.02602609305
-0.02815355806
-0.03022569172
-0.03186974549
-0.0326430695
-0.03208578398
-0.02984056974
-0.02576390086
-0.0201480791
-0.0138707387
-0.00840030237
-0.005466645557
-0.006971965788
-0.01221397749
-0.02664166977
-0.02695592897
-0.02749135595
-0.02819294333
-0.02952630795
-0.0315822011
-0.03430178188
-0.0374825705
-0.04078324206
-0.04372259882
-0.04568948315
-0.04598260707
-0.04398216368
-0.03920944627
-0.03171146811
-0.02233665901
-0.01295289548
-0.006213192835
-0.005560240084
-0.01052296851
-0.03408641051
-0.03418229367
-0.03455227642
-0.03515138457
-0.03660761313
-0.03908226673
-0.04254210533
-0.04677060248
-0.05137169473
-0.055762965
-0.05917471779
-0.060692727
-0.05930670136
-0.05421792236
-0.04504484623
-0.03234823993
-0.0181473118
-0.005981668697
-0.001441253545
-0.004659118585
-0.04234045533
-0.04202624852
-0.04194666987
-0.04203708697
-0.04322898324
-0.04579190226
-0.0497276125
-0.05480317455
-0.06056157638
-0.06632347053
-0.07116837431
-0.07396106362
-0.07341550568
-0.06830005891
-0.05774050439
-0.04176979142
-0.02218407003
-0.003033268075
0.007540957561
0.008509182971
-0.05173553367
-0.0505057489
-0.04943408547
-0.04833423514
-0.04866408206
-0.05082309035
-0.0548307431
-0.06041403575
-0.06702085383
-0.07386338712
-0.0798672707
-0.08369250061
-0.08379541783
-0.07855517208
-0.06661032114
-0.04732810221
-0.02195937229
0.005650354938
0.02484511216
0.03363164313
-0.06339382456
-0.05994951527
-0.05687760409
-0.05355408231
-0.05224542945
-0.05342954931
-0.05706396746
-0.06281263687
-0.0698990983
-0.07742929997
-0.08413900122
-0.08847447822
-0.08865648356
-0.0826531016
-0.06872241852
-0.04553210439
-0.01369167622
0.02447203734
0.05558745291
0.0773893064
-0.07995701723
-0.07087026901
-0.06394531025
-0.05700851585
-0.05327075808
-0.05302544893
-0.05602360239
-0.0616343841
-0.06894560605
-0.07679492193
-0.08370921786
-0.0878927238
-0.08727578341
-0.07953827081
-0.06243047595
-0.03405368442
0.005502569656
0.05860134091
0.105797997
0.1480372009
-0.1103274168
-0.08570086791
-0.07148947104
-0.05887769166
-0.05181929825
-0.04975426927
-0.05192369865
-0.05727892616
-0.06459203143
-0.07242844512
-0.07907723653
-0.08249681304
-0.080378183
-0.0698116352
-0.04822662381
-0.01277199323
0.03815154453
0.1070526992
0.1778978153
0.2563920449
-0.1683039347
-0.09979690043
-0.07494090606
-0.05475624066
-0.04457239371
-0.04150269855
-0.04358181135
-0.04919115667
-0.05678504995
-0.06472083996
-0.07112231844
-0.0737774052
-0.06998150907
-0.05694604942
-0.03103080662
0.01187118648
0.07550497985
0.1662995329
0.2760547036
0.4376031554
-0.3982983181
-0.1379986865
-0.07491643522
-0.04706503773
-0.03352389823
-0.02997087325
-0.03269085596
-0.03909893798
-0.04734914768
-0.05570797744
-0.06227423819
-0.06483503275
-0.0608525012
-0.04689374838
-0.01874553286
0.02989265798
0.1068756124
0.2333316716
0.4197805921
0.7799273784
)


// ************************************************************************* //
