/*--------------------------------*- C++ -*----------------------------------*\
  =========                 |
  \\      /  F ield         | OpenFOAM: The Open Source CFD Toolbox
   \\    /   O peration     | Website:  https://openfoam.org
    \\  /    A nd           | Version:  13
     \\/     M anipulation  |
\*---------------------------------------------------------------------------*/
FoamFile
{
    format      ascii;
    class       scalarField;
    location    "3.28";
    object      p_all;
}
// * * * * * * * * * * * * * * * * * * * * * * * * * * * * * * * * * * * * * //


400
(
3.575116736e-08
-0.0003238447831
-0.0004632911175
-0.0004045814687
-0.0001687750565
0.0002154912666
0.0007174804795
0.001309021131
0.001963636943
0.002654435018
0.003351929981
0.004022683181
0.004628397687
0.005127754042
0.005479611357
0.005649196772
0.005617021198
0.005391629166
0.005061833862
0.004616748428
0.0003498362035
5.312016493e-06
-0.0001540196932
-0.0001109431395
9.368051734e-05
0.0004358708935
0.0008896693155
0.001429768934
0.002030940503
0.00266648212
0.00330639099
0.003917101964
0.004460919481
0.00489837771
0.005192113942
0.005313337484
0.005250244105
0.005017898049
0.004674180027
0.004201185667
0.0004953090357
0.000122622805
-5.72847152e-05
-1.586239722e-05
0.0001781145857
0.0005009131515
0.0009298711905
0.001443125944
0.002018005333
0.002629090203
0.00324652776
0.003835817005
0.004357464056
0.004770376202
0.005036171846
0.005126227421
0.005029621021
0.004759944601
0.004351528347
0.003787709178
0.0003680538416
-3.829738404e-05
-0.0002401598974
-0.0001944244501
4.830453308e-06
0.0003310695254
0.0007626189739
0.001280592417
0.001865427127
0.002493677994
0.003135461434
0.003754198461
0.004305143158
0.004740250898
0.005012810548
0.005086198209
0.004943349851
0.004594066069
0.004057773731
0.003330643678
-0.0001075300381
-0.0005367787651
-0.0007472848053
-0.0006858402695
-0.0004666250322
-0.0001188897728
0.0003368481328
0.0008854197633
0.001511502044
0.00219481368
0.002905492323
0.003604274107
0.004238066951
0.004746967165
0.005068620627
0.005150238478
0.004961699318
0.004507144299
0.003796338166
0.002852631089
-0.001000469559
-0.001441816443
-0.001652753358
-0.00156668632
-0.001317223354
-0.0009357715988
-0.000440707707
0.0001580875208
0.0008517553786
0.001625669035
0.002450188893
0.003285821364
0.004068146703
0.004721203337
0.005157606814
0.005296224843
0.005082026895
0.004506449033
0.003565874143
0.002325665196
-0.002377652748
-0.002827422863
-0.00303700196
-0.002924283008
-0.002644024584
-0.002229375397
-0.001695211606
-0.001043774265
-0.000274103872
0.0006078854529
0.001571713382
0.00261286335
0.003626729905
0.004524115129
0.005182820209
0.005474493389
0.005296337732
0.004607725107
0.003373381859
0.001722764766
-0.004311312201
-0.004772675727
-0.00498629119
-0.004855589138
-0.004559644369
-0.004133471846
-0.003586996952
-0.002911665444
-0.002091949153
-0.001113972054
3.315419784e-05
0.001286469278
0.002614420321
0.003889313179
0.004941362808
0.005566167345
0.005570303338
0.004836565975
0.003252608066
0.001045215455
-0.006879118765
-0.007359710812
-0.007589709828
-0.007461960392
-0.007185428733
-0.006798782618
-0.006306864981
-0.005687726761
-0.004904555972
-0.003915111174
-0.002679525559
-0.001191574088
0.0005182029439
0.002331448703
0.004032633757
0.005306015593
0.005795802225
0.005218648705
0.003285471446
0.0003605580923
-0.01016156432
-0.01067007461
-0.01093253436
-0.01083722891
-0.01063333736
-0.01036801941
-0.01004366951
-0.009624855971
-0.009048705777
-0.008230667727
-0.007071509241
-0.005481729332
-0.003410394905
-0.0009178472371
0.001763802229
0.004181421908
0.005714972772
0.00575374931
0.003629822004
-0.0001335587995
-0.01424124739
-0.01478122722
-0.01508724894
-0.01504930902
-0.01497606387
-0.01493282115
-0.01492694722
-0.01491476765
-0.01480839363
-0.01447221193
-0.01371898454
-0.01232278362
-0.01007326175
-0.00686675829
-0.002862470227
0.001372002266
0.004848709068
0.006384501299
0.004561957815
4.538148621e-06
-0.01921088889
-0.01976734714
-0.02010444311
-0.02011562713
-0.02020383212
-0.02046773587
-0.020932033
-0.02155597645
-0.02223533401
-0.02278333832
-0.0229054898
-0.02219221718
-0.02016675156
-0.01642516314
-0.0108826002
-0.004095625185
0.002552286196
0.007023632071
0.006559797846
0.001663472414
-0.02520309803
-0.02571067374
-0.02600666608
-0.0259753417
-0.02617473911
-0.0267560305
-0.02777516945
-0.02920774138
-0.03094698147
-0.03276474858
-0.03425639341
-0.03479743865
-0.0335527655
-0.02969815526
-0.02267261629
-0.01276549212
-0.001597854593
0.007776943284
0.01048527287
0.006508976526
-0.03246941476
-0.03273624296
-0.03279373028
-0.03246854927
-0.03257642975
-0.03333786039
-0.03484725581
-0.03710248495
-0.0400026758
-0.04328836005
-0.04645252436
-0.04864972726
-0.04863920196
-0.04519234656
-0.03699579802
-0.02376769136
-0.006978861307
0.00950200602
0.01797130763
0.01742636133
-0.04155457497
-0.04106306563
-0.0404341053
-0.0393012925
-0.03889633666
-0.03950455463
-0.04124426175
-0.04412057609
-0.04802713563
-0.05266700071
-0.05743026964
-0.06127769642
-0.06272210678
-0.05973070574
-0.05056823978
-0.03404737835
-0.01099376318
0.01465303751
0.03211902002
0.03904160963
-0.05375602486
-0.05118435523
-0.04894164829
-0.04609231851
-0.04448890765
-0.04441542021
-0.04595591377
-0.04907136889
-0.05360358551
-0.05917975581
-0.06506478333
-0.07001504922
-0.07222150654
-0.06931566043
-0.05882945958
-0.03874748147
-0.008922354574
0.02792144653
0.05820599862
0.07840363455
-0.07179210003
-0.063676248
-0.05801234106
-0.05207283225
-0.04841991459
-0.04709622473
-0.04801258758
-0.05098738547
-0.05572480585
-0.06170800535
-0.06802294924
-0.07319551856
-0.07512166493
-0.07105991149
-0.0580195144
-0.03321456452
0.004535674607
0.05544053196
0.1031342198
0.1445303524
-0.1042984023
-0.08067633992
-0.06813067945
-0.05688780263
-0.05007775873
-0.04693532353
-0.04691127897
-0.04949634875
-0.0541339952
-0.06006437257
-0.06613408829
-0.0706116929
-0.07111645868
-0.06448275479
-0.04727616523
-0.01579769573
0.03244314186
0.1000324291
0.1712339698
0.2492638912
-0.1641150603
-0.09632462533
-0.07357634952
-0.05484611091
-0.04499724017
-0.04084548637
-0.0407022574
-0.0435128022
-0.04840294508
-0.0543845749
-0.06011633233
-0.06368664939
-0.06246840799
-0.05292546322
-0.03119122934
0.007769574967
0.06851027917
0.1577830181
0.2673078645
0.4292043022
-0.3940450359
-0.1348415286
-0.07387824029
-0.04774712249
-0.03470196578
-0.03021791448
-0.03086751657
-0.03460526703
-0.04021999061
-0.04659417458
-0.05232109491
-0.05546330763
-0.05345297103
-0.04278371673
-0.01845433925
0.02651574503
0.1006629637
0.2255157882
0.4115600969
0.7719132488
)


// ************************************************************************* //
