/*--------------------------------*- C++ -*----------------------------------*\
  =========                 |
  \\      /  F ield         | OpenFOAM: The Open Source CFD Toolbox
   \\    /   O peration     | Website:  https://openfoam.org
    \\  /    A nd           | Version:  13
     \\/     M anipulation  |
\*---------------------------------------------------------------------------*/
FoamFile
{
    format      ascii;
    class       vectorField;
    location    "26.76";
    object      U_all;
}
// * * * * * * * * * * * * * * * * * * * * * * * * * * * * * * * * * * * * * //


400
(
(1.092290821e-05 -3.788325324e-05 0)
(-0.0006661750106 0.0004130270582 -1.546045081e-23)
(-0.00218536253 0.0009203748937 0)
(-0.004047765034 0.00131275234 0)
(-0.005971747179 0.001535030812 6.837447986e-25)
(-0.007762617481 0.001569810366 4.152558192e-24)
(-0.009284347375 0.001423529609 -7.348736489e-24)
(-0.0104357253 0.001119699099 7.556115437e-24)
(-0.01113659333 0.000696071886 -2.097416248e-25)
(-0.01132689815 0.0002030797753 -3.997690547e-24)
(-0.01097158014 -0.0003002220243 5.806916108e-24)
(-0.01007216928 -0.0007475001659 -5.932251542e-23)
(-0.008679765528 -0.001075545811 -6.555434686e-23)
(-0.006902787679 -0.00123302983 -7.78714703e-23)
(-0.004910719916 -0.001192628846 4.575366437e-24)
(-0.002927251103 -0.0009619180154 -4.139787414e-24)
(-0.001205340724 -0.0005912177693 -1.999993748e-22)
(-1.91128491e-05 -0.0001698958969 0)
(0.0005181222169 0.0001720693856 1.514926166e-25)
(0.0002227431375 0.0003059679256 -2.62200747e-24)
(-0.0002633966922 0.0008288797831 1.387105977e-25)
(-0.002703287181 0.003383732228 1.555750943e-23)
(-0.00690713747 0.00560434616 1.547159537e-25)
(-0.01195204455 0.007008025603 -8.479022647e-25)
(-0.0171346319 0.007553587155 1.159706482e-24)
(-0.02197481891 0.007294023013 1.304264645e-23)
(-0.02611012955 0.006321748397 1.414530253e-24)
(-0.02926495736 0.004754095048 -7.307173219e-24)
(-0.03122602372 0.002737112747 1.016520334e-23)
(-0.03184132768 0.0004524275486 4.513511054e-24)
(-0.03102699287 -0.001884067186 -6.322471209e-24)
(-0.02879263571 -0.00402291183 2.961398149e-24)
(-0.02527096548 -0.005708216492 3.896959405e-23)
(-0.02073165434 -0.006707272457 -1.955682462e-24)
(-0.01558945377 -0.006854024319 3.756345987e-24)
(-0.01038506636 -0.0060973866 -9.747397475e-23)
(-0.005730278569 -0.004546156874 9.644175687e-23)
(-0.002233406824 -0.002507435124 -3.97184062e-25)
(-0.0001818117967 -0.0005024174998 4.072011165e-25)
(8.342933042e-05 0.0006098897266 0)
(-0.0004188216575 0.002934985254 -2.914456816e-25)
(-0.004647774639 0.008803764365 1.70742451e-23)
(-0.01137167345 0.01324005492 -8.232272722e-24)
(-0.01932678764 0.01579161415 -2.067311634e-25)
(-0.02747339889 0.01652957175 2.030917838e-25)
(-0.03511687937 0.0156440331 7.63930491e-27)
(-0.04171238874 0.01335967367 -1.246196279e-24)
(-0.04683456 0.009919577134 -4.567904266e-25)
(-0.05014869588 0.005602365428 -1.064402569e-23)
(-0.05141114957 0.0007444847188 0)
(-0.0504768456 -0.004241596649 0)
(-0.04733611037 -0.008886907815 2.672439342e-23)
(-0.04215849569 -0.01268143253 2.814399297e-23)
(-0.03531377836 -0.01513570287 -1.647092648e-24)
(-0.02738955486 -0.01586158132 4.849021328e-23)
(-0.01916982101 -0.01467310205 9.425508115e-23)
(-0.0115608029 -0.01169346458 3.982196452e-23)
(-0.005465390357 -0.007450707515 4.163220201e-25)
(-0.001451111793 -0.002936084802 1.062718618e-25)
(-9.072836544e-05 0.0002258246337 0)
(-0.0005024529961 0.006045178209 -4.25390179e-23)
(-0.006402571309 0.01637029456 -1.697640345e-23)
(-0.01553460036 0.02355867755 8.159155827e-24)
(-0.02627840274 0.02744087704 0)
(-0.03728646172 0.02832027916 0)
(-0.04768911522 0.02658707072 0)
(-0.05679517061 0.02263069879 -4.550362859e-26)
(-0.06405224639 0.0168357804 -2.122332938e-24)
(-0.06900916001 0.009622086046 0)
(-0.07130664168 0.00149117105 1.638946418e-24)
(-0.0707069895 -0.006936184627 2.804964982e-25)
(-0.06712900264 -0.0149297074 -2.812818819e-25)
(-0.06069787048 -0.02166669421 0)
(-0.05180655817 -0.02631543314 4.136304394e-23)
(-0.04114921877 -0.02816012223 -4.684641524e-23)
(-0.02971924117 -0.02677324298 -2.765278426e-23)
(-0.01873690775 -0.02221498309 -3.967446327e-23)
(-0.009487917091 -0.01521907378 7.795663065e-25)
(-0.002976856927 -0.007298190825 9.783075167e-23)
(-0.0002318775584 -0.0008662184488 0)
(-0.0005315984397 0.01009473077 4.274593693e-23)
(-0.007983372714 0.02595146639 4.777041444e-25)
(-0.01939634353 0.03642781993 -4.667935377e-25)
(-0.03282293761 0.04185407973 0)
(-0.04664565448 0.04289374557 7.774526274e-25)
(-0.05985075245 0.04019976924 -7.666729641e-25)
(-0.07163112356 0.03434666944 3.669586088e-23)
(-0.08132555232 0.02585617742 1.845376377e-23)
(-0.08836396332 0.01527283485 6.231135473e-24)
(-0.09225264661 0.003246315724 -1.640855813e-24)
(-0.09260183073 -0.009407369235 0)
(-0.08917374554 -0.02167407376 4.375283963e-25)
(-0.08195820615 -0.03236657489 1.010612219e-23)
(-0.07126754032 -0.0402115493 -4.352531318e-23)
(-0.05781917392 -0.04401953861 1.93487938e-24)
(-0.042785117 -0.04294749801 4.223841149e-23)
(-0.0277540658 -0.03683288466 -3.852301297e-25)
(-0.01455040678 -0.02652687647 0)
(-0.004859395986 -0.01408444155 5.436397793e-23)
(-0.0003641416462 -0.002846978296 -2.564302997e-22)
(-0.0005272058242 0.01499885586 9.836051489e-23)
(-0.009377675935 0.03738918407 -4.903608254e-25)
(-0.0228812324 0.05170082607 0)
(-0.03882944621 0.05894028522 0)
(-0.05538519153 0.06025424278 -8.72929677e-23)
(-0.07142704381 0.05661769632 -8.496285038e-23)
(-0.08606453643 0.0488006733 -4.064573956e-23)
(-0.09854865205 0.03743916638 -1.502986783e-23)
(-0.1081922069 0.02315961725 -5.362065472e-24)
(-0.1143421214 0.006709879171 -8.170972171e-24)
(-0.1164023295 -0.01093232628 6.596777739e-24)
(-0.1138915917 -0.02848851964 8.818636686e-24)
(-0.1065467685 -0.04436928468 -1.892207208e-23)
(-0.09446639424 -0.05675202609 4.57386679e-24)
(-0.07826725295 -0.06378167264 0)
(-0.0592279905 -0.06393377417 -1.576319965e-23)
(-0.03933919719 -0.05653723762 -2.320112787e-26)
(-0.0211415612 -0.04235749782 0)
(-0.007318591027 -0.02398203523 -1.519894631e-22)
(-0.0005216054783 -0.005925523428 6.054692069e-22)
(-0.0004990706102 0.02064518189 -9.769054999e-23)
(-0.01052925959 0.05045302186 2.831395326e-22)
(-0.02582897148 0.06912330329 1.526568389e-22)
(-0.04402037785 0.07849060061 3.618380537e-24)
(-0.06310598905 0.08029285235 -7.319083499e-23)
(-0.08190228831 0.07587876196 9.040555423e-23)
(-0.09947557521 0.06621561479 -3.589274687e-24)
(-0.1150204523 0.05201612136 -1.728665668e-24)
(-0.1277494917 0.03392326654 2.523399978e-24)
(-0.1368447787 0.01270253427 7.378860783e-24)
(-0.141468601 -0.01058712684 -6.496766822e-24)
(-0.1408224802 -0.03445911651 -9.7792612e-24)
(-0.1342724512 -0.05692625508 -3.261734024e-23)
(-0.1215431445 -0.0755314924 -3.656055187e-23)
(-0.1029657157 -0.08754088132 5.634925177e-25)
(-0.07976252251 -0.09039048711 0)
(-0.05426603503 -0.08244380774 0)
(-0.02987117595 -0.06397644563 -2.904868904e-24)
(-0.01066269435 -0.03798747674 2.969291614e-24)
(-0.000735078941 -0.01050080283 1.027847132e-22)
(-0.0004479120816 0.02687181326 0)
(-0.01134901214 0.06480591559 2.001926903e-22)
(-0.02801545169 0.088293974 8.96191427e-23)
(-0.04799765231 0.1001211076 0)
(-0.06920472399 0.1027053556 1.569584613e-22)
(-0.09044209402 0.09781378176 0)
(-0.1107812423 0.08660946975 -1.428201396e-22)
(-0.1294072295 0.06983848416 6.514495024e-24)
(-0.1454748683 0.04808189581 0)
(-0.1580328122 0.02201773403 0)
(-0.1660109776 -0.007333683504 -1.374112184e-24)
(-0.1682648615 -0.03838712385 -9.3137674e-25)
(-0.1637043199 -0.06883806479 1.491585965e-22)
(-0.1515189425 -0.09558077405 -4.70455412e-23)
(-0.1315118079 -0.1148277567 -2.559773005e-24)
(-0.1045583083 -0.1225682995 1.533550179e-24)
(-0.07309258883 -0.1155500303 -1.557740831e-24)
(-0.04134969263 -0.09282985186 0)
(-0.01525210318 -0.05740694506 3.20316701e-24)
(-0.001044290665 -0.01714695884 -1.012746096e-21)
(-0.0003744705336 0.03346223537 0)
(-0.01174989898 0.07998727812 -1.128002944e-22)
(-0.02920665801 0.1086365735 -6.190496547e-22)
(-0.05031671783 0.1232206673 -3.754962118e-22)
(-0.07296212653 0.1269070746 0)
(-0.09598826437 0.121923272 4.119073351e-22)
(-0.1185257669 0.1096330734 1.260759886e-22)
(-0.1398128731 0.09078127297 -5.581210414e-24)
(-0.1590202581 0.06581340412 5.553586422e-24)
(-0.1751441336 0.03520895083 0)
(-0.1869540148 -0.0001959685147 2.911844018e-23)
(-0.1930153148 -0.03889618647 4.695162311e-24)
(-0.1917791249 -0.07843704291 -1.076597319e-22)
(-0.1817857127 -0.1151843333 8.002185835e-23)
(-0.1620555086 -0.1442575384 -2.419307151e-22)
(-0.1327049294 -0.1598524499 0)
(-0.09577794107 -0.1563091073 0)
(-0.05601575833 -0.1302964071 0)
(-0.02147835798 -0.0838103246 0)
(-0.001500362574 -0.02665486197 5.571269123e-22)
(-0.0002874023826 0.04015989588 0)
(-0.01169351643 0.09543403637 -3.492687513e-22)
(-0.02924414254 0.1294046154 8.932092571e-22)
(-0.05060902335 0.1469269393 3.616845572e-22)
(-0.07370015716 0.1519720041 0)
(-0.09745063916 0.1472733024 -3.862194978e-22)
(-0.1211059447 0.1344172464 -3.174172385e-23)
(-0.1440313175 0.1141380357 3.332870641e-22)
(-0.1655130852 0.08669947164 1.769351683e-22)
(-0.1846235748 0.0522913435 -4.059877484e-23)
(-0.2001312926 0.01141793714 1.656790176e-23)
(-0.2104609634 -0.03471286575 -8.264487809e-24)
(-0.2137195924 -0.08376374815 3.371596335e-22)
(-0.2078203258 -0.1318733431 0)
(-0.1908226968 -0.1732730542 2.420475965e-22)
(-0.1616325393 -0.2002566906 5.773422468e-24)
(-0.1211654348 -0.20400967 -5.859521275e-24)
(-0.07384934304 -0.1772099363 1.548003441e-22)
(-0.02971761954 -0.118862905 -5.434114259e-24)
(-0.00217952005 -0.04005355594 0)
(-0.0002117403182 0.04671550029 0)
(-0.01125002924 0.11054767 0)
(-0.0281562262 0.149732652 -5.022402018e-22)
(-0.04874469678 0.1701486655 -1.880878699e-23)
(-0.07100067575 0.1766227404 2.038248192e-23)
(-0.09399423662 0.1724500697 -2.01418223e-23)
(-0.1171430877 0.1594850939 -2.316737804e-23)
(-0.1400175756 0.138479186 -3.029609644e-22)
(-0.1621325105 0.1095154716 6.69851838e-23)
(-0.1827955393 0.07245197865 4.512866634e-23)
(-0.2009832064 0.02735005378 -4.577402011e-23)
(-0.2152266771 -0.02508563271 0)
(-0.2235558432 -0.0829816816 -7.838496288e-23)
(-0.2234627818 -0.1427235055 0)
(-0.2120674308 -0.1981795664 -3.739292388e-22)
(-0.1867428873 -0.2400746866 5.244453458e-22)
(-0.1464432741 -0.2560746976 0)
(-0.09394523708 -0.2331186471 -1.493563066e-22)
(-0.04021977773 -0.1639597762 1.93710562e-22)
(-0.003201073586 -0.05861006585 -3.411086924e-22)
(-0.0002015684483 0.05297499228 0)
(-0.01067274212 0.1248151539 9.182437298e-22)
(-0.02628469021 0.1687396542 -2.440559286e-23)
(-0.04501137137 0.1916424498 9.192906555e-22)
(-0.06494631587 0.1992891605 -2.511956145e-23)
(-0.08536666772 0.1956078909 2.838697957e-23)
(-0.1059309963 0.1827867367 -2.812785352e-23)
(-0.1264929129 0.1616570986 -1.66083641e-23)
(-0.1469002519 0.1321756991 -5.259977291e-22)
(-0.1668464528 0.09389662305 -8.906205081e-24)
(-0.1857309863 0.04640653055 9.659757553e-24)
(-0.2024788605 -0.01023656846 3.312950483e-22)
(-0.215416097 -0.07499650648 -5.820474985e-22)
(-0.2220214741 -0.1450291542 0)
(-0.2188035175 -0.2146737664 8.886811775e-22)
(-0.2016258338 -0.2739991542 -4.940416301e-22)
(-0.1668638038 -0.307578644 -1.572071574e-23)
(-0.1140217961 -0.2953788321 0)
(-0.05288464996 -0.2195785024 -1.889746778e-22)
(-0.00474916279 -0.08377209546 3.360152354e-22)
(-0.0003642314476 0.05902241811 1.550942891e-23)
(-0.01049596311 0.1379862462 -8.763785014e-22)
(-0.02441435542 0.1856778007 -1.15701392e-21)
(-0.04026792337 0.2101355944 -8.628581956e-22)
(-0.05630816517 0.2182321176 0)
(-0.07214960132 0.2146166509 3.513655004e-23)
(-0.08779340335 0.2018774088 -7.294558556e-23)
(-0.1034576074 0.1809994622 5.867643165e-23)
(-0.1193998437 0.1518993251 3.021235998e-22)
(-0.1357947153 0.113915304 -1.128152645e-23)
(-0.1526098584 0.06621504223 0)
(-0.1694537661 0.008178419107 -3.603789292e-22)
(-0.1852776115 -0.06015834785 7.515414808e-22)
(-0.198046237 -0.1372729465 8.831432851e-22)
(-0.204355747 -0.2189242522 -5.296370141e-22)
(-0.19909854 -0.2959691902 5.162457056e-22)
(-0.1760609462 -0.3514050344 1.078092869e-23)
(-0.1300891673 -0.3584128953 -1.09540566e-23)
(-0.06688797616 -0.284325884 -8.219463526e-23)
(-0.007083300899 -0.1169956806 0)
(-0.0009096135203 0.06539980643 -1.91141764e-23)
(-0.01167622497 0.1502800303 -1.326922352e-21)
(-0.02388948595 0.2000636807 1.094194994e-21)
(-0.03601442409 0.2244191419 6.734704416e-22)
(-0.04657442525 0.2316563501 6.014428463e-22)
(-0.05577199563 0.2272372611 6.643730016e-22)
(-0.06411429391 0.2141759346 -4.458519934e-23)
(-0.07227763703 0.1936485385 -3.461226598e-22)
(-0.08097189188 0.1656025863 2.152096924e-22)
(-0.09087417849 0.1292710801 0)
(-0.1025570415 0.08353164448 0)
(-0.1163644899 0.0272012648 2.655333176e-22)
(-0.1321611356 -0.04061869876 8.194440038e-23)
(-0.148927231 -0.1200113635 -2.821497901e-22)
(-0.164130148 -0.2089285345 -5.411122117e-23)
(-0.1727891035 -0.3006976341 1.301965113e-22)
(-0.1670320267 -0.3793311764 -3.400292144e-22)
(-0.1365296868 -0.4136434031 -1.595783904e-23)
(-0.08018259582 -0.3538310271 8.208230537e-23)
(-0.01050761728 -0.1594122862 -6.032519315e-22)
(-0.002260534244 0.07348841558 0)
(-0.01580391995 0.1626509483 2.145809045e-21)
(-0.02665123717 0.2117886465 0)
(-0.03422466877 0.2333926148 -1.351766378e-21)
(-0.03759567675 0.2377746073 6.184165201e-23)
(-0.03799889585 0.2312535797 -6.192881911e-22)
(-0.03668496864 0.2171886097 -4.756140529e-22)
(-0.03489286283 0.1968927507 8.301001942e-22)
(-0.03379099514 0.1703341169 -1.8856403e-22)
(-0.0345014192 0.1367225043 0)
(-0.03811835815 0.09479753829 0)
(-0.0456524731 0.04304393417 2.410672092e-23)
(-0.05791045966 -0.02013661386 -6.007063323e-22)
(-0.0751482123 -0.09620529195 -4.309466391e-22)
(-0.09645371641 -0.1855544446 4.637771331e-22)
(-0.118347881 -0.2853556267 -6.488517309e-22)
(-0.1332727353 -0.3838374498 9.11949334e-23)
(-0.1265358046 -0.450434599 2.939378558e-23)
(-0.0889917845 -0.4198523846 5.660596884e-22)
(-0.015269193 -0.2111712785 6.021151379e-22)
(-0.0051809303 0.08598024842 0)
(-0.02525587922 0.1766283233 1.465588262e-22)
(-0.03483494014 0.2205948494 -4.917018109e-23)
(-0.03640151891 0.235484343 7.642714264e-22)
(-0.03018669105 0.2343390643 -7.005171541e-22)
(-0.0191680557 0.2241589905 4.746345908e-23)
(-0.005617679045 0.2083515656 -1.018591069e-22)
(0.008566904833 0.188123559 -3.38979045e-22)
(0.02179607209 0.1633910579 2.062771902e-22)
(0.03262505824 0.133324637 0)
(0.0395819331 0.09664156217 0)
(0.04116764134 0.05174147609 -2.902609282e-22)
(0.03578252746 -0.003254409289 0)
(0.02197974487 -0.07058263738 -5.512100988e-22)
(-0.001266703306 -0.1525726714 -1.492225495e-23)
(-0.0331062624 -0.2505942033 2.559646838e-23)
(-0.06909360736 -0.3599333975 2.202976727e-22)
(-0.09227908798 -0.4575417171 4.789023012e-24)
(-0.08718123191 -0.4698121177 -5.789576472e-22)
(-0.02103130619 -0.2698966922 0)
(-0.01111633179 0.1085974781 0)
(-0.04248932285 0.1947147916 -8.848283404e-22)
(-0.04795604264 0.2258187715 -5.410937969e-22)
(-0.03919661604 0.228212501 4.543720592e-22)
(-0.01878004194 0.2182316843 -1.710018943e-24)
(0.007662167074 0.2028210154 -4.560935475e-23)
(0.03667750137 0.1847612137 5.696528027e-22)
(0.06582738669 0.1647113779 -2.766821551e-23)
(0.09326865949 0.1423127386 -2.069730222e-22)
(0.1173865769 0.1166277499 3.142144673e-23)
(0.1365437319 0.08641196241 -3.425850241e-23)
(0.1489646904 0.05017738749 -3.690532862e-23)
(0.1525255852 0.006159935572 3.205582865e-22)
(0.144934967 -0.04796053256 6.119510707e-22)
(0.1235144811 -0.1153046593 -5.101085809e-22)
(0.0863340993 -0.2004190685 -1.615999999e-22)
(0.03198981306 -0.3067802748 1.531359266e-22)
(-0.02362200358 -0.4239833277 7.293731907e-23)
(-0.06492444461 -0.4871608392 1.913301849e-21)
(-0.02509976024 -0.3291541306 2.955003053e-21)
(-0.02004679334 0.1460728416 -4.390148952e-23)
(-0.06416420203 0.211295521 4.417321339e-23)
(-0.05070275461 0.2177297067 1.000171578e-21)
(-0.01934181464 0.2014674254 -8.269590577e-24)
(0.02414338993 0.1809069362 0)
(0.07153957563 0.1606926757 4.363612559e-23)
(0.1190684024 0.1416490231 -2.273793072e-22)
(0.1644746101 0.1233178527 -9.027717942e-23)
(0.2062229238 0.104811633 3.680640314e-23)
(0.2429621564 0.0850715292 -1.701619137e-23)
(0.2732187525 0.06296179081 3.429903469e-23)
(0.295251823 0.03726337643 -6.592561909e-23)
(0.3066955498 0.006535559412 -9.303772093e-23)
(0.3049725189 -0.03087722688 1.517017376e-22)
(0.286392557 -0.07786251632 0)
(0.2470559574 -0.1399297648 1.505546559e-22)
(0.1810915344 -0.2266298511 2.560017625e-22)
(0.09604398743 -0.3443893422 0)
(-0.006697879292 -0.4552208591 -3.675651224e-21)
(-0.01922412513 -0.3777536083 -2.892632122e-21)
(-0.02591948142 0.2276829859 -9.514165763e-22)
(-0.03998319509 0.2238217257 -1.388960881e-22)
(0.03656131473 0.1810584704 -2.335539848e-22)
(0.1090500247 0.1451057052 -1.193719626e-22)
(0.1817185421 0.1172442559 -4.29573868e-23)
(0.2490081797 0.09627876545 9.782898567e-23)
(0.3100325005 0.08002483872 -1.408550959e-22)
(0.3646195637 0.06656797569 1.297140471e-22)
(0.4126237759 0.05449172334 -8.619901376e-23)
(0.4536235557 0.04270899682 1.132190189e-25)
(0.4867864893 0.03032312689 1.527711413e-23)
(0.5107439154 0.01652922544 7.997057626e-23)
(0.5236587385 0.0005367343982 -1.811092754e-22)
(0.5231790339 -0.0186335183 -1.617119473e-22)
(0.505231778 -0.04286461653 -4.262796965e-23)
(0.4658711111 -0.07633220311 0)
(0.395269362 -0.1286089043 -1.846507434e-22)
(0.2916068879 -0.2208467999 8.148793148e-22)
(0.1197453791 -0.3525016811 1.631606527e-21)
(0.02670543934 -0.3775497781 2.172658329e-21)
(0.2142894799 0.1347447522 9.864946409e-22)
(0.2776312217 0.09870507622 0)
(0.4316593447 0.05810416735 -2.594284296e-22)
(0.530474984 0.03846264299 -1.741632952e-22)
(0.6016964907 0.02623416538 0)
(0.6571196457 0.01831920212 -6.008912623e-23)
(0.701520953 0.01313598052 6.377802166e-23)
(0.7376037247 0.009542111118 -1.800100371e-23)
(0.7669362547 0.00680446575 2.885888505e-23)
(0.7902100827 0.004464763398 2.314972794e-23)
(0.8074549735 0.002221353126 0)
(0.8182617076 -0.0001500332085 -2.872975473e-23)
(0.8216496672 -0.002723804446 0)
(0.8162392433 -0.005712635625 2.73806643e-23)
(0.7991332399 -0.009611363415 1.421622838e-23)
(0.7679986269 -0.0150025459 -5.799467941e-23)
(0.7106555937 -0.02502520827 -2.535678416e-22)
(0.6235184095 -0.04204286432 -6.918124996e-22)
(0.4230091005 -0.09182969139 0)
(0.2705674657 -0.1524021889 -2.119486134e-21)
)


// ************************************************************************* //
