/*--------------------------------*- C++ -*----------------------------------*\
  =========                 |
  \\      /  F ield         | OpenFOAM: The Open Source CFD Toolbox
   \\    /   O peration     | Website:  https://openfoam.org
    \\  /    A nd           | Version:  13
     \\/     M anipulation  |
\*---------------------------------------------------------------------------*/
FoamFile
{
    format      ascii;
    class       scalarField;
    location    "48.73";
    object      p_all;
}
// * * * * * * * * * * * * * * * * * * * * * * * * * * * * * * * * * * * * * //


400
(
8.212596524e-09
-0.0005474992354
-0.0008895508314
-0.001017037041
-0.0009381800682
-0.0006853386984
-0.000296068309
0.0001936584086
0.000747316063
0.001324399193
0.001879246039
0.002358995403
0.00270826542
0.002873981449
0.002814624806
0.002512200208
0.00198716517
0.001296648
0.0006377311944
4.184068554e-05
0.0005881620482
6.858716869e-06
-0.0003568925998
-0.0004992218141
-0.0004685526727
-0.0002914753339
2.610979921e-06
0.0003844228926
0.000822573978
0.001279814423
0.001716292444
0.002080837826
0.002323063988
0.002395602394
0.002264593904
0.001921280076
0.001392415043
0.0007430518749
0.0001454216793
-0.0005172392604
0.0009524211176
0.0003080172338
-9.325431147e-05
-0.0002396072694
-0.000233489971
-0.0001049744438
0.0001218811007
0.0004257678827
0.0007829516266
0.001161441232
0.001529451035
0.001832852046
0.002021708648
0.002047286403
0.001874444355
0.001493372023
0.0009280626218
0.0002350871673
-0.0004633595148
-0.001300306245
0.0009761190615
0.0002579647092
-0.00019228244
-0.0003445950936
-0.0003538790327
-0.0002569086425
-7.431472473e-05
0.000181300263
0.0004963796896
0.0008506827688
0.001203020354
0.001510480829
0.001712269818
0.001747854752
0.001568362306
0.001150404037
0.0005058081716
-0.0003186747168
-0.001233986798
-0.002384766579
0.0004804505996
-0.0002850371081
-0.0007639282573
-0.0009156242711
-0.0009366581519
-0.0008682503503
-0.0007253587744
-0.0005084275642
-0.0002171749985
0.0001391438783
0.0005300905929
0.0009073893449
0.001199817391
0.001326492851
0.00121100328
0.0008001512613
7.989011493e-05
-0.0009177093288
-0.002127681108
-0.003656170199
-0.0006863815962
-0.001467185264
-0.001956234162
-0.002107278955
-0.002150050768
-0.00212670386
-0.002042334584
-0.001879724608
-0.001617614677
-0.001245576151
-0.0007791496965
-0.0002628809625
0.0002206025027
0.0005614690674
0.0006378087561
0.0003414901378
-0.0003930810296
-0.001564122801
-0.003134902757
-0.005142137187
-0.002661839211
-0.003423562637
-0.003915440597
-0.004080822565
-0.004178186245
-0.004247234727
-0.004278254956
-0.004229208007
-0.004047612717
-0.003689662205
-0.003140803121
-0.002426794116
-0.001633540632
-0.0009034679293
-0.0004248618372
-0.0003987357077
-0.0009882936966
-0.002260640523
-0.004232801135
-0.006828381245
-0.005555049747
-0.006269968087
-0.006768260895
-0.006982216228
-0.007195609781
-0.007443507232
-0.007697213348
-0.007882283183
-0.007902255893
-0.007660702317
-0.007087435089
-0.006159573624
-0.004943818165
-0.003604933524
-0.00241400041
-0.001714585525
-0.001843278655
-0.003015098145
-0.00536853595
-0.008662333056
-0.009435288362
-0.01008161335
-0.01059847771
-0.01091072021
-0.01132612747
-0.01187601526
-0.01251139591
-0.01311977687
-0.01354794375
-0.01362351945
-0.01318264335
-0.01212128584
-0.01042818735
-0.008256715265
-0.005956484032
-0.004062059225
-0.003190325235
-0.003843228607
-0.006426626857
-0.01049181686
-0.01431705899
-0.01487604958
-0.01542303452
-0.01588227517
-0.01659011207
-0.0175802456
-0.01878711145
-0.02005925246
-0.02117775091
-0.02187381324
-0.02185759514
-0.02087247751
-0.01877213372
-0.01562030389
-0.01179527294
-0.008037531117
-0.005360086708
-0.004760344708
-0.00718136612
-0.01197944805
-0.02015456035
-0.02060479578
-0.02117498931
-0.02179699135
-0.02285234207
-0.02439059638
-0.02633946794
-0.02851386288
-0.03062781661
-0.03230376142
-0.03309552312
-0.03254097212
-0.03028274808
-0.02617894482
-0.02052513695
-0.01420416218
-0.008691767202
-0.00572683468
-0.007219479959
-0.01246662706
-0.02685658421
-0.02716234999
-0.0277027964
-0.02842321447
-0.02978940936
-0.03188934166
-0.03465912651
-0.03788989509
-0.04123418975
-0.04420532381
-0.04618840254
-0.04647905184
-0.04446335171
-0.03966029855
-0.03212128299
-0.02269900403
-0.01326680759
-0.006486164684
-0.005808854821
-0.01076545021
-0.03433494433
-0.03441835729
-0.03478970723
-0.03540479551
-0.03689210211
-0.03941024624
-0.04292028617
-0.04719792435
-0.05184032507
-0.05625864602
-0.05968000618
-0.06119117095
-0.05977979518
-0.05465604184
-0.04544131897
-0.03269995951
-0.01845333735
-0.006246142349
-0.001674184284
-0.004873818065
-0.04261008381
-0.04227965852
-0.04219588846
-0.04229621558
-0.04351395898
-0.046116646
-0.05009985688
-0.05522062987
-0.06101531867
-0.06679643591
-0.07164038372
-0.07441328458
-0.07383284509
-0.0686751656
-0.05807222962
-0.04206210289
-0.02244031147
-0.003257477379
0.007346818345
0.00834121538
-0.05201058427
-0.05076124341
-0.04967807495
-0.0485791808
-0.04892704665
-0.05112047014
-0.05517316325
-0.06079651414
-0.06743582771
-0.07429019997
-0.08028308015
-0.08407653354
-0.08413096583
-0.07883785268
-0.06684311651
-0.04752372583
-0.02212775391
0.005501510763
0.02471511475
0.0335271561
-0.06365617914
-0.06018948413
-0.05709763655
-0.05376469264
-0.05246583992
-0.05368051069
-0.05736535984
-0.06313856357
-0.07026304097
-0.07780150626
-0.08449319481
-0.08878640503
-0.08889872131
-0.08283999454
-0.06885107853
-0.04562110095
-0.01375177843
0.02441665521
0.05553940993
0.07735565134
-0.08018673551
-0.07107530015
-0.06412156414
-0.05716587454
-0.05343204049
-0.05321613194
-0.05625989854
-0.06191493364
-0.06926008649
-0.07711807702
-0.0840133376
-0.08815278908
-0.08748121508
-0.07965693015
-0.06247977461
-0.03405068658
0.005564704458
0.05859388375
0.1058229248
0.1480676332
-0.1105081297
-0.08585543841
-0.07160740974
-0.05897245194
-0.05191486294
-0.04988462039
-0.05210444361
-0.05751061242
-0.06486144782
-0.07271033389
-0.07934175063
-0.08271504188
-0.08052076059
-0.06988765736
-0.04823271883
-0.01272275129
0.03823602772
0.1071319967
0.1779785603
0.2564763993
-0.1684383206
-0.09990960703
-0.07500968941
-0.05479931924
-0.04462047085
-0.04158701562
-0.04371966213
-0.04938360832
-0.05701927836
-0.0649728555
-0.07136372468
-0.07398199431
-0.0701307861
-0.05701425849
-0.0310288554
0.0119291885
0.07559937979
0.1664041482
0.2761619272
0.4377041903
-0.3984296108
-0.1381007639
-0.07497185814
-0.04708986583
-0.03355093992
-0.03003175576
-0.03280397671
-0.0392668064
-0.04756061123
-0.05594117353
-0.06250219201
-0.06503125864
-0.0609964914
-0.04697028074
-0.01875706793
0.02993531612
0.1069555729
0.2334271622
0.4198801173
0.7800232989
)


// ************************************************************************* //
