/*--------------------------------*- C++ -*----------------------------------*\
  =========                 |
  \\      /  F ield         | OpenFOAM: The Open Source CFD Toolbox
   \\    /   O peration     | Website:  https://openfoam.org
    \\  /    A nd           | Version:  13
     \\/     M anipulation  |
\*---------------------------------------------------------------------------*/
FoamFile
{
    format      ascii;
    class       vectorField;
    location    "23.49";
    object      U_all;
}
// * * * * * * * * * * * * * * * * * * * * * * * * * * * * * * * * * * * * * //


400
(
(1.086054885e-05 -3.790574194e-05 0)
(-0.0006662116427 0.0004130047152 -1.542461044e-23)
(-0.00218525704 0.0009203180393 0)
(-0.004047519879 0.00131266356 0)
(-0.005971362333 0.001534926056 6.830809019e-25)
(-0.007762109056 0.001569705544 4.153042712e-24)
(-0.009283741645 0.001423437458 -7.326852584e-24)
(-0.0104350575 0.001119628386 7.578680044e-24)
(-0.01113590684 0.0006960286659 -2.099224953e-25)
(-0.0113262401 0.0002030675915 -4.000475761e-24)
(-0.01097099591 -0.0003002027739 5.80991733e-24)
(-0.01007169634 -0.0007474558045 -5.934669943e-23)
(-0.008679428005 -0.001075488419 -6.558038026e-23)
(-0.006902593962 -0.001232975358 -7.79001676e-23)
(-0.00491066114 -0.001192592581 4.577257741e-24)
(-0.002927300805 -0.0009619099268 -4.141834767e-24)
(-0.001205458503 -0.0005912391796 -2.001409945e-22)
(-1.924185723e-05 -0.0001699380889 0)
(0.0005180295384 0.0001720186296 1.521315861e-25)
(0.0002227194189 0.0003059348525 -2.705489955e-24)
(-0.00026340525 0.0008287946942 1.389704604e-25)
(-0.002703125234 0.003383485295 1.552108097e-23)
(-0.006906639942 0.005603924483 1.541543239e-25)
(-0.01195114698 0.007007493679 -8.46640922e-25)
(-0.01713333369 0.00755302148 1.157833491e-24)
(-0.02197316893 0.007293497288 1.302155595e-23)
(-0.02610820913 0.006321323633 1.435455305e-24)
(-0.02926286773 0.004753814127 -7.32919597e-24)
(-0.03122387863 0.002736998905 1.017638123e-23)
(-0.03183924547 0.0004524838353 4.516732423e-24)
(-0.03102508955 -0.001883848499 -6.325738866e-24)
(-0.02879101276 -0.004022567841 2.960258806e-24)
(-0.02526969386 -0.005707801209 3.898247909e-23)
(-0.02073076582 -0.006706852279 -1.956625597e-24)
(-0.01558893479 -0.006853667484 3.758329629e-24)
(-0.0103848591 -0.00609714903 -9.754673753e-23)
(-0.005730289399 -0.004546068167 9.651666433e-23)
(-0.002233517877 -0.002507485171 -3.984651493e-25)
(-0.0001819142211 -0.0005025545206 4.085145019e-25)
(8.341472627e-05 0.0006097810457 0)
(-0.0004187896976 0.002934765159 -2.916790462e-25)
(-0.004647404858 0.008803073801 1.710609559e-23)
(-0.01137074512 0.01323899924 -8.199476342e-24)
(-0.01932520736 0.01579036172 -2.06120387e-25)
(-0.02747117177 0.0165282905 2.024917862e-25)
(-0.03511408187 0.0156428743 8.296570924e-27)
(-0.04170914979 0.01335876254 -1.266482114e-24)
(-0.04683104218 0.00991900445 -4.581232599e-25)
(-0.05014507956 0.005602181265 -1.065576784e-23)
(-0.0514076074 0.0007446968031 0)
(-0.05047354903 -0.004241032531 0)
(-0.04733321627 -0.008886066152 2.673837419e-23)
(-0.04215611285 -0.01268042215 2.815767066e-23)
(-0.03531196782 -0.0151346551 -1.64808891e-24)
(-0.02738831856 -0.01586063404 4.85254315e-23)
(-0.0191690989 -0.01467237768 9.432568928e-23)
(-0.01156048061 -0.01169304351 3.990021851e-23)
(-0.005465315684 -0.007450600305 4.189164201e-25)
(-0.001451140005 -0.002936209598 1.049162324e-25)
(-9.072764124e-05 0.0002256657397 0)
(-0.0005024048049 0.006044694569 -4.256639779e-23)
(-0.006402015699 0.0163689486 -1.700818434e-23)
(-0.01553326937 0.02355674231 8.126366424e-24)
(-0.02627618719 0.02743866382 0)
(-0.03728337867 0.0283180728 0)
(-0.04768526525 0.0265851122 0)
(-0.05679071686 0.0226291795 -4.622716843e-26)
(-0.06404739349 0.01683483762 -2.109160987e-24)
(-0.06900413329 0.009621797132 0)
(-0.07130167885 0.001491549205 1.642382733e-24)
(-0.07070230877 -0.006935204655 2.807174935e-25)
(-0.06712478934 -0.01492824142 -2.815034954e-25)
(-0.06069427806 -0.02166491336 0)
(-0.05180368597 -0.02631354589 4.139746512e-23)
(-0.04114710138 -0.02815835142 -4.688064204e-23)
(-0.02971784123 -0.02677179509 -2.769303759e-23)
(-0.01873611751 -0.02221400925 -3.975400554e-23)
(-0.00948757188 -0.01521862548 7.795065368e-25)
(-0.00297677911 -0.007298179072 9.773646468e-23)
(-0.0002318671435 -0.0008663723889 0)
(-0.0005315462655 0.0100938937 4.277349278e-23)
(-0.00798268005 0.02594929537 4.771685897e-25)
(-0.01939469704 0.03642480805 -4.662702435e-25)
(-0.03282021495 0.04185071094 0)
(-0.04664188317 0.04289044018 7.76802769e-25)
(-0.05984605199 0.04019686911 -7.66032091e-25)
(-0.07162567968 0.03434443564 3.667083415e-23)
(-0.08131959456 0.02585479067 1.842677259e-23)
(-0.08835774548 0.0152723937 6.223095125e-24)
(-0.09224643218 0.003246833081 -1.644296125e-24)
(-0.09259587224 -0.009405959413 0)
(-0.08916827096 -0.02167192663 4.380431028e-25)
(-0.08195340949 -0.03236391729 1.01248568e-23)
(-0.07126356614 -0.04020866443 -4.356199871e-23)
(-0.05781610397 -0.04401674003 1.937250186e-24)
(-0.04278295677 -0.04294509148 4.231943922e-23)
(-0.02775273573 -0.03683111593 -3.86542036e-25)
(-0.0145497448 -0.02652586775 0)
(-0.004859189071 -0.01408412901 5.435837567e-23)
(-0.0003641185359 -0.002847055923 -2.563230561e-22)
(-0.0005271601204 0.01499760254 9.8324504e-23)
(-0.009376912085 0.03738607736 -4.900957874e-25)
(-0.02287940656 0.05169661456 0)
(-0.03882642142 0.05893564149 0)
(-0.05538099653 0.06024972812 -8.72677808e-23)
(-0.07142180566 0.05661375544 -8.493593787e-23)
(-0.08605844959 0.04879763822 -4.061817937e-23)
(-0.09854195333 0.03743726172 -1.501609383e-23)
(-0.108185157 0.02315896386 -5.354933564e-24)
(-0.1143349917 0.006710495953 -8.166071275e-24)
(-0.1163953874 -0.01093051801 6.591382179e-24)
(-0.1138850898 -0.02848569762 8.808440097e-24)
(-0.1065409349 -0.04436571523 -1.891888247e-23)
(-0.09446141999 -0.05674805311 4.530340681e-24)
(-0.0782632757 -0.06377769438 0)
(-0.05922507476 -0.06393020338 -1.580651707e-23)
(-0.03933731242 -0.05653443918 -2.17903566e-26)
(-0.02114056703 -0.04235570381 0)
(-0.00731824897 -0.02398125366 -1.518884835e-22)
(-0.0005215701164 -0.005925461292 6.052459585e-22)
(-0.0004990379446 0.0206434878 -9.765486962e-23)
(-0.01052850052 0.05044894199 2.830898817e-22)
(-0.02582713636 0.06911785688 1.52630582e-22)
(-0.04401731614 0.07848465315 3.617543988e-24)
(-0.06310172018 0.08028710243 -7.318404561e-23)
(-0.08189693254 0.07587375006 9.03767893e-23)
(-0.09946932012 0.06621173738 -3.588269161e-24)
(-0.1150135255 0.05201364312 -1.728052332e-24)
(-0.1277421421 0.03392232967 2.522460341e-24)
(-0.1368372641 0.01270316578 7.374282804e-24)
(-0.1414611807 -0.01058500824 -6.491654613e-24)
(-0.1408154066 -0.03445570022 -9.768038403e-24)
(-0.1342659646 -0.05692182848 -3.261473855e-23)
(-0.1215374667 -0.07552643806 -3.64880806e-23)
(-0.1029610344 -0.0875356629 5.620108723e-25)
(-0.07975896833 -0.09038561766 0)
(-0.05426364684 -0.08243978692 0)
(-0.02986986316 -0.06397365669 -2.903185034e-24)
(-0.01066221721 -0.03798605691 2.967570421e-24)
(-0.0007350330357 -0.01050052771 1.027761216e-22)
(-0.0004478979037 0.02686970508 0)
(-0.01134834221 0.06480091743 2.001775932e-22)
(-0.02801379712 0.08828736059 8.961342061e-23)
(-0.04799485527 0.1001139287 0)
(-0.06920078808 0.1026984389 1.569273001e-22)
(-0.09043712119 0.09780775345 0)
(-0.1107753998 0.08660478009 -1.427942358e-22)
(-0.1294007213 0.06983542869 6.513076539e-24)
(-0.1454679154 0.04808063198 0)
(-0.1580256395 0.02201829427 0)
(-0.1660038109 -0.007331381176 -1.373660611e-24)
(-0.1682579205 -0.03838326347 -9.309222563e-25)
(-0.1636978191 -0.06883293801 1.490988223e-22)
(-0.1515130985 -0.09557477373 -4.704153739e-23)
(-0.1315068313 -0.1148213776 -2.558004212e-24)
(-0.1045543854 -0.1225621261 1.53185e-24)
(-0.07308984119 -0.1155446907 -1.556013847e-24)
(-0.04134811556 -0.09282591204 0)
(-0.01525150015 -0.05740473671 3.20219165e-24)
(-0.001044234474 -0.01714639907 -1.01248828e-21)
(-0.0003744802471 0.0334597915 0)
(-0.01174940439 0.07998151837 -1.12776926e-22)
(-0.02920537746 0.1086289766 -6.189758379e-22)
(-0.0503144953 0.1232124422 -3.754527596e-22)
(-0.07295894787 0.1268991646 0)
(-0.09598420752 0.1219163795 4.118518015e-22)
(-0.1185209712 0.1096276918 1.260530997e-22)
(-0.1398075101 0.09077771675 -5.580218744e-24)
(-0.1590145098 0.06581183375 5.55259966e-24)
(-0.1751381771 0.03520939409 0)
(-0.1869480104 -0.000193598673 2.911337236e-23)
(-0.1930094145 -0.03889207367 4.694022508e-24)
(-0.1917734795 -0.07843146748 -1.076259016e-22)
(-0.1817804799 -0.1151776669 7.99900837e-23)
(-0.1620508711 -0.144250259 -2.418576402e-22)
(-0.1327010934 -0.1598451572 0)
(-0.09577510424 -0.1563025156 0)
(-0.05601403392 -0.1302912671 0)
(-0.02147765542 -0.08380722391 0)
(-0.001500296455 -0.02665395274 5.569947239e-22)
(-0.0002874391394 0.04015723867 0)
(-0.01169327194 0.09542776415 -3.492299027e-22)
(-0.02924340964 0.1293963295 8.931185771e-22)
(-0.05060765746 0.1469179654 3.616425626e-22)
(-0.07369812677 0.151963382 0)
(-0.09744799583 0.1472658002 -3.8616754e-22)
(-0.1211027965 0.1344113916 -3.173754485e-23)
(-0.1440277995 0.1141341495 3.332457176e-22)
(-0.1655093331 0.08669770091 1.769126166e-22)
(-0.1846197057 0.05229169221 -4.059358582e-23)
(-0.2001273922 0.01142029553 1.656692963e-23)
(-0.2104570879 -0.03470869741 -8.263094198e-24)
(-0.2137157808 -0.08375803649 3.371104569e-22)
(-0.2078166261 -0.1318664154 0)
(-0.1908192037 -0.1732653205 2.419744862e-22)
(-0.161629419 -0.2002486892 5.771210293e-24)
(-0.121162922 -0.204002117 -5.857276128e-24)
(-0.07384767384 -0.1772037172 1.547293803e-22)
(-0.02971687247 -0.1188588949 -5.431994285e-24)
(-0.002179445401 -0.04005225086 0)
(-0.0002118031162 0.0467127861 0)
(-0.01125008493 0.1105412056 0)
(-0.02815616777 0.1497240599 -5.021923564e-22)
(-0.04874440113 0.1701393336 -1.880707146e-23)
(-0.07100009424 0.1766137785 2.038040697e-23)
(-0.09399339073 0.1724422995 -2.013977184e-23)
(-0.1171420499 0.1594790688 -2.316478454e-23)
(-0.1400164402 0.1384752233 -3.029231361e-22)
(-0.1621313641 0.1095136878 6.698231735e-23)
(-0.1827944351 0.07245233098 4.512281729e-23)
(-0.2009821481 0.02735238254 -4.576796715e-23)
(-0.2152256193 -0.02508155916 0)
(-0.2235546995 -0.08297614182 -7.836372959e-23)
(-0.2234614586 -0.1427167749 0)
(-0.2120658849 -0.1981719506 -3.738793335e-22)
(-0.1867411778 -0.2400665862 5.243562393e-22)
(-0.1464416014 -0.2560667171 0)
(-0.09394391517 -0.2331116933 -1.49287475e-22)
(-0.04021908111 -0.1639549748 1.936393913e-22)
(-0.003200994297 -0.05860835488 -3.410377994e-22)
(-0.0002016528201 0.05297239761 0)
(-0.01067311571 0.1248088604 9.181773085e-22)
(-0.02628536499 0.1687311938 -2.440369676e-23)
(-0.04501225546 0.1916332085 9.192221135e-22)
(-0.06494734213 0.199280285 -2.511748061e-23)
(-0.08536781858 0.1956002407 2.8384392e-23)
(-0.1059322959 0.1827808826 -2.812528955e-23)
(-0.1264944041 0.1616533476 -1.660679469e-23)
(-0.1469019649 0.1321741264 -5.259487567e-22)
(-0.1668483767 0.09389712288 -8.905367904e-24)
(-0.1857330505 0.04640886858 9.658874972e-24)
(-0.2024809471 -0.01023269324 3.312694131e-22)
(-0.2154180132 -0.07499137603 -5.819952775e-22)
(-0.222022989 -0.1450230241 0)
(-0.2188044443 -0.2146668374 8.885858438e-22)
(-0.201626082 -0.2739916457 -4.939578942e-22)
(-0.1668634607 -0.3075709443 -1.571804194e-23)
(-0.1140211584 -0.2953717128 0)
(-0.0528841401 -0.2195732029 -1.889047058e-22)
(-0.004749087279 -0.08377002739 3.359455725e-22)
(-0.0003643314249 0.05902012047 1.550835487e-23)
(-0.0104966388 0.1379804947 -8.76315138e-22)
(-0.02441574491 0.1856699241 -1.156941889e-21)
(-0.04026997396 0.2101269051 -8.62793879e-22)
(-0.05631078863 0.2182237583 0)
(-0.07215272735 0.214609497 3.51338309e-23)
(-0.08779698603 0.2018720388 -7.293989311e-23)
(-0.1034616175 0.1809961724 5.867182902e-23)
(-0.1194042421 0.1518981491 3.020978658e-22)
(-0.135799429 0.1139160771 -1.128066764e-23)
(-0.1526147689 0.06621745732 0)
(-0.1694586803 0.008182103778 -3.603506389e-22)
(-0.1852822911 -0.06015372471 7.514915991e-22)
(-0.198050413 -0.1372676494 8.830919111e-22)
(-0.2043591253 -0.2189184108 -5.295888707e-22)
(-0.1991008889 -0.2959628546 5.162052051e-22)
(-0.176062195 -0.3513983267 1.077859251e-23)
(-0.1300894855 -0.3584063112 -1.095168293e-23)
(-0.0668878074 -0.2843205524 -8.225700139e-23)
(-0.007083244274 -0.116993382 0)
(-0.0009097226233 0.06539796366 -1.911303998e-23)
(-0.01167715471 0.1502751626 -1.326852012e-21)
(-0.02389149466 0.2000568106 1.094127222e-21)
(-0.03601750327 0.2244114338 6.734339259e-22)
(-0.04657846422 0.2316488922 6.014092004e-22)
(-0.05577685823 0.2272309138 6.643338585e-22)
(-0.06411983805 0.2141712687 -4.458224965e-23)
(-0.07228373741 0.193645848 -3.461019173e-22)
(-0.08097842137 0.1656018718 2.151970874e-22)
(-0.09088098926 0.1292721455 0)
(-0.1025639751 0.08353414064 0)
(-0.1163713546 0.02720477436 2.655211512e-22)
(-0.1321677116 -0.04061458161 8.194781342e-23)
(-0.1489332598 -0.120006934 -2.821245575e-22)
(-0.1641353331 -0.2089239081 -5.410852134e-23)
(-0.1727931479 -0.3006927636 1.302021303e-22)
(-0.1670347295 -0.3793259536 -3.39997056e-22)
(-0.1365310239 -0.4136379979 -1.598557228e-23)
(-0.08018288231 -0.3538262243 8.21445863e-23)
(-0.01050760084 -0.1594099614 -6.032976905e-22)
(-0.002260643467 0.0734871463 0)
(-0.01580501843 0.1626472359 2.145702761e-21)
(-0.02665368733 0.2117831298 0)
(-0.03422851004 0.2333862406 -1.351700286e-21)
(-0.03760078162 0.2377683507 6.18448131e-23)
(-0.03800506179 0.2312482433 -6.192515259e-22)
(-0.0366919387 0.2171847314 -4.755889933e-22)
(-0.03490040601 0.1968906646 8.300538045e-22)
(-0.03379889044 0.1703337733 -1.885528801e-22)
(-0.0345094315 0.1367237236 0)
(-0.03812629783 0.09479997774 0)
(-0.04566016267 0.04304717219 2.410844162e-23)
(-0.0579177476 -0.0201329896 -6.006815211e-22)
(-0.07515492474 -0.09620163894 -4.309288315e-22)
(-0.09645964176 -0.1855509104 4.637641081e-22)
(-0.1183527593 -0.285352163 -6.48817416e-22)
(-0.1332763411 -0.3838338276 9.118330725e-23)
(-0.126537931 -0.4504307692 2.94229258e-23)
(-0.08899251934 -0.4198486117 5.660762174e-22)
(-0.01526923461 -0.2111691857 6.021608107e-22)
(-0.005181023935 0.08597960974 0)
(-0.02525700407 0.1766259203 1.465615167e-22)
(-0.03483753904 0.2205909089 -4.916824668e-23)
(-0.03640568604 0.2354795417 7.642376804e-22)
(-0.03019230555 0.2343342077 -7.004844274e-22)
(-0.01917487842 0.2241547803 4.746123984e-23)
(-0.005625308542 0.2083485028 -1.018570532e-22)
(0.008558749238 0.188121915 -3.389613135e-22)
(0.02178765434 0.1633908662 2.062682179e-22)
(0.03261674125 0.1333257517 0)
(0.03957393102 0.09664369082 0)
(0.0411601274 0.05174423921 -2.902504572e-22)
(0.03577555996 -0.003251418854 0)
(0.02197340935 -0.07057970491 -5.511985493e-22)
(-0.001272299135 -0.1525700203 -1.491770091e-23)
(-0.03311097213 -0.250591851 2.559548746e-23)
(-0.06909736933 -0.3599311296 2.202778453e-22)
(-0.09228155087 -0.4575395053 4.789923884e-24)
(-0.08718223394 -0.4698096399 -5.789756049e-22)
(-0.02103141082 -0.2698950749 0)
(-0.01111638118 0.1085974207 0)
(-0.04249024177 0.1947136567 -8.847980132e-22)
(-0.04795831867 0.2258164211 -5.410802146e-22)
(-0.03920041238 0.2282093227 4.543599682e-22)
(-0.01878529307 0.2182282811 -1.71013028e-24)
(0.007655687719 0.2028179412 -4.560773401e-23)
(0.03667016219 0.1847589153 5.696283037e-22)
(0.06581954654 0.1647100448 -2.76670509e-23)
(0.09326066848 0.1423125072 -2.069638931e-22)
(0.1173787845 0.1166285319 3.142027601e-23)
(0.1365363841 0.08641355234 -3.425738925e-23)
(0.1489579485 0.05017950051 -3.690438157e-23)
(0.1525195789 0.006162261523 3.205511393e-22)
(0.1449297366 -0.04795830339 6.119384935e-22)
(0.1235099703 -0.1153027539 -5.100990723e-22)
(0.08633038152 -0.2004175738 -1.615972036e-22)
(0.03198656364 -0.30677912 1.531364306e-22)
(-0.02362432603 -0.4239821664 7.293778313e-23)
(-0.06492538955 -0.4871595182 1.913304275e-21)
(-0.02509989021 -0.3291530972 2.955005808e-21)
(-0.02004675985 0.1460731515 -4.390066671e-23)
(-0.06416462473 0.2112953272 4.417238537e-23)
(-0.05070411129 0.2177286768 1.00015059e-21)
(-0.01934435794 0.2014656961 -8.266735786e-24)
(0.02413958253 0.1809048794 0)
(0.07153460592 0.1606906863 4.363463716e-23)
(0.1190625513 0.1416474344 -2.273706105e-22)
(0.1644682055 0.1233168584 -9.027354148e-23)
(0.2062163143 0.1048113438 3.680490084e-23)
(0.2429556882 0.08507192056 -1.701556589e-23)
(0.2732127089 0.06296274426 3.429792023e-23)
(0.2952464352 0.03726470509 -6.59238334e-23)
(0.3066908607 0.006537047188 -9.303547411e-23)
(0.3049685658 -0.03087579452 1.516991273e-22)
(0.2863893417 -0.07786132852 0)
(0.2470533963 -0.1399289447 1.505517635e-22)
(0.1810894615 -0.2266294786 2.560009953e-22)
(0.09604243916 -0.3443888851 0)
(-0.006698671076 -0.4552203716 -3.675653691e-21)
(-0.0192242547 -0.3777531568 -2.892634696e-21)
(-0.02591938714 0.2276833123 -9.514117702e-22)
(-0.03998304493 0.2238219511 -1.388942567e-22)
(0.03656114631 0.1810582734 -2.335488129e-22)
(0.1090491735 0.1451050874 -1.193689966e-22)
(0.1817167921 0.1172433662 -4.29565728e-23)
(0.249005476 0.09627782361 9.782581911e-23)
(0.3100289671 0.08002403459 -1.40849754e-22)
(0.3646154318 0.06656743763 1.297088729e-22)
(0.4126193347 0.05449152518 -8.6195524e-23)
(0.4536191146 0.04270914177 1.132173524e-25)
(0.4867823235 0.03032356029 1.527665012e-23)
(0.5107402373 0.01652985314 7.996839355e-23)
(0.5236557045 0.0005374017551 -1.811053305e-22)
(0.5231767219 -0.01863286958 -1.617093202e-22)
(0.5052300796 -0.04286409333 -4.262689573e-23)
(0.4658699164 -0.07633187502 0)
(0.3952684971 -0.1286088017 -1.846503987e-22)
(0.2916062367 -0.2208467708 8.148787475e-22)
(0.1197449845 -0.3525016541 1.631605923e-21)
(0.02670533954 -0.3775497193 2.172657914e-21)
(0.2142895786 0.1347448507 9.864892935e-22)
(0.2776315293 0.09870520281 0)
(0.4316596876 0.05810422685 -2.594247469e-22)
(0.5304751255 0.0384626231 -1.74160361e-22)
(0.6016962283 0.02623408608 0)
(0.6571188848 0.01831910171 -6.008721192e-23)
(0.7015197221 0.01313589454 6.377547556e-23)
(0.7376021418 0.009542064137 -1.800017839e-23)
(0.7669344891 0.006804471885 2.885760036e-23)
(0.7902083218 0.004464822483 2.314878231e-23)
(0.8074533876 0.002221454134 0)
(0.8182604208 -0.0001499063972 -2.872891079e-23)
(0.8216487514 -0.002723671381 0)
(0.8162387122 -0.00571253533 2.737990498e-23)
(0.7991330142 -0.009611304415 1.421594007e-23)
(0.7679986047 -0.0150025301 -5.799480682e-23)
(0.7106556497 -0.02502523444 -2.535675915e-22)
(0.6235184455 -0.0420428951 -6.918120533e-22)
(0.4230090968 -0.0918297233 0)
(0.2705674562 -0.1524022033 -2.11948573e-21)
)


// ************************************************************************* //
