/*--------------------------------*- C++ -*----------------------------------*\
  =========                 |
  \\      /  F ield         | OpenFOAM: The Open Source CFD Toolbox
   \\    /   O peration     | Website:  https://openfoam.org
    \\  /    A nd           | Version:  13
     \\/     M anipulation  |
\*---------------------------------------------------------------------------*/
FoamFile
{
    format      ascii;
    class       vectorField;
    location    "2.09";
    object      U_all;
}
// * * * * * * * * * * * * * * * * * * * * * * * * * * * * * * * * * * * * * //


400
(
(-3.917323511e-05 4.496911703e-05 0)
(-0.0006135377607 0.0003641703559 -7.685463719e-24)
(-0.001681019902 0.0006857613243 0)
(-0.002926468704 0.0009206549749 0)
(-0.004169573654 0.001042573658 -1.999177095e-25)
(-0.005309618904 0.001047517393 2.978494994e-24)
(-0.006287061096 0.0009454635187 2.523907236e-23)
(-0.007066970021 0.0007527676208 4.288348436e-23)
(-0.007625747187 0.0004895971329 -5.357831332e-25)
(-0.007943178254 0.0001788428712 -9.215773809e-24)
(-0.008000625514 -0.0001540095068 1.210124571e-23)
(-0.007780115342 -0.0004790475185 -1.161334269e-22)
(-0.007268751115 -0.0007651150377 -1.343378339e-22)
(-0.00646758979 -0.000979038726 -1.585020284e-22)
(-0.005400469719 -0.001089208183 1.052405101e-23)
(-0.004127000154 -0.001070942189 -1.130281202e-23)
(-0.002754813542 -0.0009141540373 -7.489571271e-22)
(-0.00144857371 -0.0006337190093 0)
(-0.0004133809353 -0.0002823030003 2.93614215e-24)
(1.626457779e-05 2.138166025e-05 -3.686544521e-22)
(-0.0001879665823 0.0007351207057 7.005350601e-26)
(-0.001861266587 0.002420757693 7.765967967e-24)
(-0.004548707656 0.003740078654 4.459771484e-26)
(-0.007674317627 0.004510049163 1.858109323e-25)
(-0.01080848576 0.004758910389 -5.454825782e-25)
(-0.01370043058 0.004556822711 -1.481432025e-23)
(-0.01619065974 0.003984178513 2.931969399e-23)
(-0.01818090175 0.003117025464 -4.181079804e-23)
(-0.01960461711 0.002025182776 2.936050234e-23)
(-0.02040878258 0.0007763121399 1.051118124e-23)
(-0.02054556435 -0.000557661922 -1.320322983e-23)
(-0.01997436824 -0.001892547729 -5.001474071e-25)
(-0.01867161528 -0.003128969811 7.15505188e-23)
(-0.01664796059 -0.00414931452 -4.986790931e-24)
(-0.01397258549 -0.004822871239 1.043754929e-23)
(-0.01080029096 -0.005020003905 -3.678744493e-22)
(-0.007396078586 -0.004638718056 3.881469574e-22)
(-0.004140009244 -0.003645940894 -5.842863102e-24)
(-0.001518948002 -0.002131339852 5.990196584e-24)
(-0.0001271253925 -0.0004780644448 0)
(-0.0002365898445 0.002082838158 -1.072280475e-25)
(-0.002808174266 0.005722385053 -8.909543371e-25)
(-0.006767942586 0.008242445516 -8.754419085e-24)
(-0.01136414345 0.009563940371 1.317600224e-25)
(-0.01598819863 0.009836478854 -1.294408188e-25)
(-0.02027971286 0.009252379333 7.398677188e-25)
(-0.02399733423 0.007994973851 -2.818801805e-23)
(-0.02698542575 0.006217788735 -2.317072429e-24)
(-0.02913587296 0.004046307089 -3.078101519e-23)
(-0.0303626429 0.001591701351 0)
(-0.03059043721 -0.001030796086 0)
(-0.02975686169 -0.003684465974 6.053463139e-23)
(-0.02782773831 -0.006194590175 6.577407231e-23)
(-0.02482378703 -0.008341777617 -4.935429525e-24)
(-0.02085538012 -0.00986587177 1.719312733e-22)
(-0.01616004019 -0.01049022009 3.567703215e-22)
(-0.01113076818 -0.009972499974 3.634818697e-22)
(-0.006311527049 -0.008184733475 1.151831409e-23)
(-0.002403598342 -0.005217639183 -5.822564319e-24)
(-0.000188686327 -0.001583225684 0)
(-0.0002399707947 0.003873100967 1.572560726e-24)
(-0.003529370403 0.009970295364 1.153709161e-24)
(-0.008550311883 0.01392132023 8.570746529e-24)
(-0.01438720838 0.01585512821 0)
(-0.02028060908 0.01610320528 0)
(-0.02578117511 0.0150202044 0)
(-0.03058184476 0.01291752136 -1.021796425e-24)
(-0.034478707 0.01003863238 1.871189909e-23)
(-0.0373245389 0.006568256865 0)
(-0.03899781859 0.002659882334 9.103130276e-24)
(-0.03938966772 -0.001529680924 8.238863422e-25)
(-0.0384067975 -0.005807287317 -8.261955755e-25)
(-0.03599293799 -0.009911823423 0)
(-0.03216565672 -0.01349895259 1.542066326e-22)
(-0.02706247867 -0.01614313175 -1.670191694e-22)
(-0.02099111519 -0.01737434217 -1.876564439e-22)
(-0.0144656876 -0.01676027898 -3.690926747e-22)
(-0.008197150159 -0.01403729872 2.053897387e-25)
(-0.003113395396 -0.009271133653 -3.569752419e-22)
(-0.0002100468903 -0.00308058125 0)
(-0.0002279637658 0.006031922408 -1.5457653e-24)
(-0.004156584874 0.01503545462 6.169924078e-25)
(-0.01014211913 0.02065224982 -6.028984187e-25)
(-0.01712027004 0.02328135477 0)
(-0.02419670469 0.02349182561 1.582343444e-25)
(-0.03084630886 0.02183586436 -1.560395857e-25)
(-0.03670876808 0.01877184748 -4.52049059e-24)
(-0.04153975675 0.01463997149 -2.907749252e-23)
(-0.04515462809 0.009682644645 -1.121042966e-23)
(-0.04739142536 0.0040901186 -9.113729553e-24)
(-0.04809630992 -0.001943990864 0)
(-0.0471264901 -0.008169958965 1.942700935e-24)
(-0.04437917512 -0.01422750459 7.039608085e-23)
(-0.03984168858 -0.01961930755 -1.639973897e-22)
(-0.03365335161 -0.0237078259 1.070937913e-23)
(-0.02617749618 -0.02576734832 3.721847516e-22)
(-0.01805633381 -0.0251083141 -5.928471334e-24)
(-0.01020420551 -0.02127744349 0)
(-0.003836020224 -0.01429557069 -5.73036546e-24)
(-0.000222149814 -0.004933060143 3.247666183e-22)
(-0.0002204501718 0.008545662406 1.009322203e-22)
(-0.004792270154 0.02091096928 -5.799281926e-25)
(-0.0117458882 0.02845153284 0)
(-0.01987650124 0.03188633929 0)
(-0.02816035615 0.03207633351 -4.759671898e-23)
(-0.03600789843 0.02980712629 -3.386464211e-23)
(-0.04301746998 0.02570152685 5.038975441e-24)
(-0.04891315254 0.02019890993 1.1524275e-23)
(-0.05347559184 0.01359142472 1.020959715e-23)
(-0.05649671364 0.006092755854 6.19445818e-24)
(-0.05776297327 -0.002079977034 -1.036183598e-23)
(-0.05705420459 -0.01063014728 -2.566941539e-23)
(-0.0541814946 -0.01908774003 -5.780931482e-25)
(-0.0490556452 -0.02677127727 -1.618139591e-22)
(-0.04177113956 -0.03276885479 0)
(-0.03271742505 -0.03600491122 -1.961224283e-22)
(-0.02267396002 -0.03542120403 6.25256989e-24)
(-0.01282296397 -0.03028091857 0)
(-0.004789005151 -0.02053283129 3.674273057e-22)
(-0.0002516065372 -0.007203882022 -6.55930893e-22)
(-0.000226740106 0.01144445154 -1.001681459e-22)
(-0.005509819026 0.02766575199 2.059531508e-22)
(-0.01351828976 0.03741241095 1.045477467e-22)
(-0.02289760445 0.04178513559 2.167031338e-24)
(-0.03249479286 0.04199705135 -4.03467187e-23)
(-0.04166859247 0.03910719625 3.551141027e-23)
(-0.04999146012 0.03392043297 -1.253773067e-24)
(-0.0571695719 0.02697359897 2.115733783e-26)
(-0.06295649717 0.01859231462 -2.314737045e-25)
(-0.06709582036 0.008987323898 -5.991807912e-24)
(-0.06930164248 -0.001632111781 9.617458311e-24)
(-0.06923923568 -0.01292817198 2.828836529e-23)
(-0.06657465033 -0.02434634231 -9.207279988e-24)
(-0.0610706934 -0.03499052143 2.541455207e-22)
(-0.05269340453 -0.04359545305 -5.556098473e-24)
(-0.04179204539 -0.04859580952 0)
(-0.02927386051 -0.04837779592 0)
(-0.01667550401 -0.04174407328 6.40173729e-24)
(-0.006242599948 -0.02850060209 -6.543622587e-24)
(-0.0003213208837 -0.01008329793 -9.126384884e-24)
(-0.0002514661815 0.01479188266 0)
(-0.006360703656 0.03542508171 1.188472982e-22)
(-0.01556951758 0.04768612842 5.237806979e-23)
(-0.02634831087 0.0531426756 0)
(-0.03741135377 0.05343710226 8.583022229e-23)
(-0.048082355 0.04995173221 0)
(-0.05793067353 0.04369431773 -5.190261252e-23)
(-0.06666781255 0.03529473026 1.86682565e-24)
(-0.07403932366 0.02508746829 0)
(-0.07975039267 0.01324063365 0)
(-0.08341308315 -9.296154084e-05 5.124993223e-25)
(-0.08455803918 -0.0146003331 1.122334126e-24)
(-0.08264997665 -0.02966704586 -1.234061863e-22)
(-0.07717407316 -0.0441795747 -7.837854161e-24)
(-0.0678340457 -0.05643697698 5.715547268e-24)
(-0.05480773401 -0.0641903745 -7.220625504e-24)
(-0.03906723934 -0.06496696482 7.334462842e-24)
(-0.02259016804 -0.05677487336 0)
(-0.008567981096 -0.03908694331 -3.024911893e-24)
(-0.0004606522689 -0.01392928418 6.968421885e-22)
(-0.0002994186194 0.01867559368 0)
(-0.007385929104 0.04435312602 -8.571131089e-23)
(-0.0179756413 0.05945646495 -3.946522866e-22)
(-0.03032515932 0.0661409759 -2.232619811e-22)
(-0.04300976588 0.06658379564 0)
(-0.05534119798 0.0625569327 1.936306645e-22)
(-0.06691831499 0.05529895343 4.572844697e-23)
(-0.0774933909 0.04552802717 -1.364618657e-24)
(-0.08683608536 0.03355545553 1.357867936e-24)
(-0.09463497523 0.01945042725 0)
(-0.1004241759 0.003231530243 1.748967151e-24)
(-0.1035572081 -0.01492238339 -1.21332579e-24)
(-0.1032074759 -0.03441267747 5.834275289e-23)
(-0.09846312088 -0.05395838088 -7.998862124e-23)
(-0.08856431726 -0.07136483007 1.991008666e-22)
(-0.07329009871 -0.08346147023 0)
(-0.0535059025 -0.08645828915 0)
(-0.03165210227 -0.07696899728 0)
(-0.01229276926 -0.0536756182 0)
(-0.0007161841801 -0.0193407736 -3.534570229e-22)
(-0.0003793167144 0.02320667701 0)
(-0.008631754034 0.05464175949 -2.253015102e-22)
(-0.02079867854 0.07291462615 5.606178628e-22)
(-0.03487309511 0.08094003011 2.148595591e-22)
(-0.0492832544 0.08157699419 0)
(-0.06336084397 0.07707700155 -1.825338628e-22)
(-0.07677759751 0.06894854011 -1.278220979e-23)
(-0.08937514635 0.05799685266 1.190618794e-22)
(-0.100997155 0.04447450772 5.158518389e-23)
(-0.1113619311 0.02828052457 -9.133841355e-24)
(-0.1199553659 0.009187529199 5.444926801e-24)
(-0.1259593643 -0.01289077632 3.82381127e-25)
(-0.1282050096 -0.03755363797 -5.519855465e-24)
(-0.1252461274 -0.06348651501 0)
(-0.115626674 -0.08801909609 -1.991968756e-22)
(-0.09840290374 -0.1068296655 -8.590665458e-24)
(-0.07399196321 -0.1142043306 8.718696687e-24)
(-0.04512064642 -0.104380315 -3.463703343e-22)
(-0.01813414073 -0.07426313027 9.227687383e-24)
(-0.001165285904 -0.02726245059 0)
(-0.0005093464279 0.02853114122 0)
(-0.01017302316 0.06650908301 0)
(-0.0241143154 0.08823436703 -3.148852145e-22)
(-0.04000600783 0.09762809399 -1.152258696e-23)
(-0.05612031273 0.09843599181 1.066266288e-23)
(-0.07185183859 0.09350745786 -1.053672683e-23)
(-0.08699634301 0.08467356236 -9.28665311e-24)
(-0.1015404165 0.07283335008 -1.065156033e-22)
(-0.11546271 0.05815034516 3.143322474e-23)
(-0.1285791891 0.04028129085 1.014090512e-23)
(-0.140397579 0.01862566156 -7.204382012e-24)
(-0.1499857901 -0.00736237219 0)
(-0.1558524207 -0.03771197688 3.391498851e-23)
(-0.1559617934 -0.0713470723 0)
(-0.1479800569 -0.1052908186 5.37763227e-23)
(-0.1298814103 -0.1339704817 -2.247057561e-22)
(-0.1010941404 -0.1491161457 0)
(-0.06406020661 -0.141197985 3.370592553e-22)
(-0.02696829775 -0.1034561189 -3.778329303e-22)
(-0.001938365978 -0.03910608854 2.669591062e-22)
(-0.0007277436114 0.03486089567 0)
(-0.01215143253 0.08021007734 6.051514041e-22)
(-0.02805076098 0.1055430545 -1.571832463e-23)
(-0.04572987215 0.1161526942 5.825089459e-22)
(-0.06329933391 0.1169539065 -1.497966101e-23)
(-0.08027573495 0.1115409502 1.408753532e-23)
(-0.09663219065 0.1021299757 -1.395889946e-23)
(-0.1125505648 0.08972985564 -6.424596599e-24)
(-0.1282018245 0.07440027649 -1.950750176e-22)
(-0.1435779565 0.05550311255 -2.998134923e-24)
(-0.1583172802 0.03195389503 2.347771603e-24)
(-0.1715004126 0.002553408176 9.185854664e-23)
(-0.181483698 -0.03347087217 -1.047138133e-22)
(-0.1857891137 -0.07563807237 0)
(-0.181213294 -0.1210626126 -1.663270721e-23)
(-0.1644133742 -0.1631387467 2.10399612e-22)
(-0.1331688093 -0.1906920623 8.226546671e-24)
(-0.08851347607 -0.1888764596 0)
(-0.03965533925 -0.1441449702 3.729570274e-22)
(-0.003256981205 -0.05685395778 -2.621169046e-22)
(-0.00111476908 0.04254031417 1.026713859e-23)
(-0.01484096151 0.09606260336 -5.776463332e-22)
(-0.03284032389 0.1248806429 -7.979218121e-22)
(-0.05205762386 0.1362205364 -5.469229294e-22)
(-0.07045671846 0.1365503524 0)
(-0.08776747737 0.1303730637 1.902825565e-23)
(-0.1041933579 0.1203468333 -3.75780232e-23)
(-0.1201428675 0.107609218 2.781322349e-23)
(-0.1360125048 0.09212519511 1.183337473e-22)
(-0.1520352186 0.07295632169 -4.512485249e-24)
(-0.1681098627 0.04848830496 0)
(-0.1835781269 0.01674228851 -9.796483431e-23)
(-0.1969608749 -0.02405939961 2.194505945e-22)
(-0.2057554897 -0.07443670132 2.627425696e-22)
(-0.206309938 -0.1322391884 -3.103267728e-23)
(-0.194080817 -0.1905580647 3.321887997e-23)
(-0.1646772185 -0.2357184835 -1.231406139e-23)
(-0.1161443634 -0.246552444 1.251167324e-23)
(-0.05654352835 -0.1985549233 -6.610734654e-22)
(-0.005481111853 -0.08306040633 0)
(-0.001837148653 0.05217458009 -1.334724691e-23)
(-0.01875758743 0.1144726642 -9.725304146e-22)
(-0.03887258026 0.146104131 7.561676037e-22)
(-0.05897626209 0.1571217884 4.872629783e-22)
(-0.07697016836 0.1560542699 4.225490143e-22)
(-0.09296604959 0.1484596385 4.406554382e-22)
(-0.1074664737 0.1374554598 -2.469840739e-23)
(-0.1211212976 0.1243099485 -1.985427405e-22)
(-0.1345523656 0.1089252024 1.141853908e-22)
(-0.1482651494 0.09012819665 0)
(-0.1625364426 0.06585212052 0)
(-0.1772320393 0.03338534581 1.226171106e-22)
(-0.1914954609 -0.01010594164 8.779638827e-23)
(-0.2035212315 -0.06658532396 -1.54677591e-23)
(-0.2100643269 -0.1353045073 -1.811402261e-23)
(-0.2060862371 -0.2103777176 1.357470029e-22)
(-0.1850933605 -0.2772331151 6.272238949e-23)
(-0.1406486113 -0.3090171149 -3.169619835e-22)
(-0.07639560267 -0.266375468 6.601671638e-22)
(-0.009106588753 -0.1205674667 -9.989685788e-22)
(-0.003247034307 0.06489873187 0)
(-0.02482971061 0.1359797746 1.614754422e-21)
(-0.04667234435 0.1687288155 0)
(-0.06620504308 0.1774682508 -1.028943558e-21)
(-0.08153614358 0.1734242596 9.578964861e-23)
(-0.09350103845 0.1632702921 -4.102361534e-22)
(-0.1030328941 0.1505050461 -3.274367739e-22)
(-0.1110511419 0.1364743068 5.095176725e-22)
(-0.1183818449 0.1210459354 -9.855011684e-23)
(-0.1257834969 0.1029393101 0)
(-0.1339448402 0.07984892974 0)
(-0.1434196075 0.04860141173 3.853461473e-23)
(-0.1544785677 0.005521659153 -2.745027191e-22)
(-0.1666627626 -0.05278059998 -1.828622494e-22)
(-0.1781902388 -0.1276499393 2.571827903e-22)
(-0.185017724 -0.2158554178 -1.758867192e-22)
(-0.1797214533 -0.3047998491 -4.388744839e-23)
(-0.1509069586 -0.3652390165 3.449298059e-22)
(-0.09475991916 -0.341936964 6.990651438e-22)
(-0.01457154361 -0.1715679365 9.970848604e-22)
(-0.00600567773 0.0827098113 0)
(-0.03454226136 0.1608675821 1.739975568e-22)
(-0.05648843483 0.1911632984 -4.059589813e-23)
(-0.07225220561 0.1943751926 6.071783814e-22)
(-0.0808319405 0.1850757489 -5.436627533e-22)
(-0.08446088903 0.1708582409 3.618723013e-23)
(-0.08475774728 0.1553278103 -1.095181872e-22)
(-0.08298623858 0.1397366018 -2.165158156e-22)
(-0.0801489984 0.1238843773 1.41948513e-22)
(-0.07718113671 0.1065105482 0)
(-0.07508595833 0.08533610482 0)
(-0.07503306106 0.05717776525 -1.614686925e-22)
(-0.07840505674 0.01806303021 0)
(-0.08650492118 -0.03627782891 -3.738015431e-22)
(-0.09996835121 -0.1093997147 5.669628531e-23)
(-0.1173770197 -0.2020065942 1.166135395e-23)
(-0.1329832656 -0.3069823538 -3.822300073e-23)
(-0.1319687604 -0.3988816481 1.47910234e-23)
(-0.1025923248 -0.4114008616 -7.267826217e-22)
(-0.02157390622 -0.2352299576 0)
(-0.0114443665 0.1100351694 0)
(-0.04942687197 0.1893510017 -7.482735828e-22)
(-0.06584940038 0.2102058176 -5.00759468e-22)
(-0.07062759311 0.2027897356 4.313839512e-22)
(-0.06505836818 0.1853704611 -2.138270698e-24)
(-0.05380659652 0.1656853778 -4.102771439e-23)
(-0.03940812887 0.1467841112 4.653494697e-22)
(-0.02345534413 0.129431003 -2.071411315e-23)
(-0.006988715278 0.1131824412 -1.402009668e-22)
(0.009057373765 0.09677998379 2.248600654e-23)
(0.02362716302 0.07822131959 -2.391629898e-23)
(0.03530275518 0.05472133283 -2.535491556e-23)
(0.04199138739 0.02271757285 2.304706104e-22)
(0.04102446457 -0.02208022234 4.192394357e-22)
(0.02932848744 -0.08435565469 -3.596721132e-22)
(0.004643704727 -0.1686332574 -1.472324223e-22)
(-0.03228610081 -0.2757760535 1.241998494e-22)
(-0.06730056517 -0.3919111067 6.912715794e-23)
(-0.08580957941 -0.4527076015 1.785410212e-21)
(-0.02706182573 -0.3048188009 2.790791922e-21)
(-0.01955438086 0.1499117858 -4.120786013e-23)
(-0.06615389711 0.2127737521 4.146292901e-23)
(-0.05919617137 0.2128577683 9.577515455e-22)
(-0.03750077929 0.1894147884 1.949012165e-23)
(-0.005877414578 0.1629456099 0)
(0.02841359895 0.1388870846 4.172730478e-23)
(0.06261338528 0.1183841987 -2.031948648e-22)
(0.0954747214 0.1011038998 -7.903069763e-23)
(0.1264255493 0.08612917007 3.021669997e-23)
(0.1550147753 0.07216958628 -1.147684171e-23)
(0.1805474945 0.05761008285 2.394461915e-23)
(0.2017980777 0.04033814509 -4.8710642e-23)
(0.2165815524 0.01772571618 -5.911747974e-23)
(0.2217949167 -0.01361515707 1.244805338e-22)
(0.212923815 -0.05775508368 0)
(0.1848633809 -0.1208199439 1.413549612e-22)
(0.1316374406 -0.2107799327 2.001227347e-22)
(0.06062250089 -0.3316094513 0)
(-0.0253547229 -0.4411454438 -3.422188337e-21)
(-0.02183650468 -0.3662608589 -2.73139096e-21)
(-0.02504576036 0.2307532624 -9.378690099e-22)
(-0.03735492111 0.2272563047 -1.359701154e-22)
(0.038275066 0.1817168061 -2.260637495e-22)
(0.1064250068 0.1419705735 -1.127090869e-22)
(0.1720159023 0.1106628776 -4.593907686e-23)
(0.2300905352 0.08723550211 1.052130852e-22)
(0.280786425 0.06979793593 -1.409916763e-22)
(0.3249995236 0.05653405649 1.163582867e-22)
(0.3636381884 0.04600580972 -6.986038252e-23)
(0.3972899306 0.03698513855 3.561338804e-25)
(0.4260005876 0.02828207643 1.14764482e-23)
(0.4491212689 0.01860054658 5.924189753e-23)
(0.464753805 0.006441854666 -1.398527715e-22)
(0.4703504354 -0.009844041515 -1.310142326e-22)
(0.4611368098 -0.03296078355 -3.82278114e-23)
(0.4313572795 -0.06758144819 0)
(0.3698221539 -0.1228266215 -1.358280243e-22)
(0.2738185684 -0.2182405832 7.404118228e-22)
(0.1091740578 -0.3504581149 1.512563774e-21)
(0.02423843555 -0.3755339204 2.107397482e-21)
(0.2150371105 0.1354441646 9.717186035e-22)
(0.2805609325 0.0999069746 0)
(0.4359297903 0.05892190496 -2.605971282e-22)
(0.5342486892 0.03866369416 -1.852572942e-22)
(0.6029258871 0.02582408694 0)
(0.6541523265 0.01746412714 -6.615921374e-23)
(0.6934027671 0.01207418045 6.482141583e-23)
(0.7241454517 0.008532477244 -1.579879177e-23)
(0.7486971838 0.006092506548 2.507104354e-23)
(0.7684253506 0.004255144593 1.830472334e-23)
(0.7839100669 0.002636327795 0)
(0.7950412191 0.0009154632438 -2.156316749e-23)
(0.8009416209 -0.001288900012 0)
(0.7999172604 -0.003968800037 2.232103572e-23)
(0.7880590218 -0.007921689668 1.499584969e-23)
(0.7619559436 -0.01380436986 -5.069572314e-23)
(0.7082969582 -0.02456075026 -2.175548896e-22)
(0.6228042084 -0.04225078713 -6.324697615e-22)
(0.4223576859 -0.09238264101 0)
(0.2702860231 -0.1527153312 -2.055812497e-21)
)


// ************************************************************************* //
