/*--------------------------------*- C++ -*----------------------------------*\
  =========                 |
  \\      /  F ield         | OpenFOAM: The Open Source CFD Toolbox
   \\    /   O peration     | Website:  https://openfoam.org
    \\  /    A nd           | Version:  13
     \\/     M anipulation  |
\*---------------------------------------------------------------------------*/
FoamFile
{
    format      ascii;
    class       scalarField;
    location    "7.98";
    object      p_all;
}
// * * * * * * * * * * * * * * * * * * * * * * * * * * * * * * * * * * * * * //


400
(
-9.974222332e-10
-0.0004974161016
-0.0007947708528
-0.0008815911674
-0.0007690138329
-0.0004886094834
-7.656456152e-05
0.0004326728712
0.001004510432
0.001600884336
0.002179255162
0.002690015881
0.003080814229
0.003300519588
0.003307664123
0.003081551371
0.002635909222
0.002024042064
0.001413715817
0.0008521146382
0.0005343264462
5.853927224e-06
-0.0003124657267
-0.0004136493384
-0.0003445355843
-0.0001313896406
0.0001966822306
0.0006107410886
0.001080056436
0.0015680257
0.002041136959
0.002446908933
0.002738373332
0.002869920548
0.00280733566
0.002538818157
0.002085123428
0.001504451642
0.000949211897
0.0003267252654
0.0008513569535
0.0002664092464
-8.583934755e-05
-0.0001897009595
-0.0001405368443
3.221041411e-05
0.0003039280089
0.0006523045416
0.001053352759
0.001478677327
0.001886987616
0.00223752571
0.002479860177
0.002566800506
0.00246311674
0.002156265879
0.001664894958
0.001039405947
0.0003882327754
-0.0004031946317
0.0008450282938
0.0001931579968
-0.0002027937786
-0.0003093412759
-0.0002690204839
-0.0001177186661
0.0001221965725
0.0004353895919
0.0008058410982
0.001210998361
0.001615468628
0.001973957105
0.002229984888
0.002326054052
0.002214444576
0.001870326653
0.001301482331
0.0005495863635
-0.0003059098578
-0.001385504122
0.0003589722642
-0.0003379978916
-0.0007592058298
-0.000860547406
-0.0008225063429
-0.0006858378374
-0.0004689967484
-0.0001775650569
0.0001840202104
0.0006030323244
0.001049682756
0.001477189117
0.001818486982
0.001997380222
0.001941037303
0.001597560696
0.0009514368159
3.139720936e-05
-0.001104464294
-0.002543647392
-0.0007429027489
-0.00145823875
-0.001888622122
-0.001982672353
-0.001952490482
-0.001841071749
-0.001659598507
-0.00139930437
-0.001047036155
-0.0005985171031
-7.15489408e-05
0.0004907453397
0.001010032973
0.001383770074
0.001497616647
0.001249748827
0.0005780330251
-0.0005158719418
-0.001999571625
-0.003897059976
-0.002587059419
-0.003292896747
-0.00372630778
-0.003824758484
-0.003829158927
-0.003782192683
-0.003683665939
-0.003504211189
-0.00320389346
-0.002749241547
-0.002132838253
-0.001379179494
-0.0005715135988
0.0001581851592
0.0006345900392
0.0006707459395
0.0001152301485
-0.001093098833
-0.002972230204
-0.005441573572
-0.005280630349
-0.005954833995
-0.006395180171
-0.00652811104
-0.006621454113
-0.006716097047
-0.006797027118
-0.006807561884
-0.006669415302
-0.006302813465
-0.005654132065
-0.004687105105
-0.003482987993
-0.002190576415
-0.00106144389
-0.0004149268804
-0.0005634738087
-0.001705480086
-0.003973921814
-0.007133479965
-0.008901150324
-0.009526293504
-0.009985812642
-0.01019928308
-0.01046152891
-0.01081293441
-0.01122277095
-0.01160195749
-0.01182204032
-0.01173267416
-0.01118194103
-0.01009528665
-0.008443075046
-0.006371985368
-0.004208388686
-0.002452751747
-0.001682891586
-0.002368194722
-0.004896621807
-0.008834188351
-0.01348215376
-0.01404284269
-0.01453425984
-0.01487628459
-0.0153961849
-0.01614006564
-0.01706547175
-0.01805041329
-0.01890751203
-0.01939743766
-0.01925275873
-0.01823359784
-0.01619580893
-0.01319377914
-0.00958052146
-0.006056357938
-0.003582292807
-0.003104306854
-0.005528099747
-0.01022694162
-0.01900603816
-0.01948350238
-0.02000378835
-0.02049509547
-0.02133373918
-0.02258458898
-0.02420337298
-0.02604079214
-0.02784914537
-0.02928610015
-0.02993285896
-0.02934512754
-0.02716918235
-0.02325235759
-0.01786692131
-0.01185727626
-0.006643886544
-0.003900603458
-0.005478101498
-0.01068172252
-0.02541522448
-0.02577573926
-0.02627969207
-0.02686836157
-0.02800456377
-0.02979330298
-0.032203588
-0.03506923109
-0.03808827903
-0.04081409723
-0.04266149289
-0.04294791443
-0.04103204398
-0.03644081303
-0.02919626759
-0.02011948378
-0.01103943085
-0.004556302933
-0.00405016892
-0.009044658694
-0.03265565599
-0.03282213776
-0.033181971
-0.03368365697
-0.03495087139
-0.03715862964
-0.04030548442
-0.04421743514
-0.04854564753
-0.05274629556
-0.05607434777
-0.05761755322
-0.05636819511
-0.05148937071
-0.04257616542
-0.03016665334
-0.01625842885
-0.004361726243
-1.666339743e-05
-0.003344349119
-0.04077794783
-0.04055775863
-0.04050107368
-0.04052947244
-0.04156231061
-0.04387920783
-0.04751750409
-0.05229298524
-0.05780723728
-0.06342312712
-0.06824598938
-0.07113901861
-0.07079213282
-0.06593278958
-0.05564484229
-0.03993251485
-0.02058189023
-0.001646963311
0.008736908216
0.009539838149
-0.05013490438
-0.04902036466
-0.04801565412
-0.04690744471
-0.04712446839
-0.04906932902
-0.05280283357
-0.05810277624
-0.0644964214
-0.07123788983
-0.07728324976
-0.08128819698
-0.08167067837
-0.07675551674
-0.06512055593
-0.04608736771
-0.02089384613
0.00658909948
0.02565776032
0.03426982276
-0.06186584328
-0.05855507308
-0.05560178442
-0.05233388997
-0.05096195455
-0.05195981746
-0.05534290408
-0.06078449184
-0.06768343131
-0.07513763841
-0.08193167105
-0.08650568312
-0.08702211569
-0.08143138707
-0.06788542689
-0.04496982123
-0.01328711912
0.02482560068
0.05590378081
0.07757871436
-0.07862454232
-0.06968608989
-0.06293398791
-0.05611294528
-0.05234608995
-0.05191803121
-0.0546385423
-0.05995382175
-0.06704860703
-0.07481885286
-0.08183071711
-0.08628298625
-0.08607364375
-0.07877454371
-0.06210046988
-0.03405788867
0.005295498503
0.05841514903
0.1056175459
0.1477993933
-0.1092919117
-0.08482295607
-0.07083361378
-0.05837625647
-0.05128879994
-0.0490231891
-0.05088022615
-0.05590813922
-0.06297420944
-0.07071103888
-0.07744493551
-0.08113058074
-0.07945171251
-0.06931332984
-0.04818206162
-0.01309365927
0.03761007752
0.1064645882
0.1773547795
0.2558191999
-0.1675487536
-0.09917214106
-0.07458299557
-0.05455790263
-0.04434475477
-0.04105768823
-0.04280483888
-0.04806596382
-0.05538879702
-0.06319645572
-0.06964629698
-0.07251879989
-0.06906837296
-0.05651621492
-0.03104571025
0.01149009638
0.07488409944
0.1655829231
0.2753363773
0.4369235825
-0.3975612914
-0.137438047
-0.07463949402
-0.04697705599
-0.03342409739
-0.02966728661
-0.03206515666
-0.03812692648
-0.04609587901
-0.05430382458
-0.06088485254
-0.06362707014
-0.05995854915
-0.04641467931
-0.0186793347
0.02960601378
0.1063435842
0.2326831181
0.4191123539
0.7792829453
)


// ************************************************************************* //
