/*--------------------------------*- C++ -*----------------------------------*\
  =========                 |
  \\      /  F ield         | OpenFOAM: The Open Source CFD Toolbox
   \\    /   O peration     | Website:  https://openfoam.org
    \\  /    A nd           | Version:  13
     \\/     M anipulation  |
\*---------------------------------------------------------------------------*/
FoamFile
{
    format      ascii;
    class       vectorField;
    location    "42.25";
    object      U_all;
}
// * * * * * * * * * * * * * * * * * * * * * * * * * * * * * * * * * * * * * //


400
(
(1.100563511e-05 -3.783201048e-05 0)
(-0.0006660955708 0.0004130427485 -1.551231654e-23)
(-0.002185374525 0.0009203936624 0)
(-0.004047832825 0.001312780918 0)
(-0.005971868703 0.001535065872 6.845473468e-25)
(-0.007762783802 0.001569848108 4.150549974e-24)
(-0.009284545424 0.001423563955 -7.373013407e-24)
(-0.01043594111 0.001119723622 7.531099659e-24)
(-0.01113681395 0.0006960828692 -2.095286603e-25)
(-0.01132711145 0.0002030778662 -3.994575274e-24)
(-0.01097177314 -0.0003002333365 5.803538852e-24)
(-0.01007232869 -0.0007475162351 -5.929583106e-23)
(-0.008679880711 -0.001075562648 -6.552726147e-23)
(-0.00690285313 -0.001233044404 -7.784359875e-23)
(-0.004910737513 -0.001192638588 4.57358797e-24)
(-0.002927230564 -0.0009619205087 -4.13792129e-24)
(-0.001205297142 -0.0005912117112 -1.998753757e-22)
(-1.90663548e-05 -0.000169882893 0)
(0.0005181553919 0.0001720857019 1.509899367e-25)
(0.0002227521834 0.0003059781621 -2.557166827e-24)
(-0.0002633629271 0.000828969803 1.383033246e-25)
(-0.002703305379 0.003383842156 1.561026705e-23)
(-0.006907276973 0.005604501435 1.555230743e-25)
(-0.0119523197 0.007008207419 -8.496017179e-25)
(-0.01713504426 0.00755377605 1.162220653e-24)
(-0.02197535454 0.007294200279 1.306873862e-23)
(-0.02611076148 0.006321895227 1.388315962e-24)
(-0.0292656482 0.004754194045 -7.282794859e-24)
(-0.0312267308 0.002737152257 1.015306615e-23)
(-0.03184201011 0.000452406065 4.509909307e-24)
(-0.03102761443 -0.001884144428 -6.31880103e-24)
(-0.02879316642 -0.00402302895 2.961844329e-24)
(-0.02527138418 -0.005708353784 3.895582726e-23)
(-0.0207319496 -0.006707409083 -1.954774717e-24)
(-0.01558962669 -0.006854140463 3.754487727e-24)
(-0.01038513313 -0.006097465595 -9.740893288e-23)
(-0.005730269936 -0.004546188544 9.637651885e-23)
(-0.002233364175 -0.002507421242 -3.961385854e-25)
(-0.0001817742034 -0.0005023741989 4.061293647e-25)
(8.343556449e-05 0.00060992376 0)
(-0.0004188232652 0.002935079902 -2.910441169e-25)
(-0.004647874933 0.008804015638 1.702061881e-23)
(-0.01137196106 0.01324042479 -8.282656749e-24)
(-0.01932729181 0.01579204187 -2.075414759e-25)
(-0.02747411748 0.01653000083 2.038878229e-25)
(-0.03511778826 0.01564441693 6.790630148e-27)
(-0.04171344805 0.01335997613 -1.220824998e-24)
(-0.0468357173 0.009919771236 -4.551253789e-25)
(-0.05014988948 0.005602433428 -1.063128686e-23)
(-0.05141231929 0.0007444206131 0)
(-0.05047793276 -0.004241780412 0)
(-0.04733706299 -0.008887186877 2.670990449e-23)
(-0.04215927969 -0.01268176916 2.813007864e-23)
(-0.03531437524 -0.01513605163 -1.646150291e-24)
(-0.02738996339 -0.015861896 4.845806379e-23)
(-0.0191700586 -0.01467334294 9.419196576e-23)
(-0.01156090554 -0.01169360594 3.975502355e-23)
(-0.005465409236 -0.007450745825 4.141700914e-25)
(-0.001451097947 -0.002936046519 1.073760535e-25)
(-9.072679757e-05 0.0002258746491 0)
(-0.0005024630863 0.006045350399 -4.248962146e-23)
(-0.006402740039 0.01637075609 -1.69228314e-23)
(-0.01553502498 0.02355933655 8.209482327e-24)
(-0.02627912144 0.02744162719 0)
(-0.03728746841 0.02832102281 0)
(-0.04769037534 0.0265877261 0)
(-0.05679663055 0.0226312037 -4.465904809e-26)
(-0.06405384056 0.01683609291 -2.136841542e-24)
(-0.0690108154 0.009622183616 0)
(-0.07130827905 0.001491049799 1.635445313e-24)
(-0.07070853541 -0.006936503979 2.802815959e-25)
(-0.06713039466 -0.01493018849 -2.810663792e-25)
(-0.06069905717 -0.02166728167 0)
(-0.05180750698 -0.02631605772 4.133292148e-23)
(-0.04114991828 -0.02816070902 -4.681520405e-23)
(-0.02971970271 -0.02677372285 -2.761843125e-23)
(-0.01873716573 -0.02221530612 -3.960647143e-23)
(-0.009488026418 -0.0152192234 7.795725785e-25)
(-0.002976878705 -0.007298196753 9.790373285e-23)
(-0.0002318793472 -0.0008661696916 0)
(-0.0005316133136 0.01009501645 4.269622878e-23)
(-0.00798359306 0.02595219628 4.785397007e-25)
(-0.0193968752 0.03642882912 -4.676099673e-25)
(-0.03282382517 0.04185520814 0)
(-0.04664689089 0.04289485353 7.782659849e-25)
(-0.0598522977 0.04020074153 -7.674750663e-25)
(-0.07163291484 0.0343474175 3.672211187e-23)
(-0.08132751334 0.02585664116 1.848187288e-23)
(-0.08836601119 0.01527298342 6.238840687e-24)
(-0.09225469528 0.003246146939 -1.637350629e-24)
(-0.09260379744 -0.009407832477 0)
(-0.08917555495 -0.02167478012 4.370747746e-25)
(-0.08195979313 -0.03236745037 1.009060722e-23)
(-0.07126885578 -0.04021250113 -4.349326941e-23)
(-0.05782018973 -0.04402046303 1.932891529e-24)
(-0.04278583051 -0.04294829326 4.217140766e-23)
(-0.02775450297 -0.03683346917 -3.841498099e-25)
(-0.01455062201 -0.02652721014 0)
(-0.004859461506 -0.01408454584 5.436556199e-23)
(-0.0003641480743 -0.002846954107 -2.565074631e-22)
(-0.0005272213024 0.0149992776 9.841385925e-23)
(-0.00937792582 0.03739022376 -4.907621724e-25)
(-0.02288182831 0.05170223097 0)
(-0.03883043578 0.05894183215 0)
(-0.05538656838 0.06025574712 -8.732108992e-23)
(-0.07142876768 0.05661901141 -8.499052075e-23)
(-0.08606654278 0.04880168826 -4.067460222e-23)
(-0.09855086129 0.03743980533 -1.50434846e-23)
(-0.108194532 0.02315983952 -5.368888005e-24)
(-0.1143444731 0.006709679084 -8.174972149e-24)
(-0.1164046205 -0.01093292161 6.601072643e-24)
(-0.1138937397 -0.0284894503 8.826500799e-24)
(-0.1065486983 -0.04437046219 -1.892316904e-23)
(-0.09446804162 -0.05675333701 4.606358122e-24)
(-0.07826857043 -0.0637829857 0)
(-0.05922895536 -0.06393495308 -1.572846376e-23)
(-0.0393398192 -0.05653816182 -2.429160182e-26)
(-0.02114188771 -0.0423580907 0)
(-0.007318702338 -0.02398229417 -1.520649411e-22)
(-0.0005216163763 -0.005925545042 6.056265091e-22)
(-0.0004990821706 0.02064574559 -9.774339575e-23)
(-0.01052951027 0.050454382 2.831971397e-22)
(-0.02582957523 0.06912511773 1.526854263e-22)
(-0.04402138381 0.07849257993 3.619275574e-24)
(-0.06310739244 0.08029476492 -7.319333066e-23)
(-0.0819040516 0.07588042979 9.043505049e-23)
(-0.09947763768 0.06621690731 -3.590207513e-24)
(-0.1150227385 0.05201695061 -1.729166172e-24)
(-0.1277519183 0.03392358455 2.524155714e-24)
(-0.1368472597 0.01270233144 7.382608267e-24)
(-0.1414710511 -0.01058782369 -6.500824878e-24)
(-0.1408248171 -0.03446024404 -9.787903756e-24)
(-0.1342745964 -0.05692771728 -3.261749608e-23)
(-0.1215450245 -0.07553316209 -3.661294658e-23)
(-0.1029672668 -0.0875426051 5.645558565e-25)
(-0.07976370005 -0.0903920957 0)
(-0.05426682539 -0.08244513637 0)
(-0.02987160954 -0.06397736777 -2.906061039e-24)
(-0.01066285141 -0.03798794682 2.970510208e-24)
(-0.0007350936585 -0.0105008947 1.027871593e-22)
(-0.0004479163937 0.02687251109 0)
(-0.01134923249 0.06480757516 2.001990502e-22)
(-0.02801599734 0.08829617263 8.962082411e-23)
(-0.04799857404 0.100123495 0)
(-0.06920602061 0.1027076558 1.569882068e-22)
(-0.09044373288 0.09781578684 0)
(-0.1107831694 0.08661103097 -1.428387766e-22)
(-0.129409378 0.06983950402 6.515560249e-24)
(-0.1454771649 0.04808232207 0)
(-0.158035182 0.02201755546 0)
(-0.1660133455 -0.00733444033 -1.37441058e-24)
(-0.1682671554 -0.03838839811 -9.316714045e-25)
(-0.1637064697 -0.0688397594 1.49197416e-22)
(-0.1515208768 -0.09558275818 -4.704655197e-23)
(-0.1315134566 -0.1148298661 -2.560943497e-24)
(-0.1045596087 -0.1225703409 1.534709105e-24)
(-0.07309349973 -0.1155517962 -1.558918012e-24)
(-0.04135021533 -0.0928311553 0)
(-0.01525230291 -0.05740767613 3.20381062e-24)
(-0.001044309102 -0.01714714463 -1.012913898e-21)
(-0.0003744665129 0.03346304478 0)
(-0.01175006071 0.07998918701 -1.128290251e-22)
(-0.0292070795 0.1086390942 -6.191148955e-22)
(-0.05031745055 0.1232233991 -3.755306169e-22)
(-0.07296317491 0.1269097036 0)
(-0.09598960288 0.1219255644 4.119452065e-22)
(-0.11852735 0.1096348649 1.260924494e-22)
(-0.1398146442 0.09078245923 -5.581838624e-24)
(-0.1590221574 0.06581393196 5.554211519e-24)
(-0.1751461022 0.035208811 0)
(-0.1869559996 -0.0001967474814 2.912134375e-23)
(-0.1930172655 -0.03889754405 4.695841273e-24)
(-0.191780992 -0.07843888619 -1.076807331e-22)
(-0.1817874444 -0.1151865387 8.004182555e-23)
(-0.1620570446 -0.1442599472 -2.419744129e-22)
(-0.1327062011 -0.1598548633 0)
(-0.09577888241 -0.1563112888 0)
(-0.05601633104 -0.1302981084 0)
(-0.02147859152 -0.083811351 0)
(-0.001500384615 -0.02665516291 5.572114693e-22)
(-0.0002873901033 0.04016077716 0)
(-0.01169359636 0.09543611497 -3.493017105e-22)
(-0.02924438298 0.1294073624 8.932802563e-22)
(-0.05060947278 0.1469299165 3.617178441e-22)
(-0.07370082637 0.1519748672 0)
(-0.09745151153 0.1472757964 -3.862550145e-22)
(-0.1211069846 0.1344191954 -3.174427471e-23)
(-0.1440324802 0.1141393325 3.333103141e-22)
(-0.1655143255 0.08670006678 1.769474799e-22)
(-0.1846248538 0.05229123548 -4.060154246e-23)
(-0.2001325822 0.01141716223 1.656821525e-23)
(-0.2104622448 -0.03471424149 -8.265256582e-24)
(-0.213720853 -0.08376563641 3.371860861e-22)
(-0.20782155 -0.1318756353 0)
(-0.1908238537 -0.1732756142 2.420913154e-22)
(-0.161633574 -0.2002593398 5.774772303e-24)
(-0.1211662692 -0.204012171 -5.860891237e-24)
(-0.07384989811 -0.1772119956 1.548446393e-22)
(-0.02971786831 -0.1188642326 -5.435454347e-24)
(-0.002179545133 -0.04005398737 0)
(-0.0002117200301 0.04671639999 0)
(-0.01125001107 0.1105498125 0)
(-0.02815624466 0.1497354999 -5.022758558e-22)
(-0.04874479277 0.1701517598 -1.880998403e-23)
(-0.07100086584 0.1766257143 2.038377972e-23)
(-0.09399451454 0.1724526512 -2.014310478e-23)
(-0.1171434301 0.1594870991 -2.316881903e-23)
(-0.1400179511 0.1384805088 -3.029821955e-22)
(-0.16213289 0.1095160723 6.698605944e-23)
(-0.1827959045 0.07245187056 4.513180385e-23)
(-0.200983556 0.02734928939 -4.577724436e-23)
(-0.2152270262 -0.02508697675 0)
(-0.2235562209 -0.08298351296 -7.839696942e-23)
(-0.2234632193 -0.1427257328 0)
(-0.2120679429 -0.1981820879 -3.739563542e-22)
(-0.1867434548 -0.2400773696 5.244955541e-22)
(-0.1464438304 -0.2560773413 0)
(-0.09394567727 -0.2331209505 -1.493992544e-22)
(-0.04022000992 -0.163961366 1.937549507e-22)
(-0.003201100257 -0.05861063142 -3.411529032e-22)
(-0.0002015409747 0.05297585099 0)
(-0.01067261909 0.1248172388 9.182869615e-22)
(-0.02628446708 0.1687424578 -2.440685514e-23)
(-0.04501107797 0.1916455134 9.193343065e-22)
(-0.06494597445 0.1992921048 -2.512087274e-23)
(-0.08536628478 0.1956104315 2.838843579e-23)
(-0.1059305647 0.1827886844 -2.812929646e-23)
(-0.1264924191 0.1616583512 -1.660917362e-23)
(-0.1468996854 0.1321762306 -5.260227752e-22)
(-0.1668458165 0.09389646717 -8.906626715e-24)
(-0.185730303 0.04640576399 9.660197708e-24)
(-0.2024781689 -0.01023784643 3.313078074e-22)
(-0.2154154615 -0.07499820247 -5.820741827e-22)
(-0.2220209716 -0.1450311833 0)
(-0.2188032104 -0.2146760615 8.887326067e-22)
(-0.2016257525 -0.2740016422 -4.940888085e-22)
(-0.1668639193 -0.3075811957 -1.572223487e-23)
(-0.1140220094 -0.2953811912 0)
(-0.05288482016 -0.2195802578 -1.890183224e-22)
(-0.004749188152 -0.08377277947 3.360586825e-22)
(-0.0003641986124 0.05902317771 1.551010434e-23)
(-0.01049573995 0.1379881501 -8.764197186e-22)
(-0.02441389598 0.1856804099 -1.157059511e-21)
(-0.04026724439 0.2101384745 -8.628991767e-22)
(-0.05630729558 0.2182348905 0)
(-0.07214856471 0.2146190265 3.513805682e-23)
(-0.08779221554 0.2018791954 -7.294866531e-23)
(-0.1034562789 0.1810005611 5.867883799e-23)
(-0.1193983876 0.1518997246 3.021366051e-22)
(-0.1357931553 0.1139150576 -1.128195526e-23)
(-0.1526082329 0.06621425039 0)
(-0.1694521385 0.008177204377 -3.603930212e-22)
(-0.1852760608 -0.06015987607 7.515669158e-22)
(-0.1980448527 -0.1372747004 8.831704895e-22)
(-0.2043546273 -0.2189261882 -5.296628491e-22)
(-0.199097762 -0.2959712909 5.162690359e-22)
(-0.1760605335 -0.3514072586 1.078233023e-23)
(-0.1300890634 -0.3584150782 -1.095548065e-23)
(-0.06688803311 -0.2843276509 -8.215334172e-23)
(-0.007083319935 -0.1169964416 0)
(-0.0009095777712 0.06540041562 -1.911486859e-23)
(-0.01167591784 0.150281641 -1.326965611e-21)
(-0.02388882145 0.2000659556 1.094237878e-21)
(-0.03601340443 0.2244216961 6.734932987e-22)
(-0.04657308698 0.2316588238 6.014634432e-22)
(-0.05577038415 0.2272393691 6.643959258e-22)
(-0.06411245653 0.2141774872 -4.458677914e-23)
(-0.07227561566 0.1936494379 -3.461337471e-22)
(-0.08096972901 0.1656028317 2.152162441e-22)
(-0.09087192304 0.1292707356 0)
(-0.1025547454 0.08353082496 0)
(-0.1163622161 0.02720010757 2.655396821e-22)
(-0.1321589565 -0.04062005971 8.194325386e-23)
(-0.1489252325 -0.1200128303 -2.821623838e-22)
(-0.1641284288 -0.2089300684 -5.411271899e-23)
(-0.1727877626 -0.30069925 1.301951854e-22)
(-0.167031131 -0.3793329095 -3.400504794e-22)
(-0.1365292442 -0.4136451963 -1.593851025e-23)
(-0.08018250149 -0.3538326197 8.204106828e-23)
(-0.01050762294 -0.1594130565 -6.032162718e-22)
(-0.002260498658 0.07348883529 0)
(-0.01580355734 0.1626521771 2.145874553e-21)
(-0.0266504268 0.2117904735 0)
(-0.03422339674 0.2333947268 -1.351808343e-21)
(-0.03759398522 0.2377766821 6.184047925e-23)
(-0.03799685251 0.2312553517 -6.19309675e-22)
(-0.03668265897 0.2171899003 -4.7562855e-22)
(-0.03489036342 0.1968934485 8.301256033e-22)
(-0.03378837932 0.1703342378 -1.885698006e-22)
(-0.03449876482 0.1367221073 0)
(-0.03811572782 0.09479673622 0)
(-0.04564992524 0.04304286606 2.41061831e-23)
(-0.05790804417 -0.02013781187 -6.007198458e-22)
(-0.07514598673 -0.09620650152 -4.309567081e-22)
(-0.09645175116 -0.1855556165 4.637862736e-22)
(-0.1183462628 -0.2853567763 -6.488735471e-22)
(-0.1332715391 -0.3838386526 9.119945987e-23)
(-0.1265350993 -0.4504358705 2.937336623e-23)
(-0.08899154101 -0.4198536367 5.66044583e-22)
(-0.01526917932 -0.2111719726 6.020795454e-22)
(-0.005180899822 0.08598045951 0)
(-0.02525550792 0.1766291188 1.465579271e-22)
(-0.0348340809 0.2205961551 -4.91714455e-23)
(-0.03640013967 0.2354859346 7.642931692e-22)
(-0.03018483126 0.2343406748 -7.005379542e-22)
(-0.01916579498 0.2241603876 4.746481858e-23)
(-0.00561515073 0.2083525837 -1.018610106e-22)
(0.008569607434 0.1881241081 -3.389889084e-22)
(0.0217988614 0.1633911265 2.062823156e-22)
(0.03262781424 0.133324273 0)
(0.03958458493 0.09664086188 0)
(0.04117013179 0.05174056471 -2.902667684e-22)
(0.03578483736 -0.003255397382 0)
(0.02198184598 -0.07058360784 -5.512187261e-22)
(-0.001264846792 -0.15257355 -1.492376028e-23)
(-0.03310469939 -0.250594984 2.559740432e-23)
(-0.06909235861 -0.3599341508 2.203141694e-22)
(-0.0922782703 -0.4575424519 4.788096108e-24)
(-0.08718089933 -0.4698129407 -5.78941439e-22)
(-0.02103127149 -0.269897229 0)
(-0.01111631584 0.108597497 0)
(-0.04248901935 0.1947151669 -8.848477741e-22)
(-0.04795529006 0.2258195507 -5.411039055e-22)
(-0.03919536033 0.2282135554 4.543816009e-22)
(-0.01877830395 0.2182328134 -1.709977868e-24)
(0.007664312772 0.2028220353 -4.561049697e-23)
(0.03667993284 0.1847619767 5.696682976e-22)
(0.06582998483 0.1647118215 -2.766891039e-23)
(0.09327130803 0.142312818 -2.069782024e-22)
(0.1173891599 0.1166274943 3.142213911e-23)
(0.1365461678 0.08641143947 -3.425917454e-23)
(0.1489669257 0.05017669096 -3.690594354e-23)
(0.152527577 0.006159167637 3.205633667e-22)
(0.144936702 -0.04796126955 6.119606433e-22)
(0.1235159781 -0.1153052902 -5.101171707e-22)
(0.08633533348 -0.2004195642 -1.616058007e-22)
(0.03199089217 -0.3067806585 1.531308352e-22)
(-0.02362123207 -0.4239837139 7.29365385e-23)
(-0.06492413074 -0.4871612783 1.913291826e-21)
(-0.02509971707 -0.3291544739 2.954991709e-21)
(-0.02004680507 0.1460727397 -4.390207642e-23)
(-0.06416406277 0.2112955847 4.417380393e-23)
(-0.05070230574 0.2177300479 1.000188484e-21)
(-0.0193409738 0.2014679987 -8.27056036e-24)
(0.02414464879 0.1809076183 0)
(0.07154121982 0.1606933353 4.363722276e-23)
(0.1190703396 0.1416495499 -2.273852191e-22)
(0.1644767322 0.1233181829 -9.027957274e-23)
(0.2062251148 0.1048117302 3.680734588e-23)
(0.2429643013 0.08507140174 -1.701655239e-23)
(0.273220757 0.06296147764 3.429970763e-23)
(0.29525361 0.03726293903 -6.592681288e-23)
(0.3066971052 0.006535068896 -9.303907068e-23)
(0.3049738305 -0.03087769985 1.517044102e-22)
(0.2863936242 -0.07786290918 0)
(0.2470568079 -0.1399300365 1.50561098e-22)
(0.1810922231 -0.2266299749 2.560014054e-22)
(0.0960445021 -0.3443894944 0)
(-0.006697616075 -0.4552210215 -3.675635178e-21)
(-0.01922408206 -0.3777537585 -2.892621174e-21)
(-0.02591951355 0.2276828792 -9.514205034e-22)
(-0.03998324584 0.2238216523 -1.388976557e-22)
(0.03656136986 0.1810585362 -2.335581494e-22)
(0.109050305 0.1451059096 -1.193741932e-22)
(0.1817191196 0.1172445501 -4.295825596e-23)
(0.2490090733 0.096279077 9.783179625e-23)
(0.3100336701 0.08002510494 -1.408592023e-22)
(0.3646209331 0.06656815418 1.297175353e-22)
(0.4126252492 0.05449178971 -8.620120757e-23)
(0.4536250298 0.04270894998 1.132196066e-25)
(0.4867878723 0.03032298477 1.527741751e-23)
(0.5107451364 0.016529019 7.99720519e-23)
(0.5236597455 0.0005365146432 -1.811123904e-22)
(0.5231798012 -0.01863373231 -1.617146279e-22)
(0.5052323418 -0.04286478944 -4.262953551e-23)
(0.465871508 -0.07633231175 0)
(0.3952696496 -0.1286089383 -1.84647784e-22)
(0.2916071047 -0.2208468097 8.148763899e-22)
(0.1197455105 -0.3525016902 1.631601665e-21)
(0.02670547256 -0.3775497978 2.172655955e-21)
(0.2142894471 0.1347447203 9.864990012e-22)
(0.2776311191 0.09870503566 0)
(0.4316592296 0.05810414836 -2.594320979e-22)
(0.5304749351 0.03846264971 -1.741666474e-22)
(0.6016965755 0.02623419138 0)
(0.6571198963 0.01831923501 -6.009090836e-23)
(0.7015213607 0.01313600873 6.378000537e-23)
(0.7376042505 0.009542126594 -1.800156191e-23)
(0.7669368421 0.006804463812 2.885973816e-23)
(0.7902106689 0.004464744035 2.315032955e-23)
(0.8074555013 0.002221319914 0)
(0.8182621357 -0.0001500749786 -2.873032836e-23)
(0.8216499716 -0.002723848324 0)
(0.8162394196 -0.005712668684 2.738150574e-23)
(0.7991333147 -0.009611382844 1.421691615e-23)
(0.7679986344 -0.01500255105 -5.799404113e-23)
(0.7106555754 -0.02502519951 -2.535661205e-22)
(0.623518398 -0.04204285405 -6.918102128e-22)
(0.423009102 -0.09182968078 0)
(0.2705674689 -0.1524021841 -2.119483818e-21)
)


// ************************************************************************* //
