/*--------------------------------*- C++ -*----------------------------------*\
  =========                 |
  \\      /  F ield         | OpenFOAM: The Open Source CFD Toolbox
   \\    /   O peration     | Website:  https://openfoam.org
    \\  /    A nd           | Version:  13
     \\/     M anipulation  |
\*---------------------------------------------------------------------------*/
FoamFile
{
    format      ascii;
    class       vectorField;
    location    "3.91";
    object      U_all;
}
// * * * * * * * * * * * * * * * * * * * * * * * * * * * * * * * * * * * * * //


400
(
(-2.268486155e-05 1.827291437e-05 0)
(-0.0006184529427 0.0003736035156 -1.001157908e-23)
(-0.001814041194 0.0007504632078 0)
(-0.003248636791 0.001036364721 0)
(-0.004715309406 0.001194934314 7.440941052e-26)
(-0.006083570735 0.001215324941 3.476132565e-24)
(-0.007264778925 0.001103556454 1.506605072e-23)
(-0.008195027226 0.0008764095615 3.199687167e-23)
(-0.008823364626 0.0005589937629 -4.326463285e-25)
(-0.009107682065 0.0001836478384 -7.565770888e-24)
(-0.009016352439 -0.0002107568662 1.005943039e-23)
(-0.008533999244 -0.0005804632645 -9.712828892e-23)
(-0.007670295235 -0.0008796468782 -1.104161371e-22)
(-0.006469852193 -0.001065972894 -1.294997478e-22)
(-0.00502053865 -0.001108153353 8.303138139e-24)
(-0.003457638594 -0.0009949985313 -8.547582917e-24)
(-0.001960365275 -0.000744004641 -5.326900033e-22)
(-0.000743970808 -0.0004034716933 0)
(3.141987637e-05 -6.299844866e-05 1.812177417e-24)
(0.0001121174241 0.0001483126262 -2.208644714e-22)
(-0.0002085343726 0.0007506024081 9.003276695e-26)
(-0.002096162473 0.002686548047 1.009714938e-23)
(-0.005235163982 0.004290395381 7.819252014e-26)
(-0.008965762784 0.005286653895 -1.251057546e-25)
(-0.01278596593 0.005670296333 -3.287080471e-26)
(-0.01637224127 0.005489838493 -6.280587646e-24)
(-0.01948808801 0.004814503504 2.116961944e-23)
(-0.02195793259 0.003723600925 -3.116959146e-23)
(-0.02364383817 0.002307698466 2.358236966e-23)
(-0.02443579851 0.0006740449538 8.616147723e-24)
(-0.02425482535 -0.001048161546 -1.096806933e-23)
(-0.02306554162 -0.00270608985 6.498305458e-25)
(-0.02089643051 -0.004127918714 6.025124921e-23)
(-0.017862948 -0.005137569895 -3.867793167e-24)
(-0.0141860204 -0.005579372317 7.929779785e-24)
(-0.01019928534 -0.005352313374 -2.634999763e-22)
(-0.006334429702 -0.004449561648 2.732313637e-22)
(-0.003078149659 -0.002998220205 -3.655375306e-24)
(-0.0008286710111 -0.001298820263 3.747538005e-24)
(-2.750306102e-05 4.543443086e-05 0)
(-0.0002914506795 0.002317229848 -1.627843535e-25)
(-0.0033599866 0.006625050332 4.530208991e-24)
(-0.008181642094 0.00977598282 -8.564490312e-24)
(-0.01387518546 0.01156660223 3.600000774e-26)
(-0.01971377852 0.01209319092 -3.53671688e-26)
(-0.02522976493 0.01151053218 5.336028479e-25)
(-0.03006626809 0.009982239349 -2.031104009e-23)
(-0.03394982043 0.007668428637 -1.786528213e-24)
(-0.03666126162 0.004735239363 -2.471336194e-23)
(-0.03802325292 0.001372547171 0)
(-0.03790476574 -0.002188751821 0)
(-0.03623976606 -0.005666408555 4.921608519e-23)
(-0.03305793182 -0.008729172928 5.265005049e-23)
(-0.0285197626 -0.01101982453 -3.721134613e-24)
(-0.02294543526 -0.01219992523 1.25746866e-22)
(-0.01682620667 -0.01201836691 2.554371065e-22)
(-0.01080128681 -0.01039726804 2.350646693e-22)
(-0.005585833338 -0.007523948913 7.061758936e-24)
(-0.001812183077 -0.003933896927 -3.429033132e-24)
(-0.0001302971941 -0.0006589076686 0)
(-0.0003231430576 0.004512757613 -1.229332015e-23)
(-0.00443573439 0.01192286512 -4.319161252e-24)
(-0.01079577446 0.01697877498 8.414575823e-24)
(-0.01829886972 0.0196969217 0)
(-0.02601806407 0.02034887889 0)
(-0.03336715689 0.01923773235 0)
(-0.03989163163 0.01664411775 -7.625832159e-25)
(-0.04523427521 0.01281872816 1.326018204e-23)
(-0.04909783586 0.008005565431 0)
(-0.05122892915 0.002477962535 6.980970285e-24)
(-0.0514239284 -0.003425007565 6.522924411e-25)
(-0.04955385791 -0.009273763437 -6.54119814e-25)
(-0.04560841954 -0.01454097583 0)
(-0.03974919744 -0.01863161843 1.142720706e-22)
(-0.03235755948 -0.02095075263 -1.220412346e-22)
(-0.02406255954 -0.02101845146 -1.257007457e-22)
(-0.01572133973 -0.01862294601 -2.383279031e-22)
(-0.008326014675 -0.01398691668 4.76353663e-25)
(-0.002832157835 -0.007900606094 -1.679741116e-22)
(-0.0002035151059 -0.001858652519 0)
(-0.0003287216874 0.007280477685 1.237498374e-23)
(-0.005418427357 0.01848166159 5.762508331e-25)
(-0.01324803336 0.02581362846 -5.630884273e-25)
(-0.02250510493 0.02962363925 0)
(-0.03208446265 0.0304348639 3.138645891e-25)
(-0.04130097184 0.02873922522 -3.095113648e-25)
(-0.04962247864 0.02494943332 5.929463165e-24)
(-0.05662069244 0.01940470776 -1.678170609e-23)
(-0.06192029766 0.01241470687 -6.598629535e-24)
(-0.06517550383 0.004321492171 -6.989099554e-24)
(-0.06607616127 -0.004435984134 0)
(-0.06437818162 -0.01327369993 1.458799624e-24)
(-0.05996576946 -0.02143313658 5.070261646e-23)
(-0.05293392634 -0.02801324536 -1.213793061e-22)
(-0.04367091742 -0.03206010545 7.457375691e-24)
(-0.03292553961 -0.03274133012 2.443917497e-22)
(-0.0218129689 -0.02959617494 -3.73955171e-24)
(-0.01170916726 -0.02281726519 0)
(-0.004052527232 -0.01346624953 2.442652478e-23)
(-0.000268461706 -0.003617293171 7.396592463e-23)
(-0.0003283345621 0.01059862859 9.968005749e-23)
(-0.006371887884 0.0262770604 -5.513193659e-25)
(-0.01564695377 0.03628612525 0)
(-0.02665953893 0.04139871145 0)
(-0.03814732935 0.0424665115 -5.897676746e-23)
(-0.04934961745 0.04021142372 -4.781273179e-23)
(-0.05967926461 0.03518853056 -6.555723235e-24)
(-0.06865214566 0.02781192154 4.696249057e-24)
(-0.07581588402 0.01842702895 6.086065807e-24)
(-0.08071308751 0.007407923719 2.186029714e-24)
(-0.08288503545 -0.004738549328 -5.434226538e-24)
(-0.08190322999 -0.01728816649 -1.516562128e-23)
(-0.07745511501 -0.02922299992 -6.246930632e-24)
(-0.06946996193 -0.03925658583 -1.049019967e-22)
(-0.05825498118 -0.04593349519 0)
(-0.04463664635 -0.04787327282 -1.26243152e-22)
(-0.03002967774 -0.04415953729 3.760505318e-24)
(-0.01634170172 -0.03481274157 0)
(-0.005741485841 -0.02117128706 1.465056533e-22)
(-0.000359440241 -0.00610425266 -1.017047238e-22)
(-0.0003305794044 0.01446401007 -9.894683343e-23)
(-0.007321724351 0.03530816717 2.32027161e-22)
(-0.01803364333 0.04841385961 1.2066788e-22)
(-0.03081610951 0.05508189736 2.605621218e-24)
(-0.04427421457 0.05657183223 -5.102359914e-23)
(-0.05760215077 0.05387801703 5.04811071e-23)
(-0.07018783523 0.04770393074 -1.897964976e-24)
(-0.08151451262 0.03851283627 -4.581260051e-25)
(-0.09106156008 0.02663565753 5.285479964e-25)
(-0.09824709287 0.01241279609 -2.261199795e-24)
(-0.1024253755 -0.003648522141 4.939164814e-24)
(-0.1029055238 -0.02071008436 1.667780516e-23)
(-0.09906608753 -0.0375130889 -1.753485576e-23)
(-0.09053915708 -0.05230570083 1.541982282e-22)
(-0.07741153494 -0.06295285243 -3.396845561e-24)
(-0.06048585971 -0.0672428885 0)
(-0.04147408347 -0.06345980229 0)
(-0.02297311975 -0.05116472059 2.336611955e-24)
(-0.008237867799 -0.03190968373 -2.388384602e-24)
(-0.0005072379381 -0.009656769576 5.371310073e-23)
(-0.0003372831876 0.01887581206 0)
(-0.008260641833 0.04556595388 1.46787847e-22)
(-0.02037947111 0.06219134342 6.527867472e-23)
(-0.0349070778 0.07069564075 0)
(-0.05034336566 0.0728339159 1.074604012e-22)
(-0.06587418798 0.06992044907 0)
(-0.08090156458 0.06281217127 -7.972754665e-23)
(-0.09491156269 0.05198702823 3.22886492e-24)
(-0.1073407908 0.03769334589 0)
(-0.1174906417 0.02014588312 0)
(-0.1244855985 -0.0002483566897 -8.428545119e-26)
(-0.127329323 -0.02264225946 4.255714616e-25)
(-0.1250007764 -0.04556880746 -3.024939997e-23)
(-0.1166579461 -0.06677184595 -2.412556324e-23)
(-0.1019751631 -0.08325703426 2.736120463e-24)
(-0.08153453738 -0.09162302888 -3.67838017e-24)
(-0.05722971184 -0.08883343052 3.736370114e-24)
(-0.03243875668 -0.07345152005 0)
(-0.01195150828 -0.04698289809 -1.351421203e-25)
(-0.0007474517152 -0.01481512015 -1.095366324e-22)
(-0.0003492307913 0.02382117537 0)
(-0.009162957251 0.05700455026 -9.425300803e-23)
(-0.02260238385 0.07754735101 -4.717992312e-22)
(-0.03875559118 0.08816354211 -2.751578867e-22)
(-0.05604275547 0.09120608693 0)
(-0.07368070609 0.08836708635 2.654723811e-22)
(-0.09113117795 0.08066690232 7.031611184e-23)
(-0.1079306823 0.06856217994 -2.711543004e-24)
(-0.1235176219 0.05214107889 2.6981257e-24)
(-0.1371120688 0.03138061402 0)
(-0.1476478171 0.006451698881 1.159269264e-23)
(-0.1537954817 -0.02194950246 8.874109844e-25)
(-0.1540603963 -0.05224683902 1.184961279e-25)
(-0.1470101971 -0.08172499509 -2.172357583e-23)
(-0.1316734382 -0.1064158857 1.988449924e-23)
(-0.1080974938 -0.1213591611 0)
(-0.07804199506 -0.1215050297 0)
(-0.04554597253 -0.1035024477 0)
(-0.01736738633 -0.06811292607 0)
(-0.001130311879 -0.02236706272 8.341218126e-23)
(-0.0003711822882 0.02927176691 0)
(-0.0100094457 0.06952551529 -2.681929914e-22)
(-0.02460569777 0.09430855512 6.771311508e-22)
(-0.04212033577 0.1072458705 2.648791589e-22)
(-0.06091051776 0.1114126584 0)
(-0.08026130516 0.1089531936 -2.49574149e-22)
(-0.09974139123 0.1010737854 -1.921463779e-23)
(-0.1189946372 0.08818399604 1.956828982e-22)
(-0.1375294071 0.07014130679 9.771758532e-23)
(-0.1545646529 0.04657115943 -2.123743865e-23)
(-0.1689300033 0.01725320609 1.086310008e-23)
(-0.1790435615 -0.01743721696 -3.012396258e-24)
(-0.1829799492 -0.05603512708 1.397469703e-22)
(-0.1786699574 -0.09553622687 0)
(-0.1642985937 -0.1310496563 -1.989400829e-23)
(-0.1389799095 -0.1558167311 -2.31175154e-24)
(-0.1037657795 -0.1620209307 2.346182911e-24)
(-0.06282419142 -0.1430320988 -1.080658072e-22)
(-0.02502693549 -0.09736195287 2.252898871e-24)
(-0.001735339599 -0.03339899045 0)
(-0.0004193209832 0.03520043613 0)
(-0.01082923114 0.08298675037 0)
(-0.02634643284 0.112181796 -3.810485901e-22)
(-0.04478271517 0.1274850825 -1.411627951e-23)
(-0.06443427384 0.1328514332 1.411727278e-23)
(-0.08468782562 0.1309736537 -1.395055818e-23)
(-0.1052625559 0.1232863188 -1.436303822e-23)
(-0.1259688489 0.1101507601 -1.767781856e-22)
(-0.1464707548 0.09115484329 4.938786144e-23)
(-0.1661098933 0.06549275322 2.350167171e-23)
(-0.1837768524 0.03242213763 -2.249569769e-23)
(-0.1978363921 -0.00819937406 0)
(-0.2061302284 -0.05529498392 -3.505014238e-24)
(-0.2060785115 -0.1059056654 0)
(-0.1949690852 -0.1545452507 -1.559899951e-22)
(-0.1706136245 -0.192754203 1.45561037e-22)
(-0.1325735735 -0.2094091404 0)
(-0.08404876997 -0.1929270013 1.057738793e-22)
(-0.03543880865 -0.1368578546 -8.285032961e-23)
(-0.002693216056 -0.04933980128 -5.952741249e-23)
(-0.0005347759144 0.04163104132 0)
(-0.01176702542 0.09725012166 7.188248994e-22)
(-0.02793913929 0.1307668669 -1.886393974e-23)
(-0.0466811011 0.1481760285 7.066952771e-22)
(-0.06621795939 0.154522309 -1.869846147e-23)
(-0.08607750258 0.1531681745 1.950083889e-23)
(-0.1061706862 0.1458403574 -1.932279996e-23)
(-0.126530099 0.1328853585 -1.055312059e-23)
(-0.1470666291 0.1136364432 -3.3250177e-22)
(-0.1673946349 0.08684640978 -5.501977032e-24)
(-0.1866911361 0.05119084657 5.745597502e-24)
(-0.2035769682 0.005856590696 2.117104885e-22)
(-0.2160211871 -0.04876506612 -3.42299556e-22)
(-0.2212889793 -0.1102350267 0)
(-0.2159920769 -0.1731253067 4.541287888e-22)
(-0.1965007961 -0.2279117926 -1.378802408e-22)
(-0.1601248934 -0.2602512968 -4.112508013e-24)
(-0.1075059233 -0.2521403056 0)
(-0.0488321816 -0.1881718881 8.293528774e-23)
(-0.00421331491 -0.07195401168 5.921817464e-23)
(-0.0008096892581 0.04874304741 1.217408551e-23)
(-0.0131860004 0.112282117 -6.860850551e-22)
(-0.02979110673 0.1496078199 -9.298351879e-22)
(-0.04807097918 0.1683734347 -6.634308686e-22)
(-0.06618032779 0.175010849 0)
(-0.08386651051 0.1736944062 2.538697008e-23)
(-0.1012875883 0.1665182889 -5.185540642e-23)
(-0.1187518805 0.1538782314 4.073730302e-23)
(-0.1364978115 0.1349293796 1.972300081e-22)
(-0.1545529154 0.1080645207 -7.595393828e-24)
(-0.1726106996 0.07142814836 0)
(-0.1898925331 0.02349398505 -2.287954338e-22)
(-0.2049492499 -0.03625264506 5.08173548e-22)
(-0.2154553422 -0.1064169646 6.240541999e-22)
(-0.2179195287 -0.1825289843 -3.018159225e-22)
(-0.2075977011 -0.2552476369 3.215761212e-22)
(-0.1792110919 -0.308135025 5.815862535e-25)
(-0.1291908725 -0.3164064808 -5.909958512e-25)
(-0.0646520221 -0.2512003339 -3.314255328e-22)
(-0.006600260983 -0.1031908369 0)
(-0.001436459304 0.05705984661 -1.544681455e-23)
(-0.01581698707 0.1282950655 -1.100205545e-21)
(-0.03274109406 0.1682436849 8.80326499e-22)
(-0.04963948766 0.1868971382 5.553032051e-22)
(-0.06466875136 0.1925060768 4.890597903e-22)
(-0.07797943844 0.190198149 5.270631149e-22)
(-0.09008041003 0.1824891295 -3.313518869e-23)
(-0.1016189322 0.1698897428 -2.630869314e-22)
(-0.1132179238 0.1514917349 1.615037203e-22)
(-0.125403831 0.1254867771 0)
(-0.1385354189 0.08965697479 0)
(-0.1526870961 0.04188132077 2.048062631e-22)
(-0.1674020419 -0.01929289423 9.654507999e-23)
(-0.1813929368 -0.09392970573 -1.56929495e-22)
(-0.1919174314 -0.1793811466 -4.02735016e-23)
(-0.1940555814 -0.2681821541 1.574475079e-22)
(-0.1804867675 -0.3441328439 -1.949434017e-22)
(-0.1424411115 -0.3774098345 -1.301943217e-22)
(-0.08079436331 -0.3225918859 3.309721442e-22)
(-0.01021234614 -0.1447722542 -7.604606667e-22)
(-0.002811270065 0.06780041986 0)
(-0.02095821762 0.145948807 1.803520017e-21)
(-0.03809605653 0.1862475936 0)
(-0.05236047388 0.2023163196 -1.142221468e-21)
(-0.06217489559 0.2048318249 7.771038951e-23)
(-0.06848035109 0.1999567351 -4.908764718e-22)
(-0.07232633395 0.1905980676 -3.854553074e-22)
(-0.07478357926 0.1773908361 6.472550925e-22)
(-0.07688345752 0.1594577434 -1.408406017e-22)
(-0.07964862693 0.134965725 0)
(-0.08410133502 0.1015710096 0)
(-0.09121124573 0.05681812466 3.339570334e-23)
(-0.101748788 -0.001474512399 -4.735057017e-22)
(-0.1158660771 -0.07479263315 -3.391831438e-22)
(-0.1324246668 -0.1628727077 4.016242949e-22)
(-0.1477944947 -0.2617414652 -4.845090256e-22)
(-0.1543283309 -0.3586667506 2.69825044e-23)
(-0.1384612864 -0.4232150407 1.489018794e-22)
(-0.0928409732 -0.3941428922 6.14301479e-22)
(-0.01529900216 -0.1973492979 7.590273614e-22)
(-0.005654939235 0.08330693145 0)
(-0.03059647278 0.1661237486 1.594926119e-22)
(-0.04717852201 0.2026545436 -4.328959997e-23)
(-0.05648906959 0.2123564598 6.59593832e-22)
(-0.05788496371 0.2090264609 -5.965702224e-22)
(-0.05380645738 0.199707431 4.008324678e-23)
(-0.04612712022 0.1874641602 -1.001949152e-22)
(-0.03642844789 0.1729286759 -2.689946478e-22)
(-0.02612004319 0.1552579847 1.707121422e-22)
(-0.01661474571 0.1327130685 0)
(-0.009440104884 0.1030419091 0)
(-0.006283103903 0.06376295622 -2.386973646e-22)
(-0.00897916055 0.01238216855 0)
(-0.01918649475 -0.05347099792 -4.994671059e-22)
(-0.037901723 -0.1357217463 1.453316449e-23)
(-0.0641235067 -0.2346819253 2.225102614e-23)
(-0.09265134015 -0.3442655553 1.435786779e-22)
(-0.1073176516 -0.44014867 7.291050114e-24)
(-0.09357909624 -0.4519745002 -6.325791219e-22)
(-0.02147580798 -0.2586844327 0)
(-0.01135124141 0.1086755614 0)
(-0.0467207889 0.1901979325 -7.909983016e-22)
(-0.05854349053 0.215580166 -5.065763136e-22)
(-0.05723968236 0.2133638594 4.277941363e-22)
(-0.04443336785 0.2009225721 -2.12636091e-24)
(-0.02506222834 0.1854450889 -4.139804843e-23)
(-0.002006975192 0.1695185079 4.931283102e-22)
(0.02271513374 0.1534031394 -2.342126918e-23)
(0.04750767754 0.1361410606 -1.703969824e-22)
(0.07081985762 0.1160950519 2.674470854e-23)
(0.09090749976 0.09124337842 -2.954394557e-23)
(0.1057092864 0.05935441422 -3.272353573e-23)
(0.112734424 0.0180891864 2.899602605e-22)
(0.1092277456 -0.03511212566 5.564854969e-22)
(0.09222989486 -0.10324317 -4.736513265e-22)
(0.05963139055 -0.1901816236 -1.690811435e-22)
(0.01135949737 -0.2980624738 1.35270592e-22)
(-0.03777556307 -0.415385609 7.102733479e-23)
(-0.07216672371 -0.4774927303 1.868692254e-21)
(-0.02591432501 -0.3218701082 2.900684122e-21)
(-0.019856953 0.147762466 -4.171839203e-23)
(-0.06584414851 0.2110050955 4.197679253e-23)
(-0.05650652098 0.2137173563 9.548105895e-22)
(-0.03078212117 0.1938189336 6.119757816e-24)
(0.00636915281 0.1709304912 0)
(0.04744924976 0.1500087599 4.030947036e-23)
(0.08935103056 0.1318348349 -2.038399949e-22)
(0.1303721397 0.1157154312 -7.985986323e-23)
(0.1693500243 0.1003796498 3.195301667e-23)
(0.2051159945 0.08428818536 -1.433904056e-23)
(0.2361778063 0.06576462538 2.957891013e-23)
(0.2605610019 0.043054177 -5.87855281e-23)
(0.2755704083 0.01431625148 -8.158632577e-23)
(0.2780485636 -0.02251100086 1.449734308e-22)
(0.2638441989 -0.07019320422 0)
(0.2286307223 -0.1339317971 1.60918106e-22)
(0.1667267668 -0.2223271615 2.384102344e-22)
(0.0857231041 -0.3415064767 0)
(-0.01230910451 -0.4517100859 -3.589117933e-21)
(-0.02006822872 -0.3746096817 -2.839383406e-21)
(-0.02547792743 0.2292691677 -9.395700083e-22)
(-0.03895693304 0.2251932334 -1.353094621e-22)
(0.03647875066 0.1806389729 -2.232727074e-22)
(0.1059669918 0.1426274246 -1.122267223e-22)
(0.1744715301 0.113226717 -4.273357042e-23)
(0.2369437144 0.09153222986 9.452602184e-23)
(0.2932251703 0.07541364574 -1.308577265e-22)
(0.3437843406 0.06285734499 1.157079119e-22)
(0.3889653311 0.05224998062 -7.474029312e-23)
(0.428657356 0.0422436361 1.553114951e-25)
(0.4621265752 0.03164039151 1.351458373e-23)
(0.4879343698 0.01933350901 7.136155322e-23)
(0.503767552 0.004268863546 -1.669484778e-22)
(0.506851125 -0.01464885832 -1.541457336e-22)
(0.4927264045 -0.0393307568 -4.268939929e-23)
(0.4567444801 -0.07383622086 0)
(0.3888160878 -0.1273396844 -1.639195113e-22)
(0.2870807424 -0.2205714064 7.894227006e-22)
(0.1169165789 -0.3522085462 1.592585426e-21)
(0.02600934282 -0.3771079636 2.152169119e-21)
(0.2147282879 0.135173388 9.734391053e-22)
(0.2791519366 0.09933901346 0)
(0.4335812189 0.05844139513 -2.551294946e-22)
(0.5316872574 0.03844248458 -1.739914415e-22)
(0.6011794622 0.02591269709 0)
(0.654227608 0.01783437344 -5.867495865e-23)
(0.6961092003 0.01264594709 5.931338744e-23)
(0.729989863 0.009188429974 -1.576238671e-23)
(0.7577975318 0.006688245749 2.524601298e-23)
(0.780445198 0.004633339179 1.999156091e-23)
(0.7980298655 0.002655700622 0)
(0.8100277824 0.0004809685974 -2.556295781e-23)
(0.8152511707 -0.002098626825 0)
(0.8120024293 -0.005122913027 2.602487829e-23)
(0.7968979324 -0.009173346858 1.564141896e-23)
(0.7672682298 -0.01481017981 -5.504958267e-23)
(0.7107371976 -0.02506742784 -2.40234811e-22)
(0.6237263697 -0.0422407846 -6.717413432e-22)
(0.4229607679 -0.09204342538 0)
(0.2705035487 -0.1525093015 -2.09949636e-21)
)


// ************************************************************************* //
