/*--------------------------------*- C++ -*----------------------------------*\
  =========                 |
  \\      /  F ield         | OpenFOAM: The Open Source CFD Toolbox
   \\    /   O peration     | Website:  https://openfoam.org
    \\  /    A nd           | Version:  13
     \\/     M anipulation  |
\*---------------------------------------------------------------------------*/
FoamFile
{
    format      ascii;
    class       vectorField;
    location    "28.84";
    object      U_all;
}
// * * * * * * * * * * * * * * * * * * * * * * * * * * * * * * * * * * * * * //


400
(
(1.094438509e-05 -3.78723869e-05 0)
(-0.0006661580018 0.0004130328219 -1.547367187e-23)
(-0.002185379748 0.000920385958 0)
(-0.004047810161 0.001312768796 0)
(-0.00597182046 0.001535050401 6.839735377e-25)
(-0.007762716214 0.001569831379 4.152494772e-24)
(-0.009284466034 0.001423549687 -7.356035924e-24)
(-0.01043585578 0.001119715003 7.548650464e-24)
(-0.01113672622 0.0006960806032 -2.09689872e-25)
(-0.01132702442 0.0002030802378 -3.996866259e-24)
(-0.01097169203 -0.0003002285165 5.8060298e-24)
(-0.01007226053 -0.0007475106273 -5.931495955e-23)
(-0.00867983167 -0.00107555693 -6.554627207e-23)
(-0.006902826364 -0.001233038969 -7.786251475e-23)
(-0.004910731896 -0.001192634318 4.574807594e-24)
(-0.002927241125 -0.0009619187936 -4.13920867e-24)
(-0.001205317038 -0.0005912135219 -1.999603728e-22)
(-1.908716819e-05 -0.0001698876445 0)
(0.0005181404115 0.0001720796626 1.513277254e-25)
(0.0002227478469 0.0003059744343 -2.600695962e-24)
(-0.0002633901764 0.0008289054441 1.386099614e-25)
(-0.002703313424 0.003383785014 1.557095542e-23)
(-0.006907230991 0.005604431436 1.549233546e-25)
(-0.0119522158 0.007008129916 -8.483148686e-25)
(-0.01713488094 0.00755369613 1.160321108e-24)
(-0.0219751374 0.007294124339 1.304988282e-23)
(-0.02611050281 0.006321832054 1.407541931e-24)
(-0.02926536537 0.004754152631 -7.299910156e-24)
(-0.0312264425 0.002737137865 1.016147054e-23)
(-0.03184173242 0.0004524177731 4.512555681e-24)
(-0.03102736077 -0.001884110745 -6.321507625e-24)
(-0.02879294837 -0.004022980851 2.961564635e-24)
(-0.02527121079 -0.00570829884 3.896531423e-23)
(-0.0207318269 -0.006707354408 -1.955399207e-24)
(-0.0155895555 -0.006854092995 3.755756678e-24)
(-0.01038510714 -0.006097431969 -9.745289648e-23)
(-0.005730275946 -0.004546173578 9.642099542e-23)
(-0.002233384218 -0.002507424971 -3.968402315e-25)
(-0.0001817917783 -0.0005023903948 4.068486145e-25)
(8.343184246e-05 0.0006099110411 0)
(-0.0004188260138 0.002935031223 -2.913513477e-25)
(-0.004647842638 0.008803902068 1.706174802e-23)
(-0.0113718514 0.01324026443 -8.24509307e-24)
(-0.01932709324 0.01579186137 -2.069449061e-25)
(-0.02747383023 0.01652982248 2.033017637e-25)
(-0.03511742095 0.01564425765 7.434467532e-27)
(-0.04171301603 0.01335984924 -1.239409929e-24)
(-0.04683524254 0.009919688231 -4.563645146e-25)
(-0.05014939911 0.00560240329 -1.064010398e-23)
(-0.05141183945 0.0007444469583 0)
(-0.05047748773 -0.004241703483 0)
(-0.04733667335 -0.008887070621 2.672032661e-23)
(-0.04215895825 -0.01268163022 2.814002649e-23)
(-0.03531412923 -0.01513590874 -1.646809017e-24)
(-0.02738979414 -0.01586176724 4.848033106e-23)
(-0.01916996042 -0.01467324363 9.423462617e-23)
(-0.01156086461 -0.01169354642 3.979960479e-23)
(-0.005465404153 -0.007450728151 4.155984377e-25)
(-0.001451106278 -0.002936060564 1.066437789e-25)
(-9.072883922e-05 0.0002258557856 0)
(-0.0005024610782 0.006045274574 -4.252730165e-23)
(-0.006402676455 0.01637055793 -1.696394006e-23)
(-0.01553485617 0.02355905617 8.171978754e-24)
(-0.02627883174 0.02744131087 0)
(-0.03728706056 0.02832071218 0)
(-0.04768986329 0.02658745459 0)
(-0.05679603526 0.02263099522 -4.528141729e-26)
(-0.06405318797 0.01683596302 -2.126328088e-24)
(-0.06901013559 0.009622141257 0)
(-0.07130760603 0.001491097547 1.637906986e-24)
(-0.07070790049 -0.006936373866 2.804293368e-25)
(-0.0671298235 -0.01492999072 -2.812145324e-25)
(-0.06069857037 -0.02166703961 0)
(-0.05180711703 -0.02631580066 4.135374518e-23)
(-0.04114962965 -0.02816046807 -4.683681534e-23)
(-0.0297195117 -0.02677352605 -2.764176311e-23)
(-0.01873705958 -0.02221517343 -3.965173903e-23)
(-0.009487983025 -0.01521916137 7.795735293e-25)
(-0.00297687176 -0.007298193264 9.78560248e-23)
(-0.0002318797509 -0.0008661882906 0)
(-0.0005316083594 0.01009489592 4.273415145e-23)
(-0.007983506348 0.02595189072 4.778996003e-25)
(-0.01939666114 0.03642840697 -4.669845296e-25)
(-0.0328234645 0.04185473619 0)
(-0.04664638637 0.04289439068 7.776795912e-25)
(-0.05985166611 0.04020033656 -7.668967809e-25)
(-0.07163218201 0.03434710719 3.670372119e-23)
(-0.08132671009 0.0258564493 1.846190615e-23)
(-0.08836517107 0.01527292136 6.233470831e-24)
(-0.09225385382 0.003246214906 -1.639815169e-24)
(-0.09260298926 -0.009407643473 0)
(-0.0891748114 -0.02167449076 4.37384216e-25)
(-0.081959141 -0.03236709086 1.010109094e-23)
(-0.07126831482 -0.04021210988 -4.351540875e-23)
(-0.05781977115 -0.04402008319 1.934251396e-24)
(-0.04278553576 -0.04294796691 4.221675766e-23)
(-0.02775432237 -0.0368332296 -3.848764136e-25)
(-0.01455053384 -0.02652707338 0)
(-0.004859435425 -0.01408450274 5.436495637e-23)
(-0.0003641459701 -0.002846963363 -2.564580339e-22)
(-0.0005272152566 0.01499910094 9.837412444e-23)
(-0.009377824741 0.03738979166 -4.904658224e-25)
(-0.02288158659 0.05170164799 0)
(-0.03883003261 0.05894119006 0)
(-0.0553860054 0.06025512197 -8.730065922e-23)
(-0.07142806121 0.0566184643 -8.497083113e-23)
(-0.08606571962 0.04880126588 -4.06543791e-23)
(-0.09854995443 0.03743953949 -1.503399066e-23)
(-0.1081935773 0.02315974661 -5.364133092e-24)
(-0.1143435071 0.006709760632 -8.172315058e-24)
(-0.1164036793 -0.01093267728 6.598235817e-24)
(-0.113892857 -0.028489068 8.821337536e-24)
(-0.1065479049 -0.04436997816 -1.892271416e-23)
(-0.09446736375 -0.05675279782 4.584870405e-24)
(-0.07826802756 -0.06378244554 0)
(-0.05922855715 -0.06393446834 -1.575188782e-23)
(-0.03933956224 -0.05653778218 -2.35650427e-26)
(-0.02114175297 -0.0423578474 0)
(-0.007318656512 -0.02398218794 -1.520160219e-22)
(-0.0005216119016 -0.005925536213 6.055263058e-22)
(-0.000499077225 0.02064551125 -9.770402977e-23)
(-0.01052940716 0.05045381791 2.831556743e-22)
(-0.02582932842 0.06912436616 1.526652161e-22)
(-0.04402097278 0.07849176062 3.61863533e-24)
(-0.06310681813 0.08029397302 -7.319237245e-23)
(-0.08190332859 0.07587973831 9.041407898e-23)
(-0.09947679061 0.06621637032 -3.589556983e-24)
(-0.1150217987 0.05201660506 -1.728833171e-24)
(-0.1277509205 0.03392345076 2.523655641e-24)
(-0.1368462396 0.0127024134 7.380116436e-24)
(-0.141470044 -0.01058753736 -6.498147504e-24)
(-0.1408238565 -0.03445977982 -9.782231195e-24)
(-0.1342737144 -0.05692711498 -3.261784396e-23)
(-0.1215442509 -0.07553247416 -3.657874117e-23)
(-0.1029666278 -0.08754189485 5.638611746e-25)
(-0.07976321436 -0.09039143309 0)
(-0.05426649913 -0.08244458939 0)
(-0.02987143047 -0.06397698846 -2.90529464e-24)
(-0.01066278637 -0.03798775374 2.969726792e-24)
(-0.0007350873564 -0.01050085739 1.027860934e-22)
(-0.0004479143474 0.02687222339 0)
(-0.0113491415 0.06480688884 2.001953675e-22)
(-0.02801577303 0.08829526291 8.96200518e-23)
(-0.04799819611 0.1001225073 0)
(-0.06920548923 0.1027067043 1.569674419e-22)
(-0.09044306066 0.09781495701 0)
(-0.1107823778 0.08661038378 -1.428266512e-22)
(-0.1294084943 0.06983907977 6.514857968e-24)
(-0.1454762196 0.04808214278 0)
(-0.1580342065 0.02201762629 0)
(-0.1660123711 -0.007334130077 -1.374226478e-24)
(-0.1682662118 -0.03838787355 -9.314896728e-25)
(-0.1637055854 -0.06883906082 1.49173439e-22)
(-0.1515200808 -0.09558193985 -4.704640801e-23)
(-0.1315127775 -0.114828996 -2.560207525e-24)
(-0.1045590727 -0.1225694991 1.533968312e-24)
(-0.07309312408 -0.1155510682 -1.55816556e-24)
(-0.04134999968 -0.09283061827 0)
(-0.01525222034 -0.05740737529 3.203405864e-24)
(-0.001044301279 -0.01714706866 -1.012808974e-21)
(-0.0003744680645 0.03346271202 0)
(-0.01174999421 0.07998839955 -1.128078331e-22)
(-0.02920690595 0.108638053 -6.190702762e-22)
(-0.05031714945 0.1232222699 -3.755078113e-22)
(-0.07296274465 0.1269086165 0)
(-0.09598905357 0.121924616 4.119212268e-22)
(-0.1185266997 0.1096341228 1.260817375e-22)
(-0.1398139156 0.09078196644 -5.58144757e-24)
(-0.1590213752 0.06581371046 5.553822403e-24)
(-0.1751452911 0.03520886503 0)
(-0.186955182 -0.0001964291737 2.911963204e-23)
(-0.1930164623 -0.03889698606 4.695438441e-24)
(-0.1917802234 -0.07843812679 -1.076680299e-22)
(-0.1817867315 -0.1151856291 8.002960748e-23)
(-0.162056412 -0.1442589534 -2.419482197e-22)
(-0.1327056773 -0.1598538676 0)
(-0.09577849457 -0.1563103889 0)
(-0.05601609508 -0.1302974068 0)
(-0.02147849527 -0.083810928 0)
(-0.001500375455 -0.0266550392 5.571587971e-22)
(-0.0002873951464 0.04016041433 0)
(-0.01169356361 0.09543525821 -3.492793176e-22)
(-0.02924428411 0.1294062292 8.932331999e-22)
(-0.05060928814 0.1469286872 3.616957754e-22)
(-0.0737005517 0.151973684 0)
(-0.09745115359 0.1472747648 -3.862325127e-22)
(-0.1211065576 0.1344183883 -3.174271508e-23)
(-0.1440320021 0.1141387941 3.332965015e-22)
(-0.1655138147 0.08669981739 1.769402375e-22)
(-0.1846243265 0.05229127597 -4.059993591e-23)
(-0.2001320503 0.01141747806 1.65680739e-23)
(-0.2104617164 -0.03471367704 -8.264813041e-24)
(-0.2137203334 -0.08376485944 3.371709803e-22)
(-0.2078210455 -0.1318746907 0)
(-0.1908233771 -0.1732745583 2.420651096e-22)
(-0.1616331478 -0.2002582467 5.773952975e-24)
(-0.1211659257 -0.204011139 -5.860059693e-24)
(-0.07384966968 -0.1772111459 1.548173631e-22)
(-0.029717766 -0.1188636849 -5.434622624e-24)
(-0.002179534863 -0.04005380943 0)
(-0.0002117282855 0.046716029 0)
(-0.01125001833 0.1105489292 0)
(-0.02815623711 0.1497343255 -5.022526054e-22)
(-0.04874475374 0.170150483 -1.880922111e-23)
(-0.07100078841 0.1766244861 2.038298333e-23)
(-0.09399440121 0.172451584 -2.014231779e-23)
(-0.1171432903 0.159486269 -2.31679706e-23)
(-0.1400177973 0.1384799598 -3.029695873e-22)
(-0.162132734 0.1095158208 6.698573178e-23)
(-0.1827957537 0.07245191112 4.512997796e-23)
(-0.2009834112 0.02734960065 -4.577538711e-23)
(-0.2152268815 -0.02508642594 0)
(-0.2235560644 -0.08298276025 -7.839000977e-23)
(-0.2234630384 -0.1427248157 0)
(-0.2120677316 -0.1981810484 -3.73940804e-22)
(-0.186743221 -0.2400762628 5.244662535e-22)
(-0.1464436015 -0.2560762503 0)
(-0.09394549629 -0.2331199998 -1.493728144e-22)
(-0.04021991452 -0.1639607098 1.937275816e-22)
(-0.003201089394 -0.05861039779 -3.411256235e-22)
(-0.0002015521056 0.05297549694 0)
(-0.0106726692 0.124816379 9.182599913e-22)
(-0.02628455866 0.1687413013 -2.440606477e-23)
(-0.04501119915 0.1916442493 9.193074167e-22)
(-0.06494611591 0.1992908893 -2.512006781e-23)
(-0.08536644362 0.1956093817 2.838758007e-23)
(-0.1059307437 0.1827878785 -2.812844854e-23)
(-0.1264926237 0.1616578317 -1.660871237e-23)
(-0.1468999196 0.1321760082 -5.260085368e-22)
(-0.1668460789 0.09389652801 -8.906388184e-24)
(-0.1857305843 0.0464060766 9.659950583e-24)
(-0.2024784531 -0.01023732269 3.313006577e-22)
(-0.2154157224 -0.07499750577 -5.820591691e-22)
(-0.2220211778 -0.1450303483 0)
(-0.2188033364 -0.2146751158 8.887031574e-22)
(-0.2016257858 -0.2740006161 -4.940612772e-22)
(-0.1668638719 -0.3075801427 -1.572134408e-23)
(-0.1140219218 -0.2953802174 0)
(-0.05288475027 -0.219579533 -1.889914121e-22)
(-0.004749177819 -0.08377249681 3.360318737e-22)
(-0.0003642120146 0.05902286483 1.550968664e-23)
(-0.01049583134 0.1379873649 -8.763940063e-22)
(-0.02441408458 0.1856793334 -1.157031311e-21)
(-0.040267524 0.2101372859 -8.628739285e-22)
(-0.05630765434 0.2182337457 0)
(-0.07214899273 0.2146180451 3.513718113e-23)
(-0.0877927061 0.2018784565 -7.294689279e-23)
(-0.1034568275 0.1810001056 5.867747166e-23)
(-0.1193989888 0.1518995573 3.021292722e-22)
(-0.1357937991 0.1139151566 -1.128171528e-23)
(-0.1526089032 0.06621457431 0)
(-0.1694528091 0.0081777028 -3.603851237e-22)
(-0.1852766994 -0.06015924807 7.515525406e-22)
(-0.1980454226 -0.1372739788 8.831548637e-22)
(-0.2043550882 -0.2189253908 -5.296480654e-22)
(-0.1990980823 -0.2959704247 5.162552261e-22)
(-0.1760607036 -0.3514063408 1.078148713e-23)
(-0.1300891064 -0.3584141769 -1.095462401e-23)
(-0.0668880098 -0.2843269212 -8.217920417e-23)
(-0.007083312177 -0.1169961272 0)
(-0.0009095925081 0.06540016486 -1.911444538e-23)
(-0.01167604412 0.150280977 -1.326939048e-21)
(-0.02388909456 0.200065017 1.094211351e-21)
(-0.03601382403 0.2244206416 6.734792015e-22)
(-0.04657363834 0.2316578022 6.01450947e-22)
(-0.05577104868 0.2272384981 6.643823522e-22)
(-0.06411321464 0.2141768451 -4.458587868e-23)
(-0.07227644994 0.1936490651 -3.461274418e-22)
(-0.08097062182 0.1656027285 2.152125504e-22)
(-0.09087285402 0.1292708758 0)
(-0.1025556929 0.08353116116 0)
(-0.116363154 0.02720058318 2.655360319e-22)
(-0.132159855 -0.04061949988 8.194372717e-23)
(-0.1489260563 -0.1200122265 -2.821553861e-22)
(-0.1641291373 -0.2089294365 -5.411183944e-23)
(-0.1727883152 -0.3006985837 1.30195433e-22)
(-0.1670315002 -0.3793321943 -3.400371788e-22)
(-0.1365294268 -0.4136444558 -1.595080598e-23)
(-0.08018254044 -0.3538319619 8.206689537e-23)
(-0.01050762066 -0.1594127383 -6.03239753e-22)
(-0.00226051335 0.07348866258 0)
(-0.0158037067 0.1626516708 2.145834338e-21)
(-0.02665076034 0.21178972 0)
(-0.03422392031 0.2333938548 -1.351782241e-21)
(-0.0375946817 0.2377758248 6.184092304e-23)
(-0.03799769444 0.231254619 -6.192969497e-22)
(-0.03668361137 0.2171893661 -4.756200282e-22)
(-0.03489139467 0.1968931589 8.301110072e-22)
(-0.03378945902 0.1703341863 -1.88566552e-22)
(-0.03449986068 0.1367222696 0)
(-0.03811681378 0.09479706581 0)
(-0.04565097701 0.0430433056 2.410640489e-23)
(-0.05790904106 -0.02013731857 -6.007119401e-22)
(-0.07514690502 -0.09620600326 -4.309507287e-22)
(-0.0964525619 -0.1855551336 4.637803906e-22)
(-0.1183469303 -0.2853563023 -6.48860059e-22)
(-0.1332720325 -0.3838381562 9.119735152e-23)
(-0.1265353903 -0.4504353454 2.938637871e-23)
(-0.08899164144 -0.4198531194 5.660549403e-22)
(-0.01526918499 -0.2111716859 6.021029824e-22)
(-0.005180912268 0.0859803728 0)
(-0.02525566077 0.1766287913 1.465583329e-22)
(-0.0348344349 0.2205956169 -4.917064925e-23)
(-0.03640070777 0.2354852777 7.642795355e-22)
(-0.03018559707 0.2343400092 -7.005250652e-22)
(-0.01916672612 0.2241598094 4.74639957e-23)
(-0.005616192757 0.2083521616 -1.018596582e-22)
(0.008568492794 0.1881238795 -3.389832109e-22)
(0.02179771033 0.1633910964 2.062793075e-22)
(0.03262667638 0.1333244217 0)
(0.03958348977 0.09664114964 0)
(0.04116910312 0.0517409399 -2.902633322e-22)
(0.03578388331 -0.003254990269 0)
(0.02198097828 -0.07058320783 -5.512130747e-22)
(-0.00126561337 -0.1525731877 -1.49231384e-23)
(-0.03310534472 -0.2505946619 2.559675227e-23)
(-0.06909287417 -0.3599338399 2.203030781e-22)
(-0.09227860783 -0.4575421484 4.788750454e-24)
(-0.08718103656 -0.4698126006 -5.789525202e-22)
(-0.0210312858 -0.2698970073 0)
(-0.01111632218 0.1085974897 0)
(-0.04248914399 0.1947150126 -8.848357269e-22)
(-0.04795560006 0.2258192298 -5.410973359e-22)
(-0.03919587784 0.2282131206 4.543752646e-22)
(-0.01877901994 0.218232347 -1.709997209e-24)
(0.007663428902 0.2028216131 -4.560975876e-23)
(0.03667893096 0.1847616599 5.696587596e-22)
(0.06582891372 0.1647116362 -2.766849383e-23)
(0.0932702155 0.142312783 -2.069751735e-22)
(0.1173880937 0.1166275978 3.142172562e-23)
(0.1365451618 0.0864116538 -3.425876996e-23)
(0.1489660022 0.05017697737 -3.690556162e-23)
(0.1525267538 0.006159483898 3.205601139e-22)
(0.1449359848 -0.04796096575 6.119543391e-22)
(0.1235153593 -0.11530503 -5.101112503e-22)
(0.08633482333 -0.2004193597 -1.61601285e-22)
(0.03199044617 -0.3067805001 1.531350831e-22)
(-0.02362155086 -0.4239835543 7.293713174e-23)
(-0.06492426037 -0.4871610967 1.913299951e-21)
(-0.02509973487 -0.329154332 2.9550009e-21)
(-0.0200468001 0.1460727826 -4.390169882e-23)
(-0.06416411974 0.211295559 4.417342399e-23)
(-0.05070249043 0.2177299076 1.000177263e-21)
(-0.01934132031 0.2014677624 -8.270127156e-24)
(0.02414413007 0.1809073368 0)
(0.07154054233 0.1606930624 4.363650526e-23)
(0.1190695413 0.1416493311 -2.273814608e-22)
(0.1644758575 0.1233180447 -9.027806585e-23)
(0.2062242114 0.104811688 3.680676384e-23)
(0.2429634163 0.08507145242 -1.701633976e-23)
(0.2732199294 0.06296160534 3.429930257e-23)
(0.2952528716 0.03726311846 -6.592606681e-23)
(0.306696462 0.006535270689 -9.303825156e-23)
(0.3049732879 -0.03087750497 1.517025356e-22)
(0.2863931825 -0.07786274716 0)
(0.2470564558 -0.1399299244 1.505560525e-22)
(0.181091938 -0.2266299238 2.56001814e-22)
(0.09604428912 -0.3443894315 0)
(-0.006697724949 -0.4552209543 -3.675648393e-21)
(-0.01922409984 -0.3777536964 -2.892630057e-21)
(-0.02591950049 0.2276829244 -9.514179335e-22)
(-0.03998322495 0.2238216835 -1.388965972e-22)
(0.03656134715 0.1810585094 -2.335553732e-22)
(0.1090501892 0.1451058254 -1.193727328e-22)
(0.1817188814 0.1172444285 -4.295763944e-23)
(0.2490087049 0.09627894787 9.782986264e-23)
(0.310033188 0.08002499413 -1.408564763e-22)
(0.3646203687 0.06656807932 1.297153187e-22)
(0.4126246418 0.05449176103 -8.619985279e-23)
(0.4536244218 0.04270896813 1.132190396e-25)
(0.4867873014 0.03032304249 1.527722917e-23)
(0.5107446319 0.01652910358 7.997112643e-23)
(0.5236593289 0.0005366050458 -1.811103399e-22)
(0.5231794832 -0.01863364408 -1.61712747e-22)
(0.5052321079 -0.04286471804 -4.262837122e-23)
(0.4658713431 -0.07633226681 0)
(0.3952695301 -0.1286089241 -1.846503458e-22)
(0.2916070146 -0.2208468056 8.148789477e-22)
(0.119745456 -0.3525016863 1.631605866e-21)
(0.02670545881 -0.3775497896 2.172658023e-21)
(0.2142894603 0.1347447341 9.86496143e-22)
(0.2776311608 0.09870505291 0)
(0.4316592764 0.05810415638 -2.594295593e-22)
(0.5304749545 0.03846264706 -1.74164252e-22)
(0.6016965398 0.02623418057 0)
(0.6571197925 0.01831922119 -6.008966836e-23)
(0.7015211925 0.01313599674 6.377868122e-23)
(0.7376040338 0.009542119821 -1.800120571e-23)
(0.7669366001 0.006804464247 2.88591976e-23)
(0.7902104273 0.004464751726 2.31499566e-23)
(0.8074552835 0.002221333406 0)
(0.8182619587 -0.0001500578656 -2.872996788e-23)
(0.8216498454 -0.002723830261 0)
(0.8162393461 -0.005712655008 2.73809076e-23)
(0.7991332831 -0.009611374757 1.421637703e-23)
(0.7679986307 -0.01500254885 -5.79945617e-23)
(0.7106555826 -0.02502520306 -2.535676139e-22)
(0.6235184025 -0.04204285824 -6.918122126e-22)
(0.4230091013 -0.09182968515 0)
(0.2705674676 -0.1524021861 -2.119485836e-21)
)


// ************************************************************************* //
