/*--------------------------------*- C++ -*----------------------------------*\
  =========                 |
  \\      /  F ield         | OpenFOAM: The Open Source CFD Toolbox
   \\    /   O peration     | Website:  https://openfoam.org
    \\  /    A nd           | Version:  13
     \\/     M anipulation  |
\*---------------------------------------------------------------------------*/
FoamFile
{
    format      ascii;
    class       vectorField;
    location    "28.27";
    object      U_all;
}
// * * * * * * * * * * * * * * * * * * * * * * * * * * * * * * * * * * * * * //


400
(
(1.093847092e-05 -3.787558301e-05 0)
(-0.0006661627814 0.0004130311279 -1.546979588e-23)
(-0.002185375695 0.0009203822938 0)
(-0.004047801533 0.001312764614 0)
(-0.005971809527 0.001535048597 6.839034188e-25)
(-0.007762701137 0.001569831866 4.151615859e-24)
(-0.009284443225 0.001423549146 -7.352735368e-24)
(-0.01043582518 0.001119710333 7.551750164e-24)
(-0.01113669328 0.0006960724497 -2.096925321e-25)
(-0.01132699664 0.0002030727581 -3.997035635e-24)
(-0.01097167323 -0.0003002314455 5.806126689e-24)
(-0.01007224948 -0.0007475080009 -5.93160408e-23)
(-0.008679824859 -0.001075551033 -6.55480724e-23)
(-0.006902820919 -0.001233033499 -7.786605975e-23)
(-0.004910727601 -0.00119263179 4.575004182e-24)
(-0.002927239769 -0.0009619193418 -4.139374379e-24)
(-0.001205319734 -0.000591215753 -1.999694816e-22)
(-1.909215914e-05 -0.0001698902298 0)
(0.0005181362268 0.000172077233 1.51363634e-25)
(0.0002227465534 0.000305973316 -2.605404267e-24)
(-0.0002633926726 0.0008288993276 1.386395137e-25)
(-0.002703310464 0.003383774987 1.556702062e-23)
(-0.006907213274 0.005604413013 1.548555388e-25)
(-0.01195217999 0.007008105687 -8.482420403e-25)
(-0.01713483055 0.00755367313 1.160228077e-24)
(-0.02197507809 0.007294108347 1.30480934e-23)
(-0.02611043713 0.00632182303 1.408669971e-24)
(-0.0292652922 0.004754146163 -7.302928578e-24)
(-0.03122636158 0.002737130835 1.016291463e-23)
(-0.03184164896 0.0004524121562 4.51275944e-24)
(-0.03102728351 -0.001884110019 -6.321616481e-24)
(-0.02879288503 -0.004022970954 2.961226685e-24)
(-0.02527116536 -0.005708281127 3.896645468e-23)
(-0.02073179825 -0.006707334192 -1.955470636e-24)
(-0.01558953942 -0.006854076471 3.755919237e-24)
(-0.01038509976 -0.006097422821 -9.745879592e-23)
(-0.005730274945 -0.004546171898 9.642614926e-23)
(-0.002233387216 -0.002507428545 -3.969197735e-25)
(-0.0001817948639 -0.0005023964493 4.069301626e-25)
(8.343161517e-05 0.0006099069619 0)
(-0.0004188252031 0.002935021116 -2.913737217e-25)
(-0.004647831196 0.008803876943 1.706419053e-23)
(-0.01137182035 0.01324022627 -8.241688674e-24)
(-0.01932703504 0.01579181247 -2.068635359e-25)
(-0.02747374395 0.01652976865 2.03221826e-25)
(-0.03511731251 0.01564420871 7.455381809e-27)
(-0.04171289442 0.01335981461 -1.240570369e-24)
(-0.04683511484 0.009919671783 -4.563996404e-25)
(-0.05014926873 0.005602402554 -1.064163791e-23)
(-0.05141170903 0.0007444572897 0)
(-0.0504773626 -0.004241684378 0)
(-0.0473365609 -0.008887043731 2.672120206e-23)
(-0.04215886579 -0.01268159616 2.81407054e-23)
(-0.03531406134 -0.01513587027 -1.646867451e-24)
(-0.02738975035 -0.01586173014 4.848251517e-23)
(-0.01916993601 -0.01467321468 9.424034237e-23)
(-0.01156085349 -0.01169353008 3.980529691e-23)
(-0.005465400874 -0.007450724529 4.157810557e-25)
(-0.001451106243 -0.002936065666 1.065523552e-25)
(-9.072811711e-05 0.0002258495229 0)
(-0.0005024582131 0.006045253142 -4.253158948e-23)
(-0.006402654611 0.01637050521 -1.696635116e-23)
(-0.01553480878 0.02355898528 8.168550373e-24)
(-0.0262787528 0.02744123114 0)
(-0.03728694727 0.02832062993 0)
(-0.04768971778 0.026587377 0)
(-0.05679586531 0.02263093202 -4.533124336e-26)
(-0.06405300459 0.01683592379 -2.125383544e-24)
(-0.06900994885 0.009622130962 0)
(-0.07130742296 0.001491114792 1.638123404e-24)
(-0.07070772697 -0.006936334282 2.804494678e-25)
(-0.06712966547 -0.01492993528 -2.812347197e-25)
(-0.06069843367 -0.02166697466 0)
(-0.05180700732 -0.02631573216 4.135619254e-23)
(-0.04114955001 -0.02816040263 -4.683894136e-23)
(-0.02971946063 -0.02677347126 -2.764434229e-23)
(-0.01873703149 -0.02221513595 -3.965752875e-23)
(-0.009487970615 -0.01521914399 7.79571675e-25)
(-0.002976868308 -0.007298192722 9.784984736e-23)
(-0.0002318787643 -0.0008661943849 0)
(-0.0005316054016 0.01009486354 4.273845303e-23)
(-0.007983478146 0.02595180473 4.778526959e-25)
(-0.01939659799 0.03642829056 -4.669386965e-25)
(-0.03282336394 0.04185461025 0)
(-0.04664624843 0.04289426976 7.776133459e-25)
(-0.05985149266 0.04020022993 -7.66831454e-25)
(-0.07163197811 0.03434702219 3.670124672e-23)
(-0.08132648491 0.02585639352 1.845969183e-23)
(-0.08836493631 0.0152729014 6.232874669e-24)
(-0.0922536206 0.003246233277 -1.640031839e-24)
(-0.09260276686 -0.009407589695 0)
(-0.08917460741 -0.02167440863 4.374218445e-25)
(-0.08195896143 -0.03236699046 1.010238211e-23)
(-0.07126816495 -0.04021200227 -4.351801818e-23)
(-0.05781965509 -0.04401997932 1.934410394e-24)
(-0.0427854547 -0.04294787721 4.222193661e-23)
(-0.02775427321 -0.03683316303 -3.849607297e-25)
(-0.01455050969 -0.02652703501 0)
(-0.004859427755 -0.01408449071 5.436476478e-23)
(-0.0003641448586 -0.00284696649 -2.564513942e-22)
(-0.0005272140803 0.01499905658 9.837067706e-23)
(-0.009377796616 0.03738967417 -4.904279784e-25)
(-0.02288151629 0.05170148585 0)
(-0.03882991765 0.05894101182 0)
(-0.05538584862 0.06025495131 -8.729896187e-23)
(-0.07142786716 0.05661831787 -8.49691293e-23)
(-0.0860654938 0.04880115388 -4.065168081e-23)
(-0.09854970414 0.03743946816 -1.50327547e-23)
(-0.1081933123 0.02315972028 -5.36361103e-24)
(-0.1143432385 0.006709781359 -8.171977421e-24)
(-0.116403418 -0.01093261117 6.597891068e-24)
(-0.1138926131 -0.02848896254 8.820713925e-24)
(-0.1065476865 -0.04436984383 -1.892266389e-23)
(-0.09446717735 -0.0567526485 4.582179531e-24)
(-0.07826787813 -0.06378229663 0)
(-0.05922844744 -0.06393433497 -1.575465435e-23)
(-0.0393394915 -0.05653767751 -2.347511763e-26)
(-0.02114171592 -0.04235778004 0)
(-0.007318643945 -0.02398215849 -1.520095766e-22)
(-0.0005216105994 -0.005925534032 6.055126083e-22)
(-0.0004990771793 0.02064544909 -9.770062649e-23)
(-0.010529381 0.05045366709 2.831517534e-22)
(-0.02582926026 0.06912416175 1.52662726e-22)
(-0.04402085693 0.0784915348 3.618562159e-24)
(-0.0631066568 0.0802937539 -7.319153205e-23)
(-0.08190312766 0.07587954832 9.041225295e-23)
(-0.0994765573 0.06621622493 -3.589496813e-24)
(-0.1150215406 0.05201651307 -1.728792529e-24)
(-0.1277506459 0.03392341601 2.523592752e-24)
(-0.1368459578 0.01270243633 7.379800806e-24)
(-0.1414697649 -0.01058745945 -6.497820121e-24)
(-0.1408235902 -0.03445965316 -9.78154527e-24)
(-0.1342734705 -0.05692694971 -3.261773824e-23)
(-0.1215440378 -0.07553228473 -3.657437109e-23)
(-0.1029664522 -0.08754169914 5.637724266e-25)
(-0.0797630809 -0.09039125063 0)
(-0.05426640931 -0.08244443884 0)
(-0.02987138112 -0.06397688405 -2.905192234e-24)
(-0.01066276862 -0.03798770062 2.969622116e-24)
(-0.0007350857381 -0.01050084723 1.027857894e-22)
(-0.000447914141 0.02687214218 0)
(-0.01134911729 0.06480670178 2.001953052e-22)
(-0.02801571273 0.08829501628 8.962036526e-23)
(-0.04799809214 0.1001222383 0)
(-0.06920534133 0.1027064433 1.569649756e-22)
(-0.09044287339 0.0978147284 0)
(-0.1107821584 0.08661020598 -1.428251279e-22)
(-0.1294082507 0.06983896455 6.514778145e-24)
(-0.1454759599 0.04808209565 0)
(-0.1580339384 0.02201764763 0)
(-0.1660121025 -0.007334043983 -1.374199226e-24)
(-0.1682659509 -0.0383877296 -9.314632382e-25)
(-0.1637053407 -0.06883886947 1.491700051e-22)
(-0.1515198609 -0.09558171537 -4.704625587e-23)
(-0.1315125905 -0.1148287569 -2.560107277e-24)
(-0.1045589254 -0.1225692675 1.533869732e-24)
(-0.07309302082 -0.1155508679 -1.558065425e-24)
(-0.04134994038 -0.09283047064 0)
(-0.01525219776 -0.05740729267 3.203348909e-24)
(-0.001044299254 -0.01714704781 -1.012793999e-21)
(-0.000374467853 0.03346261806 0)
(-0.01174997465 0.07998818144 -1.128065507e-22)
(-0.02920685844 0.1086377676 -6.190655757e-22)
(-0.05031706738 0.1232219619 -3.755051382e-22)
(-0.07296262635 0.1269083199 0)
(-0.09598890148 0.1219243565 4.119177654e-22)
(-0.1185265193 0.1096339194 1.260803942e-22)
(-0.1398137142 0.09078183166 -5.581395919e-24)
(-0.1590211598 0.06581365095 5.553771009e-24)
(-0.1751450684 0.03520888178 0)
(-0.1869549574 -0.0001963399211 2.91193766e-23)
(-0.1930162411 -0.03889683169 4.695376039e-24)
(-0.1917800112 -0.07843791793 -1.076661246e-22)
(-0.1817865345 -0.1151853795 8.002785133e-23)
(-0.1620562374 -0.1442586805 -2.419444034e-22)
(-0.1327055329 -0.159853594 0)
(-0.09577838793 -0.1563101415 0)
(-0.05601603031 -0.1302972139 0)
(-0.02147846893 -0.08381081181 0)
(-0.001500373021 -0.02665500516 5.571512421e-22)
(-0.0002873960753 0.04016031467 0)
(-0.0116935534 0.09543502121 -3.492767855e-22)
(-0.02924425586 0.1294059165 8.93227702e-22)
(-0.05060923717 0.1469283496 3.616931884e-22)
(-0.07370047639 0.1519733604 0)
(-0.09745105509 0.1472744832 -3.862292654e-22)
(-0.1211064396 0.134418168 -3.174248199e-23)
(-0.1440318698 0.1141386473 3.332943741e-22)
(-0.1655136737 0.08669975015 1.769391417e-22)
(-0.1846241815 0.05229128875 -4.059969295e-23)
(-0.2001319044 0.01141756676 1.656804533e-23)
(-0.2104615714 -0.03471352024 -8.264743403e-24)
(-0.2137201905 -0.08376464488 3.371685672e-22)
(-0.2078209064 -0.1318744307 0)
(-0.1908232455 -0.1732742682 2.420612914e-22)
(-0.1616330302 -0.2002579465 5.773837918e-24)
(-0.1211658311 -0.2040108555 -5.85994292e-24)
(-0.07384960694 -0.1772109125 1.548135425e-22)
(-0.02971773795 -0.1188635345 -5.434506577e-24)
(-0.002179532074 -0.04005376045 0)
(-0.0002117308017 0.04671592829 0)
(-0.0112500205 0.1105486866 0)
(-0.02815623425 0.1497340019 -5.022496751e-22)
(-0.0487447422 0.1701501314 -1.880911903e-23)
(-0.07100076675 0.1766241489 2.03828706e-23)
(-0.09399436993 0.1724512919 -2.014220639e-23)
(-0.1171432516 0.1594860425 -2.316783721e-23)
(-0.1400177546 0.1384798106 -3.02967648e-22)
(-0.1621326908 0.1095157532 6.698560847e-23)
(-0.1827957122 0.07245192386 4.512970308e-23)
(-0.2009833717 0.02734968792 -4.577510247e-23)
(-0.2152268421 -0.02508627286 0)
(-0.2235560218 -0.082982552 -7.838892451e-23)
(-0.2234629888 -0.1427245628 0)
(-0.2120676734 -0.1981807625 -3.739383292e-22)
(-0.1867431564 -0.2400759587 5.244617403e-22)
(-0.1464435383 -0.2560759508 0)
(-0.09394544646 -0.2331197388 -1.493691104e-22)
(-0.04021988827 -0.1639605295 1.937236974e-22)
(-0.003201086392 -0.05861033355 -3.411217552e-22)
(-0.0002015556124 0.05297539986 0)
(-0.01067268382 0.1248161434 9.18256334e-22)
(-0.02628458404 0.1687409838 -2.440595496e-23)
(-0.04501123206 0.1916439018 9.193036157e-22)
(-0.06494615426 0.1992905551 -2.511995273e-23)
(-0.08536648689 0.1956090936 2.838744641e-23)
(-0.1059307926 0.1827876581 -2.812831609e-23)
(-0.1264926796 0.1616576902 -1.660863615e-23)
(-0.1468999837 0.1321759485 -5.260061854e-22)
(-0.166846151 0.09389654621 -8.906348772e-24)
(-0.1857306618 0.046406164 9.659909898e-24)
(-0.2024785317 -0.01023717727 3.312994611e-22)
(-0.2154157946 -0.07499731296 -5.820566939e-22)
(-0.222021235 -0.1450301179 0)
(-0.2188033713 -0.2146748554 8.886984278e-22)
(-0.201625795 -0.274000334 -4.940570366e-22)
(-0.1668638587 -0.3075798535 -1.572120668e-23)
(-0.1140218976 -0.2953799499 0)
(-0.05288473094 -0.2195793339 -1.889875931e-22)
(-0.004749174926 -0.08377241917 3.360280723e-22)
(-0.0003642157906 0.05902277791 1.550962993e-23)
(-0.01049585686 0.1379871491 -8.76390522e-22)
(-0.0244141371 0.1856790381 -1.157027491e-21)
(-0.0402676012 0.2101369597 -8.628703589e-22)
(-0.05630775288 0.2182334313 0)
(-0.07214911006 0.2146177756 3.513704028e-23)
(-0.08779284055 0.201878254 -7.294660163e-23)
(-0.103456978 0.1809999812 5.867724108e-23)
(-0.1193991538 0.1518995124 3.021280342e-22)
(-0.1357939759 0.113915185 -1.128167399e-23)
(-0.1526090875 0.06621466454 0)
(-0.1694529937 0.008177840959 -3.603838037e-22)
(-0.1852768753 -0.0601590744 7.515501537e-22)
(-0.1980455796 -0.1372737796 8.831523288e-22)
(-0.2043552153 -0.218925171 -5.296456744e-22)
(-0.1990981706 -0.2959701864 5.162531031e-22)
(-0.1760607504 -0.3514060886 1.078136129e-23)
(-0.1300891182 -0.3584139295 -1.095449615e-23)
(-0.06688800327 -0.2843267208 -8.218278371e-23)
(-0.007083309988 -0.1169960408 0)
(-0.0009095963324 0.06540009502 -1.911438389e-23)
(-0.01167607856 0.1502807938 -1.326935204e-21)
(-0.02388917003 0.200064759 1.09420776e-21)
(-0.03601394009 0.2244203524 6.734773149e-22)
(-0.04657379041 0.231657522 6.014491832e-22)
(-0.0557712314 0.2272382592 6.643802815e-22)
(-0.06411342273 0.2141766691 -4.458572682e-23)
(-0.07227667882 0.1936489632 -3.461263788e-22)
(-0.08097086682 0.1656027009 2.152119191e-22)
(-0.09087310967 0.1292709152 0)
(-0.1025559533 0.08353125449 0)
(-0.1163634119 0.02720071478 2.655354318e-22)
(-0.1321601021 -0.04061934523 8.194385244e-23)
(-0.1489262828 -0.1200120599 -2.82154187e-22)
(-0.1641293322 -0.2089292624 -5.411170175e-23)
(-0.1727884672 -0.3006984004 1.301956176e-22)
(-0.1670316017 -0.3793319978 -3.400353276e-22)
(-0.1365294768 -0.4136442525 -1.595246208e-23)
(-0.08018255106 -0.3538317812 8.207047002e-23)
(-0.01050762 -0.1594126509 -6.032427107e-22)
(-0.002260517227 0.07348861487 0)
(-0.01580374737 0.1626515311 2.145828434e-21)
(-0.02665085199 0.2117895124 0)
(-0.03422406478 0.2333936153 -1.351778818e-21)
(-0.03759487392 0.2377755899 6.184110701e-23)
(-0.03799792633 0.2312544185 -6.192950097e-22)
(-0.03668387312 0.2171892201 -4.756187162e-22)
(-0.03489167774 0.19689308 8.30108616e-22)
(-0.0337897553 0.1703341727 -1.885659949e-22)
(-0.03450016147 0.1367223149 0)
(-0.03811711197 0.09479715703 0)
(-0.04565126592 0.04304342701 2.410647219e-23)
(-0.05790931495 -0.02013718245 -6.007106897e-22)
(-0.07514715733 -0.09620586589 -4.309498114e-22)
(-0.09645278464 -0.1855550006 4.637796209e-22)
(-0.1183471137 -0.2853561718 -6.488581427e-22)
(-0.133272168 -0.3838380198 9.11968623e-23)
(-0.12653547 -0.4504352012 2.938812533e-23)
(-0.08899166894 -0.4198529774 5.660561425e-22)
(-0.01526918652 -0.2111716071 6.021059345e-22)
(-0.0051809158 0.08598034925 0)
(-0.02525570283 0.1766287012 1.465584122e-22)
(-0.03483453205 0.2205954685 -4.91705434e-23)
(-0.03640086404 0.235485097 7.64277776e-22)
(-0.03018580813 0.2343398267 -7.005233677e-22)
(-0.01916698265 0.2241596514 4.746388021e-23)
(-0.005616479428 0.2083520466 -1.018595585e-22)
(0.008568186542 0.1881238177 -3.389822934e-22)
(0.02179739429 0.1633910889 2.0627885e-22)
(0.03262636407 0.1333244631 0)
(0.03958318918 0.09664122917 0)
(0.04116882078 0.05174104338 -2.902627981e-22)
(0.03578362143 -0.003254878074 0)
(0.02198074012 -0.07058309763 -5.512123662e-22)
(-0.001265823734 -0.152573088 -1.492296365e-23)
(-0.03310552173 -0.2505945733 2.559667977e-23)
(-0.06909301547 -0.3599337544 2.203017432e-22)
(-0.09227870028 -0.4575420649 4.78882151e-24)
(-0.08718107413 -0.4698125072 -5.78953814e-22)
(-0.0210312897 -0.2698969463 0)
(-0.01111632414 0.1085974881 0)
(-0.04248917877 0.1947149707 -8.848339167e-22)
(-0.0479556855 0.2258191416 -5.410964598e-22)
(-0.03919602005 0.2282130009 4.54374498e-22)
(-0.01877921696 0.2182322188 -1.709998734e-24)
(0.007663185551 0.2028214975 -4.560967083e-23)
(0.03667865522 0.1847615735 5.696574694e-22)
(0.06582861915 0.164711586 -2.766843407e-23)
(0.09326991526 0.1423127742 -2.069747079e-22)
(0.1173878009 0.1166276269 3.142166429e-23)
(0.1365448857 0.08641171318 -3.425871036e-23)
(0.1489657488 0.05017705643 -3.690550854e-23)
(0.1525265281 0.006159571074 3.20559686e-22)
(0.1449357883 -0.04796088207 6.119535573e-22)
(0.1235151898 -0.1153049583 -5.101105813e-22)
(0.08633468365 -0.2004193033 -1.616008961e-22)
(0.03199032416 -0.3067804565 1.531353917e-22)
(-0.02362163803 -0.4239835104 7.293718707e-23)
(-0.06492429583 -0.4871610468 1.913300609e-21)
(-0.02509973973 -0.329154293 2.955001652e-21)
(-0.0200467988 0.1460727944 -4.390164765e-23)
(-0.06416413599 0.2112955524 4.417337251e-23)
(-0.05070254189 0.2177298694 1.000175822e-21)
(-0.01934141588 0.2014676975 -8.270053087e-24)
(0.02414398715 0.1809072591 0)
(0.07154035582 0.1606929872 4.363641688e-23)
(0.1190693216 0.141649271 -2.27380981e-22)
(0.164475617 0.123318007 -9.027785889e-23)
(0.206223963 0.1048116769 3.680668063e-23)
(0.2429631733 0.08507146687 -1.701630745e-23)
(0.2732197023 0.06296164092 3.42992429e-23)
(0.2952526691 0.03726316818 -6.592596297e-23)
(0.3066962859 0.006535326437 -9.303813444e-23)
(0.3049731394 -0.03087745124 1.517023274e-22)
(0.2863930618 -0.07786270251 0)
(0.2470563597 -0.1399298934 1.505556238e-22)
(0.1810918602 -0.2266299096 2.560018285e-22)
(0.09604423105 -0.3443894142 0)
(-0.006697754673 -0.4552209359 -3.675649425e-21)
(-0.0192241047 -0.3777536794 -2.892630781e-21)
(-0.02591949673 0.2276829364 -9.514175889e-22)
(-0.03998321963 0.2238216917 -1.388964701e-22)
(0.03656134004 0.181058502 -2.335550233e-22)
(0.1090501568 0.1451058021 -1.193725633e-22)
(0.1817188155 0.1172443949 -4.295756809e-23)
(0.2490086034 0.09627891214 9.782961954e-23)
(0.3100330555 0.08002496355 -1.408561164e-22)
(0.3646202137 0.06656805877 1.297150155e-22)
(0.4126244751 0.05449175333 -8.619965818e-23)
(0.453624255 0.04270897338 1.132190562e-25)
(0.4867871449 0.03032305863 1.527720245e-23)
(0.5107444936 0.01652912705 7.997099814e-23)
(0.5236592149 0.0005366300308 -1.811100811e-22)
(0.5231793964 -0.01863361975 -1.617125394e-22)
(0.5052320442 -0.04286469838 -4.262825586e-23)
(0.4658712984 -0.07633225442 0)
(0.3952694978 -0.1286089202 -1.846505162e-22)
(0.2916069903 -0.2208468044 8.148791195e-22)
(0.1197454412 -0.3525016853 1.631606159e-21)
(0.02670545506 -0.3775497875 2.172658168e-21)
(0.2142894641 0.1347447376 9.864957631e-22)
(0.2776311722 0.09870505727 0)
(0.4316592889 0.05810415851 -2.594292483e-22)
(0.5304749595 0.03846264615 -1.741639708e-22)
(0.6016965299 0.02623417747 0)
(0.657119764 0.01831921732 -6.008951394e-23)
(0.7015211464 0.01313599343 6.377850627e-23)
(0.7376039745 0.009542117983 -1.800115556e-23)
(0.7669365339 0.006804464417 2.885912107e-23)
(0.7902103612 0.004464753894 2.31499026e-23)
(0.8074552239 0.002221337157 0)
(0.8182619103 -0.0001500531401 -2.872991773e-23)
(0.8216498109 -0.002723825294 0)
(0.8162393262 -0.00571265126 2.738084194e-23)
(0.7991332748 -0.009611372541 1.421633007e-23)
(0.7679986302 -0.01500254824 -5.799460329e-23)
(0.7106555849 -0.02502520401 -2.53567715e-22)
(0.623518404 -0.04204285937 -6.918123472e-22)
(0.4230091012 -0.09182968635 0)
(0.2705674672 -0.1524021866 -2.119485977e-21)
)


// ************************************************************************* //
