/*--------------------------------*- C++ -*----------------------------------*\
  =========                 |
  \\      /  F ield         | OpenFOAM: The Open Source CFD Toolbox
   \\    /   O peration     | Website:  https://openfoam.org
    \\  /    A nd           | Version:  13
     \\/     M anipulation  |
\*---------------------------------------------------------------------------*/
FoamFile
{
    format      ascii;
    class       vectorField;
    location    "7.22";
    object      U_all;
}
// * * * * * * * * * * * * * * * * * * * * * * * * * * * * * * * * * * * * * //


400
(
(-1.680391478e-07 -1.892103312e-05 0)
(-0.0006462768372 0.0003979761033 -1.363365329e-23)
(-0.002050510345 0.0008594719672 0)
(-0.003762939127 0.001214895094 0)
(-0.005528521177 0.001415566803 4.775724986e-25)
(-0.007175060958 0.001446104463 3.933380937e-24)
(-0.00858246748 0.001312427421 1.6189041e-25)
(-0.009661209054 0.001035332916 1.570192443e-23)
(-0.01033933408 0.0006479920729 -2.825401142e-25)
(-0.01056067469 0.0001946925945 -5.158112322e-24)
(-0.01028956303 -0.0002721447362 7.169897097e-24)
(-0.009520897854 -0.0006929499348 -7.123069002e-23)
(-0.008292142346 -0.001009558835 -7.945514577e-23)
(-0.006692553233 -0.001173132037 -9.358637747e-23)
(-0.004868193465 -0.001155090731 5.693412983e-24)
(-0.003018056481 -0.0009577659982 -5.44611387e-24)
(-0.001376259792 -0.0006220774212 -2.977557293e-22)
(-0.0001946751987 -0.0002255162384 0)
(0.0003934691915 0.000107947955 6.351561927e-25)
(0.0001904996522 0.0002600250917 -6.639664995e-23)
(-0.0002435715258 0.0007976866029 1.213292209e-25)
(-0.002486574551 0.003134408727 1.372745449e-23)
(-0.006317828655 0.005141587284 1.296697295e-25)
(-0.01090856021 0.006407926256 -6.029685132e-25)
(-0.01562740841 0.006903699929 7.556048501e-25)
(-0.02004912075 0.00667836117 6.512492218e-24)
(-0.02385322378 0.005813554555 8.137511215e-24)
(-0.02679475277 0.004410739771 -1.525873094e-23)
(-0.02868053033 0.00259499365 1.464600482e-23)
(-0.02936640384 0.0005221237896 5.84874929e-24)
(-0.02876421214 -0.001617234175 -7.810714976e-24)
(-0.02686494301 -0.003604181739 2.189370254e-24)
(-0.02376683943 -0.005205476213 4.552577125e-23)
(-0.01969315321 -0.006202546719 -2.534644313e-24)
(-0.01500335594 -0.006430437128 5.011270967e-24)
(-0.01018100084 -0.005823123454 -1.468810983e-22)
(-0.005789237542 -0.004457590459 1.484430886e-22)
(-0.002400709926 -0.002591270396 -1.351143538e-24)
(-0.0003342366019 -0.0006926876466 1.38521012e-24)
(5.174498145e-05 0.0004649403966 0)
(-0.0003746041055 0.002713015659 -2.47010765e-25)
(-0.004200238683 0.008038792922 1.275662773e-23)
(-0.01027212568 0.01203842887 -8.390951336e-24)
(-0.01746301466 0.01434311342 -1.236781408e-25)
(-0.02484452131 0.01502939253 1.215002383e-25)
(-0.03180110352 0.01426958332 1.886594833e-25)
(-0.03784962701 0.01226002087 -7.732026168e-24)
(-0.04260962718 0.009208134252 -9.117720695e-25)
(-0.04577536946 0.00534937704 -1.534067082e-23)
(-0.04711088376 0.0009701278535 0)
(-0.04646650562 -0.003574797804 0)
(-0.0438083795 -0.007867914446 3.386051257e-23)
(-0.03925592729 -0.01144635417 3.577297299e-23)
(-0.03311651668 -0.01385233584 -2.277934365e-24)
(-0.0259028698 -0.01470644666 7.188491088e-23)
(-0.01832008049 -0.01380180006 1.422221675e-22)
(-0.01120373426 -0.01120667364 9.737577824e-23)
(-0.005405508231 -0.007358952222 2.364167119e-24)
(-0.001507676611 -0.003132444365 -9.275366069e-25)
(-9.771376607e-05 1.44949624e-05 0)
(-0.00044211229 0.005508594072 -3.252808898e-23)
(-0.005737209682 0.01483571171 -1.262237976e-23)
(-0.01394375011 0.02131573336 8.292614964e-24)
(-0.02362390842 0.02483823881 0)
(-0.03357842477 0.02568886871 0)
(-0.04303544434 0.02421633547 0)
(-0.05137933569 0.02075818507 -2.979413511e-25)
(-0.05811202595 0.01563912232 3.326823397e-24)
(-0.06281666885 0.009209809704 0)
(-0.06515091236 0.001893960268 3.464458097e-24)
(-0.06486826881 -0.00577593022 4.022876976e-25)
(-0.06185752884 -0.01314859202 -4.034142103e-25)
(-0.056196707 -0.01947574281 0)
(-0.04820952845 -0.02397978764 6.407406488e-23)
(-0.03850511611 -0.02596770573 -6.961389372e-23)
(-0.02798247103 -0.02499172038 -5.694765151e-23)
(-0.01776961266 -0.02103854264 -9.822013326e-23)
(-0.009076865475 -0.01470992012 6.984462519e-25)
(-0.002893928132 -0.007334157454 2.104887699e-23)
(-0.0002213392287 -0.001083024778 0)
(-0.0004660769239 0.009130247454 3.269229667e-23)
(-0.007142800268 0.02342231081 5.095834852e-25)
(-0.01739671874 0.03288077213 -4.979444635e-25)
(-0.02950164156 0.03783565089 0)
(-0.0420188036 0.03889107578 6.086033516e-25)
(-0.05404643511 0.03662507266 -6.001640208e-25)
(-0.06486221302 0.0315318403 2.55962844e-23)
(-0.07386534893 0.02404678192 5.91636513e-24)
(-0.08052478937 0.01461866709 1.723315887e-24)
(-0.08436664253 0.003791328572 -3.46849327e-24)
(-0.08499839449 -0.007729613564 0)
(-0.08215899112 -0.01904351777 7.694676549e-25)
(-0.07579588498 -0.02906447522 2.316399914e-23)
(-0.06615715953 -0.03660011764 -6.778281875e-23)
(-0.05387510393 -0.04050655924 3.621619027e-24)
(-0.04001805637 -0.0399331874 1.026655308e-22)
(-0.02606019118 -0.03463781948 -1.379302961e-24)
(-0.01371577326 -0.02530616211 0)
(-0.004604896094 -0.01374559121 4.669263783e-23)
(-0.0003360385496 -0.002975809897 -1.629148865e-22)
(-0.0004667137936 0.01352334314 9.799147723e-23)
(-0.008429076282 0.03370337021 -5.07034833e-25)
(-0.02061436816 0.04666047662 0)
(-0.03505912228 0.05331757837 0)
(-0.05012463386 0.05470477141 -7.729433141e-23)
(-0.0648107479 0.05168032492 -7.176184811e-23)
(-0.0783168517 0.04490212873 -2.835245874e-23)
(-0.08995723762 0.03489327549 -7.998326898e-24)
(-0.09908656943 0.02216017185 -1.342940415e-24)
(-0.1050751962 0.00732145305 -4.647265507e-24)
(-0.1073320134 -0.008779783818 2.576575932e-24)
(-0.1053629941 -0.02500262245 9.702410697e-25)
(-0.09887537103 -0.0398853006 -1.492161684e-23)
(-0.08791829707 -0.05171629642 -2.971450862e-23)
(-0.07303453781 -0.0587183836 0)
(-0.05540025287 -0.05938883495 -4.879990006e-23)
(-0.0368747623 -0.05299190727 1.095886765e-24)
(-0.01984975789 -0.04011294608 0)
(-0.006879572445 -0.02303786836 -6.671952564e-23)
(-0.000476810793 -0.005877972802 4.071170572e-22)
(-0.0004526213045 0.0186191672 -9.730554978e-23)
(-0.009561334553 0.04553812883 2.659590985e-22)
(-0.02349000475 0.06250594422 1.419970602e-22)
(-0.04010590927 0.07117987073 3.266858539e-24)
(-0.05761753734 0.07311537098 -6.587826161e-23)
(-0.0749666787 0.06949744767 7.622004922e-23)
(-0.09131084388 0.06114736404 -2.995091836e-24)
(-0.1059076203 0.04863888214 -1.290394466e-24)
(-0.1180111118 0.03247351465 1.839000509e-24)
(-0.1268278064 0.01326904275 4.09880688e-24)
(-0.1315307914 -0.008067458528 -2.675307268e-24)
(-0.1313183599 -0.03020442445 -1.127257891e-24)
(-0.1255418768 -0.05130231892 -2.830257292e-23)
(-0.1138988921 -0.06904267778 2.275974535e-23)
(-0.09667045729 -0.08080684428 -6.582227128e-25)
(-0.07499522302 -0.08409868023 0)
(-0.0510753242 -0.07726085163 0)
(-0.02812688552 -0.06040698994 -1.426147083e-24)
(-0.01003447576 -0.03620076672 1.457787376e-24)
(-0.0006753199514 -0.01017663297 9.130706144e-23)
(-0.0004237308959 0.02431209939 0)
(-0.01046703672 0.05870129617 1.831333392e-22)
(-0.02584005201 0.08014793355 8.189641804e-23)
(-0.04431240065 0.09117141829 0)
(-0.06399347028 0.09394264314 1.399893084e-22)
(-0.08381312787 0.09001713221 0)
(-0.1029324011 0.08037698721 -1.218979185e-22)
(-0.1205957868 0.06560316729 5.407761455e-24)
(-0.1359947033 0.04611541071 0)
(-0.1481970571 0.022429108 0)
(-0.1561419155 -0.004598446572 -9.66053651e-25)
(-0.1586833087 -0.03353919331 -5.14767557e-25)
(-0.1547263836 -0.06224999956 9.422354198e-23)
(-0.1434575979 -0.08777815809 -4.102062422e-23)
(-0.1246651099 -0.1064829655 -9.620388068e-25)
(-0.09918237921 -0.1144764412 2.023575114e-26)
(-0.06934615533 -0.1085602269 -2.056384309e-26)
(-0.03921263979 -0.08769680332 0)
(-0.01444212389 -0.05455949106 2.292044791e-24)
(-0.000969635244 -0.01644544761 -7.685430951e-22)
(-0.0003794265191 0.0304487333 0)
(-0.01106525219 0.0728576868 -1.061107649e-22)
(-0.02744853781 0.09915869163 -5.715784511e-22)
(-0.0472685369 0.1128329771 -3.432163402e-22)
(-0.06858843448 0.1167487713 0)
(-0.09037298345 0.1128781391 3.646739849e-22)
(-0.1118385859 0.1023684644 1.075856711e-22)
(-0.132276631 0.08577131956 -4.665669481e-24)
(-0.1508845656 0.06334967272 4.64257835e-24)
(-0.1666649445 0.03540655921 0)
(-0.1783769599 0.002609719128 2.392398012e-23)
(-0.1845779537 -0.03369096499 3.560983239e-24)
(-0.1837163392 -0.07119198373 -7.520818603e-23)
(-0.1743395969 -0.1064049062 4.978646365e-23)
(-0.1554933327 -0.1346059587 -1.682336513e-22)
(-0.1273143229 -0.1501596818 0)
(-0.09182204241 -0.1475555593 0)
(-0.05363140505 -0.1234961397 0)
(-0.0205169777 -0.07973990295 0)
(-0.00141084958 -0.02548195705 4.302243731e-22)
(-0.0003257768492 0.03683501796 0)
(-0.01130893804 0.08756908821 -3.232924358e-22)
(-0.02814362613 0.1189411704 8.249348124e-22)
(-0.04859113661 0.1354575669 3.305275377e-22)
(-0.07071210913 0.1407617418 0)
(-0.09354969349 0.1372969906 -3.421258217e-22)
(-0.1164296084 0.1263980165 -2.781490733e-23)
(-0.1387619993 0.1085735246 2.916463589e-22)
(-0.1598457841 0.08387826468 1.535035552e-22)
(-0.1787388823 0.05230817007 -3.504096708e-23)
(-0.1941765822 0.01419503854 1.521809497e-23)
(-0.2045477306 -0.02940116316 -6.78075854e-24)
(-0.2079366042 -0.07626198974 2.834496814e-22)
(-0.2022659409 -0.1226352921 0)
(-0.185649553 -0.1628815559 1.683148381e-22)
(-0.1570803808 -0.189475534 3.557173561e-24)
(-0.1175526749 -0.1938400068 -3.610233375e-24)
(-0.07148337097 -0.1688644319 8.478434654e-23)
(-0.02867440287 -0.1135185839 -3.37463108e-24)
(-0.002076494111 -0.0383368471 0)
(-0.0002841461411 0.04327416403 0)
(-0.01124346222 0.102344324 0)
(-0.02790459623 0.1387608608 -4.642656522e-22)
(-0.04807813199 0.1580914949 -1.735089645e-23)
(-0.06985170909 0.164841005 1.844549035e-23)
(-0.09239012177 0.1619939665 -1.822769064e-23)
(-0.1151832033 0.1511198577 -2.052646516e-23)
(-0.1378371449 0.132707654 -2.64801275e-22)
(-0.1598649445 0.1065976645 6.290693118e-23)
(-0.1805381577 0.07242916465 3.889332172e-23)
(-0.1987719765 0.03008281211 -3.921599088e-23)
(-0.2130305881 -0.01986688975 0)
(-0.2212900581 -0.07563540486 -5.631848073e-23)
(-0.2210323994 -0.1336407509 0)
(-0.2094377184 -0.1878112591 -3.185813397e-22)
(-0.1840122564 -0.2290104265 4.279306837e-22)
(-0.1438903686 -0.2451816675 0)
(-0.09199554134 -0.2236571906 -8.141250772e-23)
(-0.03922063579 -0.1574716751 1.227594215e-22)
(-0.00308911011 -0.05632320284 -2.701236624e-22)
(-0.000304691974 0.04964570267 0)
(-0.0110839524 0.1167434944 8.580402949e-22)
(-0.02699219007 0.1578291451 -2.271833232e-23)
(-0.04589123398 0.1795881072 8.552375329e-22)
(-0.06591614175 0.1875082192 -2.317085738e-23)
(-0.08641356456 0.1852059012 2.575122275e-23)
(-0.1071005375 0.1745571622 -2.551614648e-23)
(-0.1278566314 0.156092851 -1.489883076e-23)
(-0.14851775 0.1294886012 -4.72128094e-22)
(-0.1687279926 0.09404810044 -7.973463678e-24)
(-0.1878074994 0.04916090387 8.647781974e-24)
(-0.2046047799 -0.005237855962 3.015498175e-22)
(-0.2173517068 -0.06813629243 -5.22079815e-22)
(-0.2234796226 -0.136667272 0)
(-0.2195450526 -0.2051213156 7.816030018e-22)
(-0.2015431171 -0.2636042909 -4.033332174e-22)
(-0.1660839578 -0.2969247932 -1.282402951e-23)
(-0.1129655073 -0.285555213 0)
(-0.05211746535 -0.2123202873 -1.192189713e-22)
(-0.004638780732 -0.0809671048 2.662575319e-22)
(-0.0004916495557 0.05604226426 1.450951774e-23)
(-0.01131926084 0.1305425333 -8.189346859e-22)
(-0.0260894741 0.1754358142 -1.089437637e-21)
(-0.04272722138 0.1987120788 -8.027710547e-22)
(-0.05945007736 0.2070491684 0)
(-0.07590255228 0.2048066048 3.231009551e-23)
(-0.09212112779 0.194246015 -6.691404093e-23)
(-0.1083379564 0.1760206133 5.36628643e-23)
(-0.1247969055 0.1497326793 2.734322989e-22)
(-0.1416296286 0.1144391293 -1.030607557e-23)
(-0.1587347765 0.06909215981 0)
(-0.1756267319 0.0129492585 -3.275785066e-22)
(-0.1911780967 -0.05394628133 6.935104442e-22)
(-0.2032999862 -0.1299900475 8.237660844e-22)
(-0.2085696911 -0.2107836142 -4.749764984e-22)
(-0.201965312 -0.2870855416 4.715964673e-22)
(-0.1774824037 -0.3419991632 8.318033629e-24)
(-0.1303337533 -0.349192301 -8.45162973e-24)
(-0.0665751888 -0.2769250045 -1.430945664e-22)
(-0.006994217637 -0.1138331443 0)
(-0.001052697959 0.06298731671 -1.802898836e-23)
(-0.01285772509 0.1439338039 -1.260048397e-21)
(-0.02642936795 0.1910725985 1.030599649e-21)
(-0.03990779334 0.2142257735 6.386033556e-22)
(-0.05169616976 0.2216222345 5.683886763e-22)
(-0.0619709509 0.2184799898 6.244827568e-22)
(-0.07123921621 0.2074923591 -4.139649654e-23)
(-0.08017487331 0.1894894956 -3.2338609e-22)
(-0.08948000227 0.1640909909 2.010564952e-22)
(-0.09981319035 0.13022875 0)
(-0.1117131513 0.08655377992 0)
(-0.1254777307 0.03175552652 2.514397013e-22)
(-0.1409182692 -0.03507762114 8.630704758e-23)
(-0.1569595371 -0.1138969095 -2.523970634e-22)
(-0.171025793 -0.2024315803 -5.103983945e-23)
(-0.1781406597 -0.2937939947 1.382044623e-22)
(-0.1705326817 -0.3719195337 -3.075258978e-22)
(-0.1382052384 -0.4059446465 -4.252417919e-23)
(-0.08050257062 -0.3470727476 1.428989889e-22)
(-0.01046827007 -0.1561666838 -6.417664031e-22)
(-0.002406615801 0.07181525578 0)
(-0.01723302761 0.1577863789 2.044840673e-21)
(-0.02982793089 0.2045377805 0)
(-0.03921191079 0.2249331005 -1.289665459e-21)
(-0.04424911891 0.2293315337 6.606301842e-23)
(-0.04607912619 0.2238750774 -5.819542285e-22)
(-0.04590810775 0.2116344601 -4.498013328e-22)
(-0.04495005152 0.193583085 7.79604567e-22)
(-0.04437623514 0.1693908043 -1.760159545e-22)
(-0.04532827938 0.1379567427 0)
(-0.04891614047 0.09779817571 0)
(-0.05617224103 0.04726241924 2.640629112e-23)
(-0.06790918295 -0.01527689106 -5.722671123e-22)
(-0.08436135149 -0.09116850343 -4.108424239e-22)
(-0.1045855732 -0.1805758535 4.509522053e-22)
(-0.1250441586 -0.280420536 -6.129815045e-22)
(-0.1381236395 -0.3786722698 7.618188678e-23)
(-0.1293547348 -0.4448208004 5.719080224e-23)
(-0.08996613292 -0.4144526853 5.779387189e-22)
(-0.01530229089 -0.2081982963 6.405569936e-22)
(-0.005307988079 0.08513549462 0)
(-0.02673838021 0.173474357 1.500257022e-22)
(-0.03824928026 0.2154067919 -4.740986715e-23)
(-0.04188630889 0.2291039592 7.330935344e-22)
(-0.0376039801 0.2277772826 -6.694960946e-22)
(-0.02821562297 0.2183317077 4.528432129e-23)
(-0.01591117493 0.2039459532 -1.00667816e-22)
(-0.002519786241 0.1855453927 -3.196249008e-22)
(0.01035417948 0.162765874 1.966548475e-22)
(0.02119843767 0.1345161508 0)
(0.02849535694 0.0993041809 0)
(0.03065796256 0.05539098902 -2.784379391e-22)
(0.02602825054 0.0008504900143 0)
(0.01313114943 -0.06650756342 -5.403205969e-22)
(-0.009107308119 -0.1488503371 -8.525571966e-24)
(-0.03977417917 -0.2472793533 2.49194184e-23)
(-0.07419857535 -0.3567736468 2.037626239e-22)
(-0.09558089624 -0.454056127 5.334403512e-24)
(-0.0886175979 -0.4661657227 -5.920916586e-22)
(-0.02114802869 -0.2675507045 0)
(-0.01118468514 0.1085226135 0)
(-0.043706952 0.1932333062 -8.568534328e-22)
(-0.0509616884 0.2227327342 -5.301782199e-22)
(-0.0442237659 0.2240004998 4.453856869e-22)
(-0.0257635184 0.2136324365 -1.854649945e-24)
(-0.000998657925 0.1985701661 -4.423241271e-23)
(0.02675408415 0.1814379345 5.462606286e-22)
(0.05513481135 0.1627009769 -2.646380407e-23)
(0.0823047726 0.1417537751 -1.971186191e-22)
(0.106594779 0.1174659649 3.018109522e-23)
(0.1262908704 0.08841082861 -3.307642936e-23)
(0.1395097225 0.05297288923 -3.594909349e-23)
(0.1440163382 0.00933484817 3.136993973e-22)
(0.137426002 -0.04485358488 6.003030199e-22)
(0.1170091664 -0.1126170921 -5.029145675e-22)
(0.08080377132 -0.1982807504 -1.633762964e-22)
(0.02768141225 -0.3050525811 1.493184696e-22)
(-0.02660554744 -0.4223023205 7.260766941e-23)
(-0.06645211261 -0.485234004 1.905135667e-21)
(-0.02528194249 -0.327665763 2.945168946e-21)
(-0.0200029691 0.1464831439 -4.322255519e-23)
(-0.06472014643 0.2110543454 4.349015756e-23)
(-0.05248342818 0.2163911201 9.85147722e-22)
(-0.02271397068 0.1991868012 -4.370784584e-24)
(0.01907562615 0.1781494003 0)
(0.06490604536 0.1579703072 4.243586669e-23)
(0.1111739105 0.1393964427 -2.196377067e-22)
(0.1557471108 0.1218456529 -8.692879423e-23)
(0.1971381461 0.1042704985 3.534538856e-23)
(0.233980524 0.08546595096 -1.633392737e-23)
(0.2647414727 0.06416010349 3.311556529e-23)
(0.2875912097 0.03902930777 -6.415818056e-23)
(0.3000081582 0.008574509059 -9.061553043e-23)
(0.2993192961 -0.028865011 1.501484765e-22)
(0.2817610618 -0.07615229815 0)
(0.2433204014 -0.1386849214 1.529323339e-22)
(0.1781847254 -0.2258076704 2.526408646e-22)
(0.09394378209 -0.3438520282 0)
(-0.007844826562 -0.4545464091 -3.659553984e-21)
(-0.01940078646 -0.3771279116 -2.882977099e-21)
(-0.02579424641 0.2281120518 -9.47683773e-22)
(-0.0397780657 0.2241254334 -1.377081855e-22)
(0.03635536965 0.1808117117 -2.299596466e-22)
(0.1079412115 0.1442928212 -1.169698093e-22)
(0.179413621 0.1160702727 -4.267510003e-23)
(0.2454222838 0.09500736968 9.601067708e-23)
(0.3052921035 0.07890501737 -1.368816627e-22)
(0.3590133518 0.06578921857 1.250900502e-22)
(0.4065369585 0.05416013132 -8.279684341e-23)
(0.4474720762 0.04284686599 1.149601871e-25)
(0.4809591298 0.03087286885 1.481912093e-23)
(0.505562626 0.01737200363 7.783130658e-23)
(0.5193251188 0.001495022695 -1.777242996e-22)
(0.5197794423 -0.01769316071 -1.600559971e-22)
(0.5027179574 -0.04209327329 -4.255604394e-23)
(0.4640875686 -0.07583300625 0)
(0.394024589 -0.1283907362 -1.804053348e-22)
(0.2907271258 -0.2208253967 8.099362151e-22)
(0.1191870081 -0.3524638544 1.624170115e-21)
(0.02656557732 -0.3774702771 2.168788099e-21)
(0.2144197069 0.1348727499 9.823772685e-22)
(0.2780405262 0.09887144072 0)
(0.4321228154 0.05818432603 -2.577084158e-22)
(0.5306779031 0.03843753324 -1.734214393e-22)
(0.6013659181 0.02613170979 0)
(0.6561231807 0.01818501183 -5.911250283e-23)
(0.6998790541 0.01301624676 6.193605542e-23)
(0.735460289 0.009472777752 -1.726849132e-23)
(0.7645138964 0.006804961234 2.769471847e-23)
(0.7877606536 0.004537829115 2.223085238e-23)
(0.8052158556 0.002353180953 0)
(0.8164134206 1.79509308e-05 -2.791645448e-23)
(0.8203028546 -0.002562880263 0)
(0.8154225209 -0.005580743988 2.701330879e-23)
(0.7987631786 -0.009527131868 1.451557937e-23)
(0.7679338487 -0.0149773311 -5.742935516e-23)
(0.710730929 -0.02504954953 -2.509295485e-22)
(0.6235898554 -0.0420932854 -6.87927481e-22)
(0.4230093637 -0.09187719993 0)
(0.2705558839 -0.1524252403 -2.115710315e-21)
)


// ************************************************************************* //
