/*--------------------------------*- C++ -*----------------------------------*\
  =========                 |
  \\      /  F ield         | OpenFOAM: The Open Source CFD Toolbox
   \\    /   O peration     | Website:  https://openfoam.org
    \\  /    A nd           | Version:  13
     \\/     M anipulation  |
\*---------------------------------------------------------------------------*/
FoamFile
{
    format      ascii;
    class       vectorField;
    location    "7.62";
    object      U_all;
}
// * * * * * * * * * * * * * * * * * * * * * * * * * * * * * * * * * * * * * //


400
(
(1.481280294e-06 -2.167035487e-05 0)
(-0.000648501582 0.0003998102136 -1.389686318e-23)
(-0.002068307173 0.0008676140338 0)
(-0.003801327594 0.001228190302 0)
(-0.005588919047 0.001431944751 5.071842762e-25)
(-0.007255761003 0.001463184905 3.964662159e-24)
(-0.008679490467 0.00132786286 -9.252569293e-25)
(-0.009768834687 0.001047120264 1.451823732e-23)
(-0.01045053017 0.0006547547573 -2.718697675e-25)
(-0.01066780667 0.0001959726427 -4.986989619e-24)
(-0.01038489363 -0.0002761253441 6.969016476e-24)
(-0.009597476225 -0.0007006993631 -6.946835325e-23)
(-0.008345064403 -0.001018882156 -7.739257916e-23)
(-0.006719718336 -0.001181460943 -9.124511663e-23)
(-0.004871001872 -0.001160040061 5.52647647e-24)
(-0.003001622014 -0.0009577404345 -5.250723547e-24)
(-0.001348537485 -0.0006169273513 -2.831192603e-22)
(-0.0001672295454 -0.0002168535785 0)
(0.0004126530327 0.0001177646752 5.627206163e-25)
(0.0001954799582 0.0002671355484 -5.684367584e-23)
(-0.0002462024715 0.0008013992423 1.236834253e-25)
(-0.002515787069 0.00316790236 1.399113859e-23)
(-0.006398231643 0.005204803015 1.33346437e-25)
(-0.0110519802 0.006490701352 -6.381347738e-25)
(-0.01583587089 0.006994100287 8.136776728e-25)
(-0.02031703288 0.006764730286 7.453127474e-24)
(-0.02416897431 0.005885494611 7.169917932e-24)
(-0.02714210359 0.004459847886 -1.410313952e-23)
(-0.02903993935 0.002615631393 1.399625883e-23)
(-0.02971731773 0.0005121329041 5.651938309e-24)
(-0.02908590398 -0.001655335522 -7.591345767e-24)
(-0.02713869798 -0.003664287838 2.298777933e-24)
(-0.02397940413 -0.005277815969 4.45487002e-23)
(-0.01983805798 -0.006275060804 -2.448467617e-24)
(-0.01508240903 -0.00649079221 4.824255123e-24)
(-0.01020465971 -0.005861186575 -1.395078792e-22)
(-0.005775350397 -0.004468046298 1.406603893e-22)
(-0.002372650313 -0.00257633439 -1.208526756e-24)
(-0.0003096529617 -0.000662315713 1.238997448e-24)
(5.715509655e-05 0.0004873799006 0)
(-0.0003807229872 0.002742735734 -2.53222808e-25)
(-0.004262013971 0.008143463086 1.336647214e-23)
(-0.0104247681 0.0122045682 -8.371073279e-24)
(-0.01772308741 0.01454514529 -1.356043594e-25)
(-0.02521332568 0.0152405501 1.332166308e-25)
(-0.03226889954 0.01446505135 1.627307518e-25)
(-0.03839776683 0.01241837673 -6.798370994e-24)
(-0.04321264981 0.009312461099 -8.464634315e-25)
(-0.04640314785 0.005388543283 -1.465939973e-23)
(-0.04773053983 0.0009400663316 0)
(-0.04704595263 -0.003669293363 0)
(-0.04431933484 -0.008014518646 3.281009647e-23)
(-0.03967634015 -0.01162528676 3.464496875e-23)
(-0.03343378116 -0.01403871157 -2.184282513e-24)
(-0.02611576045 -0.01487381723 6.841042595e-23)
(-0.01843943831 -0.01392676711 1.350639744e-22)
(-0.01125121712 -0.01127418132 8.877547038e-23)
(-0.005410605923 -0.007367714608 2.072707036e-24)
(-0.001497233811 -0.003099008389 -7.727927818e-25)
(-9.622105715e-05 4.754868094e-05 0)
(-0.0004506534214 0.005582078723 -3.398099648e-23)
(-0.005830712762 0.01504837089 -1.323775841e-23)
(-0.01416821991 0.02162923526 8.276512734e-24)
(-0.02400017687 0.02520522181 0)
(-0.03410678552 0.02606367593 0)
(-0.04370239919 0.02455813531 0)
(-0.05216028742 0.02103238603 -2.621482148e-25)
(-0.0589738614 0.01581870706 2.557397961e-24)
(-0.06372032293 0.009277125847 0)
(-0.06605398552 0.001842661765 3.202917621e-24)
(-0.06572862485 -0.005939801997 3.845876119e-25)
(-0.06263670734 -0.01340581852 -3.856645252e-25)
(-0.0568631686 -0.01979539562 0)
(-0.04874214862 -0.02432219678 6.073053796e-23)
(-0.0388958144 -0.02628932292 -6.623252016e-23)
(-0.02823777276 -0.02525189926 -5.258677192e-23)
(-0.01791032387 -0.0212078839 -8.947112633e-23)
(-0.009135403003 -0.01477936253 7.108065138e-25)
(-0.002904788427 -0.007323007107 3.256656442e-23)
(-0.0002228200535 -0.001047916245 0)
(-0.0004755813597 0.009264333115 3.415127182e-23)
(-0.007263046282 0.02377690196 5.046160033e-25)
(-0.01768370049 0.03338197325 -4.930906418e-25)
(-0.02998039861 0.03840862954 0)
(-0.04268932052 0.03946815875 6.319885053e-25)
(-0.05489271388 0.03714756002 -6.232250261e-25)
(-0.06585555639 0.03195068245 2.714407738e-23)
(-0.07496729375 0.02432378486 7.680175749e-24)
(-0.08168984545 0.01472858443 2.360281346e-24)
(-0.08554511832 0.003724256549 -3.206648165e-24)
(-0.08613988253 -0.00796655639 0)
(-0.08321575347 -0.01942549482 7.212435068e-25)
(-0.07672629382 -0.02955008682 2.126195853e-23)
(-0.06692947308 -0.03713470792 -6.421204424e-23)
(-0.05447089569 -0.0410278636 3.372114997e-24)
(-0.04043520615 -0.04037985132 9.367523787e-23)
(-0.02631452161 -0.03496080583 -1.231091328e-24)
(-0.01384021638 -0.02548216101 0)
(-0.004642236484 -0.01378969842 4.787538948e-23)
(-0.0003402295575 -0.002952884382 -1.770072406e-22)
(-0.0004757662543 0.01373116132 9.792206515e-23)
(-0.008567373148 0.03422599049 -5.040137434e-25)
(-0.02094567644 0.04738049155 0)
(-0.03561244777 0.05412839021 0)
(-0.05090083332 0.05551464312 -7.867971072e-23)
(-0.06579312414 0.05241176282 -7.359986907e-23)
(-0.07947495322 0.04549111255 -3.006697408e-23)
(-0.09125004747 0.0352899314 -8.985682854e-24)
(-0.1004652632 0.02233092181 -1.911058541e-24)
(-0.1064858804 0.007251726376 -5.150174442e-24)
(-0.1087188927 -0.009083428308 3.154515782e-24)
(-0.1066712837 -0.02551186048 2.105994643e-24)
(-0.1000544695 -0.04055034748 -1.550581071e-23)
(-0.08892555772 -0.05246911272 -2.468338534e-23)
(-0.07383919488 -0.05947810674 0)
(-0.05598800694 -0.06007097287 -4.388714424e-23)
(-0.03725217321 -0.05352216862 9.290668168e-25)
(-0.02004675797 -0.04044538237 0)
(-0.006945982052 -0.02317371118 -7.954178768e-23)
(-0.0004835881917 -0.005881321454 4.370701691e-22)
(-0.0004599255326 0.01890803301 -9.723927999e-23)
(-0.009705460202 0.04624274172 2.683081483e-22)
(-0.02383872603 0.06346145163 1.434788224e-22)
(-0.04069164353 0.07224583439 3.315643032e-24)
(-0.05844310901 0.07417527025 -6.69176851e-23)
(-0.07601650905 0.07045500281 7.819557061e-23)
(-0.09255509059 0.06192385446 -3.078321512e-24)
(-0.1073055935 0.04917296822 -1.352526207e-24)
(-0.1195140488 0.03272319577 1.936239745e-24)
(-0.1283814373 0.01321448244 4.566963824e-24)
(-0.1330783871 -0.008421611065 -3.224659181e-24)
(-0.1328025376 -0.03082981494 -2.379549922e-24)
(-0.1269069553 -0.05214378907 -2.895338736e-23)
(-0.115094304 -0.07002236944 1.403849478e-23)
(-0.09765402029 -0.08182808185 -4.782177378e-25)
(-0.07573868113 -0.08505399917 0)
(-0.05157155398 -0.0780464428 0)
(-0.02839714268 -0.06094505527 -1.649109552e-24)
(-0.01013121123 -0.03646651796 1.685693152e-24)
(-0.000684487389 -0.01022213784 9.312053772e-23)
(-0.0004280342377 0.02468136469 0)
(-0.01060171163 0.0595858633 1.855774624e-22)
(-0.02617192448 0.08133645368 8.300791403e-23)
(-0.0448760441 0.09249026767 0)
(-0.06479429635 0.09525117657 1.423666454e-22)
(-0.08483800631 0.09120111035 0)
(-0.1041539237 0.0813439798 -1.248932608e-22)
(-0.1219759782 0.0662814032 5.565581582e-24)
(-0.137487992 0.04645528385 0)
(-0.1497529016 0.02240551039 0)
(-0.1577094056 -0.004984459592 -1.025940303e-24)
(-0.1602091063 -0.03425727718 -5.760926352e-25)
(-0.1561559734 -0.06324483454 1.023333124e-22)
(-0.1447399836 -0.08896792854 -4.195012883e-23)
(-0.1257520731 -0.1077616027 -1.198929148e-24)
(-0.1000333696 -0.1157183346 2.467964457e-25)
(-0.06993706297 -0.1096319631 -2.506972251e-25)
(-0.03954823455 -0.08848101508 0)
(-0.0145685415 -0.05499108044 2.430514873e-24)
(-0.0009812121345 -0.0165493705 -8.057396392e-22)
(-0.0003795996545 0.03088837688 0)
(-0.01117353433 0.0739013557 -1.069897513e-22)
(-0.02772496577 0.1005551857 -5.783215773e-22)
(-0.04774782912 0.11437901 -3.478333077e-22)
(-0.069278551 0.1182815055 0)
(-0.0912638662 0.1142668552 3.714815143e-22)
(-0.1129063385 0.1035086805 1.102329347e-22)
(-0.1334877293 0.086582905 -4.798829786e-24)
(-0.1521996714 0.06377784475 4.775079384e-24)
(-0.1680423213 0.03542355829 0)
(-0.1797729032 0.002215564118 2.469613557e-23)
(-0.1859515973 -0.03446653165 3.729638492e-24)
(-0.1850287025 -0.07229542857 -8.002151766e-23)
(-0.1755487432 -0.1077564678 5.428773628e-23)
(-0.1565548748 -0.136099632 -1.793627808e-22)
(-0.1281821231 -0.1516624597 0)
(-0.09245543626 -0.1489118133 0)
(-0.0540109023 -0.1245468003 0)
(-0.02066888265 -0.08036520145 0)
(-0.001424874424 -0.02565979402 4.49596515e-22)
(-0.0003210060889 0.03732527969 0)
(-0.01137440012 0.0887314323 -3.26983327e-22)
(-0.02832634002 0.1204969377 8.347380084e-22)
(-0.04892336089 0.1371801309 3.349833336e-22)
(-0.07120374487 0.1424691374 0)
(-0.09419380358 0.138843954 -3.484792552e-22)
(-0.1172062225 0.1276701243 -2.838804896e-23)
(-0.1396428887 0.1094852012 2.978037748e-22)
(-0.1607992223 0.08437341701 1.569957265e-22)
(-0.1797340277 0.05236110536 -3.587696873e-23)
(-0.1951860669 0.01380965179 1.543516001e-23)
(-0.2055498842 -0.03019605316 -7.004816342e-24)
(-0.208913627 -0.07741353924 2.916401769e-22)
(-0.2031984477 -0.1240705529 0)
(-0.1865106983 -0.1645054018 1.794493518e-22)
(-0.1578308874 -0.1911635513 3.893964255e-24)
(-0.1181426186 -0.195431266 -3.952045057e-24)
(-0.07186606464 -0.1701669566 9.549037911e-23)
(-0.02884145395 -0.1143486189 -3.689073353e-24)
(-0.002092827146 -0.03860101946 0)
(-0.0002741270524 0.043786626 0)
(-0.01125278926 0.1035672438 0)
(-0.02796138543 0.1404055321 -4.697407652e-22)
(-0.04820940451 0.1599168921 -1.756231833e-23)
(-0.07006863373 0.1666502374 1.872860467e-23)
(-0.09268914948 0.1636295666 -1.850746363e-23)
(-0.1155490874 0.1524597561 -2.091788232e-23)
(-0.1382480942 0.1336639905 -2.704456829e-22)
(-0.1602983037 0.1071173128 6.356388273e-23)
(-0.1809758768 0.07249352067 3.983000909e-23)
(-0.1992046441 0.02970446661 -4.020727627e-23)
(-0.2134594694 -0.02065130995 0)
(-0.2217248132 -0.07677120443 -5.961757715e-23)
(-0.2214843459 -0.1350641274 0)
(-0.2099094885 -0.1894467735 -3.271619422e-22)
(-0.1844863461 -0.2307594573 4.42871617e-22)
(-0.1443223658 -0.2469024443 0)
(-0.09231877019 -0.2251481997 -9.180214021e-23)
(-0.03938341353 -0.1584892551 1.337088611e-22)
(-0.003107129744 -0.05667920699 -2.811208425e-22)
(-0.0002897183038 0.05014586776 0)
(-0.01102930734 0.1179559321 8.668629832e-22)
(-0.02690245391 0.1594760766 -2.296474764e-23)
(-0.04578576538 0.1814254319 8.646588469e-22)
(-0.06580723316 0.1893297697 -2.345696823e-23)
(-0.08630243846 0.1868451006 2.614283592e-23)
(-0.1069790076 0.1758868265 -2.590418625e-23)
(-0.1277119693 0.1570258013 -1.515714151e-23)
(-0.1483385476 0.1299784624 -4.80301614e-22)
(-0.1685101398 0.09408818326 -8.115622743e-24)
(-0.1875589854 0.04877841554 8.804359901e-24)
(-0.2043465077 -0.005992394196 3.061947726e-22)
(-0.2171189064 -0.06920303157 -5.3142376e-22)
(-0.2233149471 -0.1379874609 0)
(-0.2194842158 -0.2066413099 7.983253397e-22)
(-0.2016012905 -0.2652626673 -4.173759298e-22)
(-0.1662403988 -0.2986234179 -1.327465756e-23)
(-0.1131520872 -0.2871181578 0)
(-0.05224614516 -0.2134692457 -1.299840436e-22)
(-0.004656942894 -0.08140825383 2.770653482e-22)
(-0.0004725563844 0.05649330223 1.465653943e-23)
(-0.0111998781 0.1316675548 -8.273530377e-22)
(-0.02584836471 0.1769904585 -1.099417859e-21)
(-0.0423743859 0.2004624416 -8.116088222e-22)
(-0.05899956367 0.2087873611 0)
(-0.07536322114 0.206361404 3.27333263e-23)
(-0.09149627836 0.1954880864 -6.782136135e-23)
(-0.1076287539 0.1768656155 5.442261472e-23)
(-0.124006856 0.150142509 2.778079668e-22)
(-0.1407694384 0.1144204259 -1.045619175e-23)
(-0.1578264859 0.06868841944 0)
(-0.1747068835 0.01222742791 -3.32697848e-22)
(-0.1902967018 -0.05491526919 7.026598029e-22)
(-0.2025168188 -0.1311457001 8.332125143e-22)
(-0.2079457418 -0.2120882903 -4.835691399e-22)
(-0.2015480765 -0.2885145432 4.78682174e-22)
(-0.1772879237 -0.3435118197 8.70382949e-24)
(-0.1303153262 -0.3506736508 -8.843618407e-24)
(-0.06663337247 -0.2781071433 -1.335819658e-22)
(-0.007009503245 -0.1143353695 0)
(-0.001030783313 0.06335442283 -1.818960213e-23)
(-0.01268084746 0.1448970991 -1.269966064e-21)
(-0.02605030928 0.1924426055 1.039993344e-21)
(-0.03932623146 0.2157931418 6.437829712e-22)
(-0.05092876039 0.2231871248 5.733152236e-22)
(-0.06103766487 0.2198730339 6.304615795e-22)
(-0.07016029474 0.2085859298 -4.188062897e-23)
(-0.07897151735 0.1902034421 -3.268588481e-22)
(-0.08817545389 0.1643940101 2.032398032e-22)
(-0.09843495067 0.130137491 0)
(-0.1102950883 0.08612336739 0)
(-0.1240614635 0.03106544317 2.536787801e-22)
(-0.1395544546 -0.03594257211 8.565054081e-23)
(-0.1557090269 -0.1148687406 -2.570898189e-22)
(-0.1699540344 -0.2034779229 -5.153202055e-23)
(-0.1773118112 -0.2949115705 1.369903301e-22)
(-0.1699995584 -0.3731198869 -3.127175579e-22)
(-0.1379566027 -0.4071948011 -3.831996279e-23)
(-0.08045965068 -0.3481618445 1.333993959e-22)
(-0.01047625086 -0.1566870978 -6.357762913e-22)
(-0.002383938063 0.07207047136 0)
(-0.01701561235 0.1585261193 2.05982345e-21)
(-0.02934560408 0.2056444796 0)
(-0.03845337371 0.2262357734 -1.298886549e-21)
(-0.04323329824 0.2306499508 6.542563414e-23)
(-0.04483881624 0.2250503272 -5.875479459e-22)
(-0.04448375522 0.212545643 -4.537034704e-22)
(-0.04338696171 0.1941554148 7.873056961e-22)
(-0.04272037323 0.1695951874 -1.779526608e-22)
(-0.04362492061 0.1378136382 0)
(-0.04720951677 0.0973647027 0)
(-0.05450367135 0.04662129547 2.60467583e-23)
(-0.0663191665 -0.01603502521 -5.768201042e-22)
(-0.08289751587 -0.09196712573 -4.140765528e-22)
(-0.1032946836 -0.1813800359 4.530223286e-22)
(-0.1239803758 -0.28122114 -6.187326857e-22)
(-0.1373652278 -0.3795096839 7.852005828e-23)
(-0.1289189268 -0.4457488914 5.279082408e-23)
(-0.0898153284 -0.4153322048 5.760428244e-22)
(-0.01529955094 -0.2086804042 6.34578178e-22)
(-0.005288143728 0.08526387056 0)
(-0.0265112869 0.173953052 1.495002616e-22)
(-0.03772693859 0.2161977519 -4.767075911e-23)
(-0.04104541312 0.23008549 7.377206095e-22)
(-0.0364621321 0.2288007276 -6.741106213e-22)
(-0.02681479328 0.2192581761 4.561149628e-23)
(-0.01430822346 0.2046667742 -1.008291957e-22)
(-0.000782453335 0.1859910214 -3.225780209e-22)
(0.0121605896 0.1629085131 1.981344174e-22)
(0.02301432586 0.1343692508 0)
(0.0302663639 0.09891608632 0)
(0.03234410342 0.05483500088 -2.80322091e-22)
(0.02760001634 0.0002114249526 0)
(0.0145525625 -0.06715350932 -5.42102643e-22)
(-0.00784821647 -0.1494458009 -9.55612201e-24)
(-0.03869263012 -0.2478104509 2.50306844e-23)
(-0.07339761112 -0.3572745931 2.064655534e-22)
(-0.0950678309 -0.4546585422 5.244869183e-24)
(-0.08838297956 -0.4667700958 -5.899961622e-22)
(-0.02113229237 -0.2679361446 0)
(-0.0111740031 0.1085327722 0)
(-0.04352065341 0.1934559353 -8.610014816e-22)
(-0.05050194886 0.2232007566 -5.317675082e-22)
(-0.0434525829 0.2246457794 4.46673187e-22)
(-0.02468761025 0.2143472322 -1.832760402e-24)
(0.0003433198942 0.1992426616 -4.443380636e-23)
(0.02830180005 0.1819772221 5.49755188e-22)
(0.05681411751 0.1630441283 -2.66472322e-23)
(0.08403943151 0.1418731567 -1.986347835e-22)
(0.1083142002 0.1173635162 3.037316365e-23)
(0.1279345358 0.08811952815 -3.326176322e-23)
(0.1410348859 0.05254830736 -3.610141043e-23)
(0.1453939563 0.008847791072 3.148268816e-22)
(0.1386437398 -0.04534672159 6.022088056e-22)
(0.1180700267 -0.1130460456 -5.040790418e-22)
(0.08172674156 -0.1986262627 -1.631056511e-22)
(0.02834124318 -0.305339924 1.497522235e-22)
(-0.02616050104 -0.4225765379 7.269230192e-23)
(-0.06618313377 -0.4855508662 1.90653978e-21)
(-0.02525228376 -0.3279088294 2.946917943e-21)
(-0.02000972031 0.1464193131 -4.332189656e-23)
(-0.06463638369 0.2110879927 4.359010183e-23)
(-0.05221372349 0.2165914023 9.872996723e-22)
(-0.02219972714 0.1995336915 -4.972055343e-24)
(0.01985251787 0.1785749778 0)
(0.06592885398 0.1583977217 4.260906704e-23)
(0.1124001956 0.1397582191 -2.207770835e-22)
(0.1571131554 0.1220915942 -8.742623934e-23)
(0.1985713343 0.1043734356 3.556562516e-23)
(0.2354088276 0.08542078029 -1.64404598e-23)
(0.2661005789 0.0639832929 3.330111808e-23)
(0.2888363971 0.03875437288 -6.443399094e-23)
(0.3010916111 0.008241621611 -9.102999508e-23)
(0.3002315037 -0.02919247973 1.503928182e-22)
(0.2825137891 -0.07643200324 0)
(0.2439337575 -0.1388954324 1.52564444e-22)
(0.1786486714 -0.2259738414 2.533797749e-22)
(0.09427107181 -0.3439241832 0)
(-0.007656848081 -0.4546525695 -3.662340179e-21)
(-0.01937289018 -0.377227137 -2.884692295e-21)
(-0.02581332821 0.2280461364 -9.482241497e-22)
(-0.03981101222 0.2240772138 -1.378765799e-22)
(0.0363831123 0.1808465595 -2.304700372e-22)
(0.1081061131 0.1444150072 -1.173151677e-22)
(0.1797617281 0.1162494806 -4.270751871e-23)
(0.2459693511 0.09520499307 9.625321643e-23)
(0.3060222005 0.0790827462 -1.37446004e-22)
(0.3598845024 0.06591686205 1.257729977e-22)
(0.4074908866 0.05421947266 -8.331115848e-23)
(0.4484436974 0.04283224696 1.143392895e-25)
(0.4818853425 0.0307908958 1.488941412e-23)
(0.5063870102 0.01724018491 7.816477028e-23)
(0.5200232763 0.001332552257 -1.782505105e-22)
(0.5203452589 -0.0178503305 -1.603361222e-22)
(0.5031361069 -0.04222187583 -4.256647203e-23)
(0.4643847462 -0.07591775106 0)
(0.3942264807 -0.1284342756 -1.810945635e-22)
(0.290863645 -0.2208261104 8.1078196e-22)
(0.1192768632 -0.3524695163 1.625435898e-21)
(0.02658800105 -0.3774824808 2.169445319e-21)
(0.2143999534 0.134853343 9.829729954e-22)
(0.277977601 0.09884574391 0)
(0.4320502803 0.05817169191 -2.579363125e-22)
(0.5306438929 0.03844095798 -1.734957221e-22)
(0.6014127089 0.02614711855 0)
(0.6562724438 0.01820575588 -5.923833239e-23)
(0.7001295752 0.01303524771 6.219592357e-23)
(0.7357915335 0.009484369349 -1.73769918e-23)
(0.7648924212 0.006805878028 2.786771231e-23)
(0.7881474549 0.004527349443 2.237033996e-23)
(0.805573201 0.002333491699 0)
(0.8167117808 -7.043575196e-06 -2.804184787e-23)
(0.8205239723 -0.002581860397 0)
(0.8155610645 -0.005599038667 2.707173812e-23)
(0.7988276871 -0.009539839192 1.446696435e-23)
(0.767947149 -0.01498126311 -5.752434235e-23)
(0.7107184513 -0.02504685913 -2.513687283e-22)
(0.6235755188 -0.04208423338 -6.885938943e-22)
(0.4230084412 -0.09186917152 0)
(0.2705574995 -0.152421185 -2.11635153e-21)
)


// ************************************************************************* //
