/*--------------------------------*- C++ -*----------------------------------*\
  =========                 |
  \\      /  F ield         | OpenFOAM: The Open Source CFD Toolbox
   \\    /   O peration     | Website:  https://openfoam.org
    \\  /    A nd           | Version:  13
     \\/     M anipulation  |
\*---------------------------------------------------------------------------*/
FoamFile
{
    format      ascii;
    class       vectorField;
    location    "22.51";
    object      U_all;
}
// * * * * * * * * * * * * * * * * * * * * * * * * * * * * * * * * * * * * * //


400
(
(1.082483059e-05 -3.791614674e-05 0)
(-0.0006662291387 0.0004129902779 -1.54043204e-23)
(-0.002185182758 0.0009202796291 0)
(-0.004047350663 0.001312603425 0)
(-0.005971096584 0.00153485375 6.826834635e-25)
(-0.007761757956 0.001569631523 4.153574174e-24)
(-0.00928332469 0.001423371741 -7.314103717e-24)
(-0.01043459985 0.001119579057 7.591983096e-24)
(-0.01113543754 0.0006960008529 -2.100337663e-25)
(-0.01132578963 0.0002030626624 -4.002160023e-24)
(-0.01097059417 -0.0003001866516 5.811779069e-24)
(-0.01007136935 -0.0007474245013 -5.936200864e-23)
(-0.008679193669 -0.001075450282 -6.559678658e-23)
(-0.006902459615 -0.00123294005 -7.791767268e-23)
(-0.004910621347 -0.001192569099 4.578418023e-24)
(-0.00292733675 -0.0009619045328 -4.143109776e-24)
(-0.001205541237 -0.0005912532559 -2.002308052e-22)
(-1.933159308e-05 -0.0001699664427 0)
(0.0005179653127 0.0001719840356 1.525455292e-25)
(0.000222702969 0.0003059120549 -2.759614469e-24)
(-0.000263407653 0.0008287430322 1.391144668e-25)
(-0.002703008912 0.003383317888 1.550045441e-23)
(-0.006906294542 0.005603636537 1.538395889e-25)
(-0.01195052878 0.007007130485 -8.458957927e-25)
(-0.01713244095 0.007552634397 1.156714074e-24)
(-0.02197203296 0.007293135224 1.300878007e-23)
(-0.02610688514 0.00632102853 1.448326403e-24)
(-0.02926142693 0.004753617643 -7.34216672e-24)
(-0.03122240169 0.002736919511 1.018309558e-23)
(-0.03183781455 0.000452524204 4.518678094e-24)
(-0.03102378322 -0.001883695081 -6.327765293e-24)
(-0.02878989878 -0.004022328967 2.959736203e-24)
(-0.02526881953 -0.005707515324 3.899062691e-23)
(-0.02073015321 -0.006706564676 -1.957224746e-24)
(-0.01558857618 -0.006853423592 3.759583895e-24)
(-0.0103847162 -0.006096986116 -9.759270657e-23)
(-0.005730297938 -0.004546006602 9.656408043e-23)
(-0.002233595788 -0.002507518825 -3.992868932e-25)
(-0.0001819860135 -0.0005026483862 4.093569678e-25)
(8.340409563e-05 0.0006097063199 0)
(-0.0004187673334 0.002934616084 -2.918080305e-25)
(-0.004647147393 0.0088025999 1.712407572e-23)
(-0.01137010202 0.01323827302 -8.180725614e-24)
(-0.0193241165 0.01578950077 -2.057758479e-25)
(-0.02746963796 0.0165274114 2.021533157e-25)
(-0.03511215701 0.01564208008 8.694298553e-27)
(-0.0417069208 0.01335813711 -1.278936241e-24)
(-0.04682861977 0.00991860901 -4.589516299e-25)
(-0.05014258841 0.005602051183 -1.066281274e-23)
(-0.05140516769 0.0007448395916 0)
(-0.05047127975 -0.004240645731 0)
(-0.04733122548 -0.008885486263 2.674698159e-23)
(-0.04215447444 -0.01267972511 2.81662815e-23)
(-0.03531072256 -0.01513393273 -1.648720629e-24)
(-0.0273874675 -0.01585998187 4.854775985e-23)
(-0.01916860153 -0.01467187955 9.437030216e-23)
(-0.01156025912 -0.01169275408 3.995012141e-23)
(-0.005465265353 -0.007450526609 4.205748881e-25)
(-0.001451160726 -0.002936295475 1.040471473e-25)
(-9.072784531e-05 0.0002255566093 0)
(-0.0005023721074 0.006044363304 -4.258051119e-23)
(-0.006401632618 0.01636802486 -1.702612659e-23)
(-0.0155323506 0.02355541156 8.107623935e-24)
(-0.02627465815 0.02743714022 0)
(-0.03728125287 0.02831655392 0)
(-0.04768261326 0.02658376533 0)
(-0.05678765101 0.02262813627 -4.666127783e-26)
(-0.06404405344 0.01683419107 -2.101164482e-24)
(-0.06900067294 0.009621599056 0)
(-0.07129826166 0.001491808536 1.644543634e-24)
(-0.07069908536 -0.006934532117 2.808552308e-25)
(-0.06712188803 -0.01492723412 -2.816416182e-25)
(-0.06069180503 -0.02166368823 0)
(-0.05180170932 -0.02631224661 4.1419063e-23)
(-0.04114564436 -0.02815713214 -4.690234175e-23)
(-0.02971687793 -0.02677079853 -2.771865838e-23)
(-0.01873557408 -0.0222133394 -3.980473312e-23)
(-0.009487335137 -0.01521831742 7.794643902e-25)
(-0.002976726598 -0.007298171218 9.767549509e-23)
(-0.0002318605962 -0.0008664780507 0)
(-0.0005315106659 0.01009331708 4.278770261e-23)
(-0.007982203092 0.02594780303 4.768683812e-25)
(-0.01939356305 0.03642273781 -4.659769147e-25)
(-0.0328183386 0.04184839395 0)
(-0.04663928371 0.04288816515 7.764133443e-25)
(-0.05984281284 0.04019487221 -7.656480597e-25)
(-0.07162192994 0.03434289791 3.665551434e-23)
(-0.08131549262 0.02585383706 1.841026692e-23)
(-0.08835346539 0.01527209145 6.218094286e-24)
(-0.09224215443 0.003247190136 -1.646459545e-24)
(-0.09259177001 -0.009404989094 0)
(-0.08916450113 -0.02167044981 4.383696279e-25)
(-0.08195010627 -0.03236208943 1.013681561e-23)
(-0.07126082967 -0.04020667976 -4.358502539e-23)
(-0.0578139907 -0.04401481428 1.938749657e-24)
(-0.04278147027 -0.04294343544 4.23710739e-23)
(-0.02775182102 -0.03682989903 -3.873800748e-25)
(-0.01454929004 -0.02652517399 0)
(-0.00485904742 -0.01408391413 5.435447794e-23)
(-0.0003641030797 -0.00284710897 -2.562531904e-22)
(-0.0005271281658 0.01499673803 9.830371527e-23)
(-0.009376385054 0.03738393787 -4.899483872e-25)
(-0.02287814897 0.05169371696 0)
(-0.03882433825 0.05893244761 0)
(-0.05537810699 0.0602466227 -8.725242283e-23)
(-0.07141819718 0.05661104371 -8.491918561e-23)
(-0.08605425669 0.04879554896 -4.060129869e-23)
(-0.09853733994 0.03743595044 -1.500761727e-23)
(-0.1081803031 0.02315851439 -5.350495189e-24)
(-0.1143300836 0.006710921256 -8.162939383e-24)
(-0.1163906087 -0.0109292726 6.58791138e-24)
(-0.1138806136 -0.0284837551 8.801840393e-24)
(-0.1065369182 -0.04436325911 -1.891664307e-23)
(-0.0944579947 -0.0567453198 4.502208539e-24)
(-0.07826053726 -0.0637749575 0)
(-0.0592230678 -0.06392774672 -1.583415212e-23)
(-0.03933601574 -0.05653251384 -2.088577158e-26)
(-0.02113988355 -0.04235446949 0)
(-0.007318014101 -0.02398071577 -1.518229178e-22)
(-0.0005215460881 -0.005925418039 6.051003145e-22)
(-0.000499014961 0.02064232078 -9.76342662e-23)
(-0.01052797674 0.05044613125 2.830596747e-22)
(-0.02582587158 0.06911410658 1.526145677e-22)
(-0.04401520718 0.0784805598 3.617036654e-24)
(-0.06309878033 0.08028314633 -7.31795711e-23)
(-0.08189324426 0.07587030217 9.035887637e-23)
(-0.09946501239 0.06620906974 -3.58763456e-24)
(-0.1150087553 0.0520119378 -1.727658091e-24)
(-0.1277370812 0.03392168496 2.521855941e-24)
(-0.1368320905 0.01270360074 7.371358918e-24)
(-0.1414560726 -0.01058354941 -6.488365633e-24)
(-0.1408105373 -0.03445334825 -9.760773689e-24)
(-0.1342614992 -0.05691878169 -3.26128815e-23)
(-0.1215335577 -0.07552296002 -3.644101236e-23)
(-0.1029578113 -0.08753207255 5.610483179e-25)
(-0.0797565215 -0.09038226762 0)
(-0.05426200315 -0.08243702063 0)
(-0.02986895997 -0.06397173768 -2.902089556e-24)
(-0.01066188912 -0.03798507961 2.966450653e-24)
(-0.0007350016509 -0.01050033782 1.027703372e-22)
(-0.0004478883869 0.02686825381 0)
(-0.01134788102 0.06479747547 2.001673264e-22)
(-0.02801265705 0.08828280639 8.960929578e-23)
(-0.04799292827 0.100108986 0)
(-0.06919807714 0.1026936779 1.569079618e-22)
(-0.0904336967 0.09780360518 0)
(-0.1107713768 0.08660155378 -1.427774666e-22)
(-0.1293962402 0.06983332712 6.512158835e-24)
(-0.1454631281 0.04807976322 0)
(-0.1580207011 0.02201868068 0)
(-0.1659988773 -0.007329795793 -1.373364014e-24)
(-0.1682531427 -0.03838060572 -9.306233345e-25)
(-0.1636933444 -0.06882940893 1.49059475e-22)
(-0.1515090759 -0.09557064407 -4.703872745e-23)
(-0.1315034055 -0.114816988 -2.556841723e-24)
(-0.1045516847 -0.1225578786 1.530739015e-24)
(-0.07308794958 -0.115541017 -1.554885339e-24)
(-0.04134702986 -0.09282320118 0)
(-0.01525108503 -0.05740321688 3.201553533e-24)
(-0.001044195874 -0.01714601344 -1.012319348e-21)
(-0.0003744875082 0.03345810831 0)
(-0.01174906465 0.0799775525 -1.12762747e-22)
(-0.02920449601 0.108623746 -6.189289513e-22)
(-0.05031296452 0.1232067792 -3.754247292e-22)
(-0.07295675836 0.1268937192 0)
(-0.0959814134 0.1219116354 4.118155328e-22)
(-0.1185176688 0.1096239886 1.260382848e-22)
(-0.1398038176 0.09077527067 -5.579565832e-24)
(-0.1590105524 0.06581075481 5.551949982e-24)
(-0.1751340766 0.03520970095 0)
(-0.186943877 -0.0001919661031 2.910999204e-23)
(-0.1930053531 -0.0388892418 4.693265574e-24)
(-0.191769594 -0.07842762933 -1.076035357e-22)
(-0.1817768784 -0.1151730785 7.996908909e-23)
(-0.1620476793 -0.1442452493 -2.418090754e-22)
(-0.1326984528 -0.1598401388 0)
(-0.09577315107 -0.15629798 0)
(-0.05601284635 -0.1302877305 0)
(-0.02147717141 -0.08380509032 0)
(-0.001500250846 -0.02665332702 5.569080311e-22)
(-0.0002874646735 0.04015540764 0)
(-0.01169310409 0.09542344464 -3.492052094e-22)
(-0.0292429057 0.1293906243 8.930601813e-22)
(-0.05060671727 0.1469117874 3.616154736e-22)
(-0.07369672851 0.1519574466 0)
(-0.09744617511 0.1472606362 -3.86133612e-22)
(-0.1211006282 0.1344073623 -3.17347874e-23)
(-0.1440253769 0.1141314759 3.332182524e-22)
(-0.1655067501 0.08669648412 1.768976017e-22)
(-0.1846170425 0.05229193459 -4.059011876e-23)
(-0.2001247076 0.01142192104 1.656626594e-23)
(-0.2104544207 -0.0347058266 -8.262161534e-24)
(-0.2137131578 -0.08375410407 3.370774867e-22)
(-0.2078140803 -0.1318616467 0)
(-0.1908167999 -0.1732599978 2.419258978e-22)
(-0.1616272713 -0.2002431828 5.769742988e-24)
(-0.1211611919 -0.2039969197 -5.855786947e-24)
(-0.07384652412 -0.1771994381 1.546825424e-22)
(-0.02971635766 -0.1188561358 -5.430599066e-24)
(-0.002179393804 -0.04005135316 0)
(-0.0002118462562 0.04671091604 0)
(-0.01125012329 0.1105367532 0)
(-0.02815612791 0.1497181434 -5.021613899e-22)
(-0.04874419794 0.170132909 -1.880595272e-23)
(-0.07099969404 0.1766076096 2.037903613e-23)
(-0.0939928081 0.1724369514 -2.013841718e-23)
(-0.1171413347 0.1594749222 -2.316305605e-23)
(-0.1400156578 0.1384724967 -3.028980074e-22)
(-0.1621305744 0.1095124617 6.698032484e-23)
(-0.1827936751 0.07245257572 4.511891095e-23)
(-0.2009814201 0.02735398795 -4.576391442e-23)
(-0.215224892 -0.02507875298 0)
(-0.2235539132 -0.08297232702 -7.834952799e-23)
(-0.2234605487 -0.1427121413 0)
(-0.2120648215 -0.1981667086 -3.738458748e-22)
(-0.1867400013 -0.2400610114 5.242966746e-22)
(-0.1464404497 -0.2560612254 0)
(-0.0939430046 -0.2331069085 -1.492420404e-22)
(-0.04021860108 -0.1639516714 1.935924769e-22)
(-0.003200939501 -0.05860717815 -3.4099109e-22)
(-0.0002017108575 0.05297061063 0)
(-0.01067337303 0.1248045261 9.181335706e-22)
(-0.02628582974 0.168725368 -2.440244893e-23)
(-0.04501286429 0.191626846 9.19176838e-22)
(-0.06494804888 0.1992741753 -2.511610842e-23)
(-0.08536861105 0.1955949753 2.838266804e-23)
(-0.1059331905 0.1827768541 -2.812358132e-23)
(-0.1264954302 0.1616507669 -1.660574224e-23)
(-0.1469031435 0.1321730452 -5.259159228e-22)
(-0.1668497007 0.09389746868 -8.904806276e-24)
(-0.1857344715 0.04641048004 9.658282645e-24)
(-0.2024823842 -0.01023002354 3.312522055e-22)
(-0.2154193332 -0.07498784257 -5.819602099e-22)
(-0.2220240327 -0.1450188032 0)
(-0.2188050831 -0.2146620675 8.885219258e-22)
(-0.2016262531 -0.2739864778 -4.939019186e-22)
(-0.1668632243 -0.3075656456 -1.571625645e-23)
(-0.114020719 -0.2953668142 0)
(-0.05288378877 -0.2195695569 -1.888585814e-22)
(-0.004749035136 -0.08376860499 3.358996737e-22)
(-0.0003644002954 0.05901853834 1.550764693e-23)
(-0.01049710433 0.1379765344 -8.762734155e-22)
(-0.024416702 0.1856645008 -1.156894323e-21)
(-0.040271386 0.2101209227 -8.62751395e-22)
(-0.05631259495 0.2182180037 0)
(-0.07215487965 0.2146045729 3.513201825e-23)
(-0.08779945263 0.2018683433 -7.293609014e-23)
(-0.1034643779 0.1809939092 5.866874474e-23)
(-0.1194072695 0.151897341 3.020805832e-22)
(-0.1358026731 0.1139166107 -1.128009026e-23)
(-0.1526181487 0.06621912138 0)
(-0.1694620631 0.008184641919 -3.603316486e-22)
(-0.1852855127 -0.06015054057 7.514581523e-22)
(-0.1980532883 -0.1372640016 8.830575482e-22)
(-0.2043614513 -0.2189143889 -5.295565954e-22)
(-0.1991025061 -0.2959584935 5.161782274e-22)
(-0.1760630545 -0.3513937105 1.077704133e-23)
(-0.1300897042 -0.3584017809 -1.095010684e-23)
(-0.06688769099 -0.2843168843 -8.229797492e-23)
(-0.007083205178 -0.116991801 0)
(-0.0009097976623 0.06539669456 -1.911229001e-23)
(-0.01167779503 0.1502718109 -1.326805655e-21)
(-0.02389287829 0.2000520806 1.094082471e-21)
(-0.03601962393 0.2244061274 6.734097954e-22)
(-0.04658124545 0.2316437583 6.013868532e-22)
(-0.05578020616 0.2272265449 6.643077546e-22)
(-0.0641236549 0.2141680577 -4.458027588e-23)
(-0.07228793689 0.1936439972 -3.460880196e-22)
(-0.08098291584 0.1656013814 2.151886302e-22)
(-0.09088567686 0.1292728803 0)
(-0.102568747 0.08353586032 0)
(-0.1163760791 0.02720719163 2.655130104e-22)
(-0.1321722378 -0.04061174609 8.195016105e-23)
(-0.1489374096 -0.1200038837 -2.821075901e-22)
(-0.1641389023 -0.2089207225 -5.410672257e-23)
(-0.1727959319 -0.3006894108 1.302060986e-22)
(-0.1670365898 -0.3793223591 -3.399759196e-22)
(-0.1365319441 -0.4136342787 -1.600371177e-23)
(-0.08018307937 -0.3538229201 8.218550383e-23)
(-0.01050758944 -0.1594083621 -6.033272419e-22)
(-0.00226071849 0.07348627196 0)
(-0.01580577469 0.1626446791 2.145632682e-21)
(-0.0266553747 0.2117793314 0)
(-0.03423115557 0.2333818526 -1.351656755e-21)
(-0.03760429722 0.2377640441 6.184705608e-23)
(-0.03800930752 0.2312445704 -6.192270771e-22)
(-0.03669673726 0.2171820624 -4.755722478e-22)
(-0.03490559852 0.1968892298 8.300227427e-22)
(-0.0338043249 0.1703335381 -1.885453982e-22)
(-0.03451494593 0.1367245643 0)
(-0.03813176189 0.09480165827 0)
(-0.04566545443 0.04304940236 2.410962491e-23)
(-0.05792276304 -0.02013049357 -6.006649815e-22)
(-0.07515954431 -0.0961991233 -4.309169952e-22)
(-0.09646371974 -0.1855484768 4.637556305e-22)
(-0.1183561167 -0.2853497784 -6.487947992e-22)
(-0.1332788228 -0.3838313345 9.117533568e-23)
(-0.1265393945 -0.450428134 2.944197472e-23)
(-0.08899302506 -0.419846016 5.660866783e-22)
(-0.01526926321 -0.211167746 6.021903063e-22)
(-0.005181088373 0.08597916962 0)
(-0.02525777864 0.1766242649 1.465633413e-22)
(-0.0348393286 0.2205881951 -4.916697816e-23)
(-0.03640855562 0.2354762361 7.642155267e-22)
(-0.03019617202 0.2343308649 -7.004628344e-22)
(-0.01917957675 0.2241518832 4.745976493e-23)
(-0.005630561203 0.2083463958 -1.018557665e-22)
(0.008553135208 0.1881207849 -3.389494425e-22)
(0.02178186016 0.1633907357 2.062622222e-22)
(0.03261101725 0.1333265203 0)
(0.03956842433 0.09664515717 0)
(0.0411549571 0.05174614207 -2.902434828e-22)
(0.03577076567 -0.003249359765 0)
(0.02196904983 -0.07057768574 -5.511910844e-22)
(-0.001276149665 -0.1525681949 -1.491456283e-23)
(-0.03311421294 -0.2505902316 2.559487333e-23)
(-0.06909995805 -0.3599295687 2.202651665e-22)
(-0.09228324573 -0.4575379835 4.790482238e-24)
(-0.08718292353 -0.4698079354 -5.789869897e-22)
(-0.02103148284 -0.2698939623 0)
(-0.01111641531 0.1085973805 0)
(-0.04249087498 0.1947128748 -8.847780387e-22)
(-0.04795988626 0.2258148021 -5.410713773e-22)
(-0.03920302644 0.228207134 4.543521489e-22)
(-0.01878890879 0.2182259384 -1.710204858e-24)
(0.007651226277 0.2028158261 -4.56066785e-23)
(0.03666510915 0.1847573351 5.696120993e-22)
(0.06581414912 0.1647091289 -2.766627573e-23)
(0.09325516772 0.1423123498 -2.069577883e-22)
(0.1173734213 0.1166290716 3.141949693e-23)
(0.1365313274 0.0864146478 -3.425665002e-23)
(0.1489533093 0.05018095565 -3.690375821e-23)
(0.1525154464 0.006163862911 3.205464779e-22)
(0.1449261383 -0.0479567687 6.119303822e-22)
(0.1235068671 -0.1153014421 -5.100930801e-22)
(0.08632782404 -0.2004165448 -1.61595773e-22)
(0.03198432811 -0.3067783251 1.531362775e-22)
(-0.02362592394 -0.4239813673 7.293804109e-23)
(-0.06492603964 -0.4871586096 1.913305038e-21)
(-0.02509997967 -0.3291523863 2.955006681e-21)
(-0.02004673673 0.1460733638 -4.390013287e-23)
(-0.06416491622 0.2112951933 4.417184819e-23)
(-0.05070504632 0.2177279675 1.000137102e-21)
(-0.01934610952 0.2014645055 -8.264747642e-24)
(0.02413696104 0.1809034636 0)
(0.07153118428 0.1606893178 4.363367155e-23)
(0.1190585228 0.1416463424 -2.273649151e-22)
(0.164463796 0.1233161757 -9.027115635e-23)
(0.206211764 0.1048111465 3.680391039e-23)
(0.2429512357 0.08507219127 -1.701514823e-23)
(0.2732085494 0.06296340143 3.429718012e-23)
(0.2952427278 0.0372656201 -6.592265855e-23)
(0.3066876348 0.006538071465 -9.303398864e-23)
(0.3049658467 -0.03087480856 1.516975035e-22)
(0.2863871303 -0.07786051094 0)
(0.2470516352 -0.1399283803 1.505503286e-22)
(0.181088036 -0.2266292222 2.560004065e-22)
(0.09604137436 -0.3443885706 0)
(-0.006699215645 -0.4552200362 -3.675653885e-21)
(-0.01922434386 -0.3777528462 -2.892635476e-21)
(-0.02591932181 0.2276835357 -9.514086259e-22)
(-0.03998294124 0.2238221051 -1.388930927e-22)
(0.03656103008 0.1810581374 -2.335455061e-22)
(0.1090485873 0.1451046624 -1.193670443e-22)
(0.1817155872 0.1172427543 -4.295607409e-23)
(0.2490036145 0.0962771761 9.782382658e-23)
(0.3100265341 0.08002348204 -1.40846324e-22)
(0.3646125866 0.06656706821 1.297054911e-22)
(0.4126162765 0.05449138963 -8.619322327e-23)
(0.4536160567 0.04270924218 1.132165408e-25)
(0.4867794557 0.03032385898 1.527634426e-23)
(0.5107377061 0.01653028533 7.996695875e-23)
(0.5236536174 0.0005378609935 -1.811027821e-22)
(0.5231751321 -0.01863242324 -1.617076869e-22)
(0.5052289124 -0.04286373338 -4.262627415e-23)
(0.4658690957 -0.07633164934 0)
(0.3952679029 -0.1286087312 -1.846498488e-22)
(0.2916057893 -0.2208467508 8.148780442e-22)
(0.1197447133 -0.3525016357 1.631605004e-21)
(0.0267052709 -0.3775496789 2.172657378e-21)
(0.2142896467 0.1347449179 9.864858033e-22)
(0.2776317417 0.09870528918 0)
(0.4316599245 0.05810426739 -2.594224555e-22)
(0.5304752237 0.03846260939 -1.741585864e-22)
(0.6016960483 0.02623403175 0)
(0.6571183611 0.01831903295 -6.008601781e-23)
(0.7015188743 0.0131358357 6.377384607e-23)
(0.7376010513 0.009542032061 -1.799964001e-23)
(0.7669332726 0.006804476281 2.885676043e-23)
(0.7902071088 0.004464863246 2.314815927e-23)
(0.8074522955 0.002221523695 0)
(0.8182595352 -0.0001498191184 -2.872835624e-23)
(0.8216481216 -0.002723579817 0)
(0.8162383475 -0.005712466371 2.737943851e-23)
(0.7991328598 -0.009611263897 1.42158005e-23)
(0.7679985902 -0.01500251932 -5.799483505e-23)
(0.7106556887 -0.02502525253 -2.53567237e-22)
(0.6235184705 -0.04204291633 -6.918115014e-22)
(0.4230090943 -0.09182974526 0)
(0.2705674496 -0.1524022133 -2.119485207e-21)
)


// ************************************************************************* //
