/*--------------------------------*- C++ -*----------------------------------*\
  =========                 |
  \\      /  F ield         | OpenFOAM: The Open Source CFD Toolbox
   \\    /   O peration     | Website:  https://openfoam.org
    \\  /    A nd           | Version:  13
     \\/     M anipulation  |
\*---------------------------------------------------------------------------*/
FoamFile
{
    format      ascii;
    class       vectorField;
    location    "1.92";
    object      U_all;
}
// * * * * * * * * * * * * * * * * * * * * * * * * * * * * * * * * * * * * * //


400
(
(-4.206751635e-05 4.928365005e-05 0)
(-0.0006225836292 0.0003684505283 -7.499545222e-24)
(-0.001687564964 0.0006866151912 0)
(-0.002921610392 0.0009165334796 0)
(-0.004145154627 0.001033475019 -2.346369145e-25)
(-0.005260787171 0.001034925133 2.919525291e-24)
(-0.006213001584 0.0009318615083 2.664410046e-23)
(-0.006971048005 0.0007409419344 4.442996806e-23)
(-0.007515121755 0.0004820683579 -5.508835171e-25)
(-0.007828048848 0.0001773053057 -9.453128215e-24)
(-0.007893571841 -0.0001492281901 1.23906567e-23)
(-0.007694583471 -0.0004689284156 -1.187788661e-22)
(-0.007216960418 -0.000752518477 -1.37530351e-22)
(-0.006458093378 -0.0009682177924 -1.622840126e-22)
(-0.005434848649 -0.001084921881 1.080546014e-23)
(-0.004197440424 -0.001077150828 -1.164534368e-23)
(-0.002843608703 -0.0009318936596 -7.755192995e-22)
(-0.001529901841 -0.0006597962268 0)
(-0.0004660943881 -0.0003088009887 3.073411199e-24)
(4.438540294e-06 5.70871244e-06 -3.867513828e-22)
(-0.0001882898895 0.0007448036478 6.855937032e-26)
(-0.00185879127 0.002421114034 7.580431924e-24)
(-0.00452241987 0.003715759549 4.112167402e-26)
(-0.007602393649 0.00445707791 2.234083477e-25)
(-0.01067189274 0.004681555153 -6.09184903e-25)
(-0.01348804958 0.004465891781 -1.593778803e-23)
(-0.01590182055 0.003894156514 3.043208914e-23)
(-0.01782573197 0.003043057386 -4.332173693e-23)
(-0.01920304759 0.001980630223 3.016837952e-23)
(-0.01998886941 0.0007707636158 1.078351212e-23)
(-0.02014091531 -0.0005202692276 -1.351899258e-23)
(-0.01962076822 -0.001815376542 -6.112188478e-25)
(-0.01840208473 -0.003023923715 7.309822343e-23)
(-0.01648609065 -0.004036772862 -5.128398708e-24)
(-0.01392557293 -0.00472899162 1.075182888e-23)
(-0.01085323252 -0.004970755261 -3.807514706e-22)
(-0.007510886451 -0.004650584379 4.022469718e-22)
(-0.004261987588 -0.003715767297 -6.110554469e-24)
(-0.001600598719 -0.002228414914 6.26462095e-24)
(-0.0001392747562 -0.0005401812346 0)
(-0.0002330719932 0.002084100026 -1.017809531e-25)
(-0.002777125859 0.00568468627 -1.562848507e-24)
(-0.006674691632 0.008143048783 -8.891576978e-24)
(-0.01117631157 0.009400178297 1.432611141e-25)
(-0.01567991959 0.009622100872 -1.407402167e-25)
(-0.01983683655 0.009013839661 7.674497445e-25)
(-0.02342097335 0.007765506675 -2.926366319e-23)
(-0.02629273614 0.006031413172 -2.389563623e-24)
(-0.02835889816 0.003932993017 -3.16298269e-23)
(-0.02954596246 0.001573555809 0)
(-0.0297876202 -0.0009431430324 0)
(-0.02902532575 -0.003495859804 6.20451459e-23)
(-0.02722138109 -0.005928482331 6.748342637e-23)
(-0.02438342409 -0.008040971438 -5.087666333e-24)
(-0.02059852131 -0.009587921777 1.776560644e-22)
(-0.01607288064 -0.01029551696 3.692713857e-22)
(-0.01116655388 -0.009905450331 3.792028078e-22)
(-0.006398884389 -0.008251423671 1.206376923e-23)
(-0.002475333097 -0.005366002462 -6.115448488e-24)
(-0.0001954491387 -0.001692445693 0)
(-0.0002328250989 0.003847512841 3.365706949e-24)
(-0.003461752327 0.009851738066 1.835298446e-24)
(-0.00837081543 0.01368867032 8.701566293e-24)
(-0.01405282668 0.0155125124 0)
(-0.01976007997 0.01567891603 0)
(-0.02505859857 0.01456165 0)
(-0.02966053747 0.01248208287 -1.054966058e-24)
(-0.03338221379 0.009684463937 1.937423634e-23)
(-0.03609562678 0.006347014649 0)
(-0.03769612842 0.002610869115 9.368282256e-24)
(-0.03808794044 -0.001385459594 8.459775412e-25)
(-0.03718485717 -0.005474024886 -8.483485499e-25)
(-0.03492868259 -0.009425053049 0)
(-0.03132301634 -0.01292803498 1.591176995e-22)
(-0.02647787297 -0.01558522404 -1.725926711e-22)
(-0.02066190698 -0.01693625487 -1.952251536e-22)
(-0.01434564129 -0.01652779568 -3.85100603e-22)
(-0.008203521291 -0.01403707658 1.721595891e-25)
(-0.003157287 -0.009435800788 -3.801102648e-22)
(-0.0002110271459 -0.003229024866 0)
(-0.0002185424758 0.005958292179 -3.345327131e-24)
(-0.004051771623 0.01478873474 6.296806495e-25)
(-0.00987174445 0.02022374901 -6.152986528e-25)
(-0.01662983633 0.02268841917 0)
(-0.02344866402 0.02278190126 1.448880139e-25)
(-0.02982175076 0.02108118862 -1.428779024e-25)
(-0.03541101518 0.01805775896 -5.531534915e-24)
(-0.03999557055 0.01405297585 -3.044953274e-23)
(-0.04341383958 0.009301007152 -1.171563089e-23)
(-0.0455254662 0.003975997245 -9.37918856e-24)
(-0.04619537474 -0.001753232847 0)
(-0.04529382878 -0.007672614659 2.001506713e-24)
(-0.04272147305 -0.01346807247 7.270715082e-23)
(-0.03845505109 -0.01869451042 -1.692345659e-22)
(-0.03260582535 -0.02276071411 1.110476332e-23)
(-0.02549177294 -0.02496358057 3.877097502e-22)
(-0.01769834615 -0.02459247923 -6.19528275e-24)
(-0.0100844305 -0.02111543108 0)
(-0.003837769928 -0.01441883924 -9.503160164e-24)
(-0.0002181452835 -0.005104307834 3.55370406e-22)
(-0.0002100171957 0.008403982226 1.026803476e-22)
(-0.004654670941 0.02049140198 -5.918473879e-25)
(-0.01139219428 0.02776702108 0)
(-0.01923915723 0.03097300395 0)
(-0.02719270388 0.03100407901 -4.690339509e-23)
(-0.03468402766 0.02867531538 -3.282032721e-23)
(-0.04133538258 0.02462577967 6.160261979e-24)
(-0.04689634296 0.01929740583 1.224198763e-23)
(-0.0511739584 0.01297418567 1.066246983e-23)
(-0.05398709838 0.005852223496 6.591689972e-24)
(-0.05514887203 -0.001880630749 -1.08657092e-23)
(-0.05446217823 -0.009973406857 -2.676729613e-23)
(-0.05175270317 -0.01801787863 -1.455770299e-25)
(-0.0469309382 -0.02540745153 -1.681519333e-22)
(-0.04006907368 -0.0313030281 0)
(-0.03150810776 -0.03467555322 -2.045697618e-22)
(-0.0219547277 -0.03445676326 6.554049489e-24)
(-0.01250650007 -0.02981759326 0)
(-0.004723869748 -0.02052752925 3.945496426e-22)
(-0.0002418830085 -0.007373311564 -7.239230206e-22)
(-0.0002164109186 0.01121840142 -1.019011754e-22)
(-0.00534761624 0.02703581047 2.056244985e-22)
(-0.01309825794 0.03641927811 1.039475207e-22)
(-0.02213744897 0.04048666216 2.143188684e-24)
(-0.03133457658 0.04048656113 -3.963141562e-23)
(-0.04006913955 0.03751122589 3.438486189e-23)
(-0.04793715463 0.03238522177 -1.203622184e-24)
(-0.05467059094 0.02565101553 6.402401886e-26)
(-0.06005172401 0.01762922179 -3.004340187e-25)
(-0.06385681245 0.008515591586 -6.363253358e-24)
(-0.06583755349 -0.001510128209 1.009375754e-23)
(-0.06569703432 -0.01216042155 2.950117138e-23)
(-0.06313468665 -0.02295910885 -8.643487835e-24)
(-0.05793431639 -0.03311100712 2.649348866e-22)
(-0.05005614746 -0.04146063492 -5.794448266e-24)
(-0.03980495058 -0.04653069114 0)
(-0.02799781297 -0.04672937069 0)
(-0.01604437905 -0.04076870039 6.904849888e-24)
(-0.006065088968 -0.02822846328 -7.057867005e-24)
(-0.0003033067092 -0.01020842497 -1.772706661e-23)
(-0.0002423661028 0.01447072761 0)
(-0.006185606113 0.03455846001 1.171359667e-22)
(-0.01510879853 0.04634406041 5.152164576e-23)
(-0.02550381546 0.05140390985 0)
(-0.03610525779 0.05141611218 8.444474621e-23)
(-0.04625474052 0.04779927786 0)
(-0.05554204641 0.04158484142 -4.970914247e-23)
(-0.06370220253 0.03341367309 1.756942747e-24)
(-0.07050993532 0.02362282108 0)
(-0.07570860158 0.01237444181 0)
(-0.07895890229 -0.0002004190927 5.663442831e-25)
(-0.0798515644 -0.01383735362 1.188889007e-24)
(-0.07791483901 -0.02801117914 -1.32204265e-22)
(-0.0726877973 -0.04173680693 -6.544388754e-24)
(-0.06390047667 -0.05347254681 6.02156878e-24)
(-0.05170239151 -0.06112449322 -7.631821035e-24)
(-0.03696082973 -0.06230867431 7.752127318e-24)
(-0.0214711752 -0.05497510891 0)
(-0.008206877956 -0.03833000811 -3.390434187e-24)
(-0.0004296581853 -0.01393601586 7.99620063e-22)
(-0.0002928999319 0.01825631897 0)
(-0.007214111557 0.04323942251 -8.588340584e-23)
(-0.01751059676 0.05774348421 -3.904772012e-22)
(-0.02945324697 0.06392304692 -2.19933095e-22)
(-0.0416316631 0.06399048955 0)
(-0.05336944443 0.05975664595 1.881539071e-22)
(-0.06427946769 0.05248824825 4.37891531e-23)
(-0.07413193645 0.04292238855 -1.253498382e-24)
(-0.08272315965 0.03138589272 1.247297237e-24)
(-0.08978351228 0.0179596995 0)
(-0.09490953159 0.002660022703 8.900604162e-25)
(-0.09754050708 -0.01436955844 -1.40070562e-24)
(-0.09695068827 -0.03262127997 6.369710787e-23)
(-0.09232995788 -0.05096585187 -8.560191689e-23)
(-0.08299296883 -0.06742958624 2.169313158e-22)
(-0.06872150934 -0.07909488764 0)
(-0.05027121288 -0.08237641297 0)
(-0.02984179262 -0.07391522323 0)
(-0.01165746673 -0.05211257342 0)
(-0.0006657072645 -0.01910955162 -4.098331258e-22)
(-0.0003771903986 0.0226969791 0)
(-0.008485487728 0.05329288298 -2.232171614e-22)
(-0.02038023252 0.07083593747 5.537199432e-22)
(-0.03405662055 0.07823154604 2.116479234e-22)
(-0.04794754029 0.07837369872 0)
(-0.06138793265 0.07355472681 -1.774331919e-22)
(-0.07405437406 0.06531585137 -1.22621523e-23)
(-0.08579777093 0.05449137997 1.125183792e-22)
(-0.09648281725 0.04136807987 4.755753901e-23)
(-0.1058705346 0.02588444356 -8.051734292e-24)
(-0.1135208449 0.007844717249 4.916112607e-24)
(-0.1187308566 -0.01283974293 6.904377937e-25)
(-0.1204707317 -0.03585793168 -1.934563827e-23)
(-0.1174457631 -0.06005197546 0)
(-0.1083313394 -0.08304420233 -2.170360332e-22)
(-0.09222743877 -0.1008925111 -9.279248915e-24)
(-0.06945452458 -0.1082563553 9.417529032e-24)
(-0.04246317444 -0.0995587465 -3.758454122e-22)
(-0.0171380503 -0.07147327445 1.011456516e-23)
(-0.001087769467 -0.02662188173 0)
(-0.0005140177028 0.02795335423 0)
(-0.01008186073 0.06496760466 0)
(-0.02381115233 0.08583444344 -3.108805372e-22)
(-0.03936073306 0.09446180249 -1.135293432e-23)
(-0.054995543 0.09463177669 1.039386783e-23)
(-0.07010420169 0.08923623866 -1.027110967e-23)
(-0.08447738922 0.08014304835 -8.85117209e-24)
(-0.0981011614 0.06829177119 -1.005083557e-22)
(-0.1109676499 0.05390347726 2.952435889e-23)
(-0.1229328429 0.03671076953 8.951002166e-24)
(-0.1335839286 0.01618890525 -5.814031463e-24)
(-0.1421383868 -0.008169673086 0)
(-0.1472613967 -0.03641849009 3.655285293e-23)
(-0.1470914633 -0.06768541707 0)
(-0.1394787981 -0.09934745947 7.715462862e-23)
(-0.1224735026 -0.1263450953 -2.67379826e-22)
(-0.09544348817 -0.1409791915 0)
(-0.06058278022 -0.13413428 3.656425935e-22)
(-0.02557046315 -0.09898082156 -4.180875445e-22)
(-0.001825572653 -0.0378431381 3.14412273e-22)
(-0.0007420559046 0.0342561347 0)
(-0.01215115112 0.0785581494 5.985290714e-22)
(-0.02794788788 0.1029193948 -1.55267914e-23)
(-0.04540422248 0.1126261247 5.738102483e-22)
(-0.06261187422 0.1126348655 -1.470480005e-23)
(-0.07907459236 0.1065841026 1.362003025e-23)
(-0.09475318089 0.0967299732 -1.349566516e-23)
(-0.1098217649 0.08413362243 -6.035927096e-24)
(-0.1244589565 0.06893838784 -1.817659871e-22)
(-0.138695086 0.05062414121 -2.755187128e-24)
(-0.1522512254 0.02823583135 1.997438329e-24)
(-0.1643185524 0.0006661960246 7.832710336e-23)
(-0.1734397951 -0.0328474576 -7.812223452e-23)
(-0.177330066 -0.07203544849 0)
(-0.1729181582 -0.1144213448 -7.340482352e-23)
(-0.1569499109 -0.154021384 2.505464102e-22)
(-0.1272029564 -0.1803995493 9.727861382e-24)
(-0.08458884628 -0.1793713305 0)
(-0.03791810864 -0.1376314203 4.125276611e-22)
(-0.003099777354 -0.05474806688 -3.088545185e-22)
(-0.001141245508 0.04197091352 1.015833623e-23)
(-0.0149676955 0.09442772788 -5.713472901e-22)
(-0.03302739185 0.1221945604 -7.899670347e-22)
(-0.0522155284 0.132514989 -5.387621419e-22)
(-0.07046872922 0.1319103175 0)
(-0.08750205847 0.1249305472 1.845438162e-23)
(-0.103504724 0.1142761625 -3.624060353e-23)
(-0.1188752987 0.1011475741 2.654233041e-23)
(-0.134014238 0.08561801743 1.104400358e-22)
(-0.1491844221 0.06690658055 -4.185748696e-24)
(-0.1643501933 0.04357864446 0)
(-0.1789489039 0.0137943 -8.327249799e-23)
(-0.1916231322 -0.02422918905 1.828721148e-22)
(-0.1999829657 -0.07118998329 2.117711444e-22)
(-0.2004472774 -0.1253933506 3.406973725e-24)
(-0.1885196114 -0.1805900525 -1.052059564e-23)
(-0.1598618496 -0.2239009245 -1.412464182e-23)
(-0.1126009216 -0.2349800009 1.435129654e-23)
(-0.05470661587 -0.1899829108 -7.121864368e-22)
(-0.005272832308 -0.07994903137 0)
(-0.001876198288 0.05172123473 -1.323330308e-23)
(-0.01903382815 0.1130235972 -9.662114433e-22)
(-0.03941479088 0.1435799588 7.48703982e-22)
(-0.05975041357 0.153508134 4.832301721e-22)
(-0.07791112726 0.151409348 4.178984249e-22)
(-0.09399615643 0.1428932957 4.334281905e-22)
(-0.1084963325 0.1311215559 -2.384197934e-23)
(-0.1220535076 0.1174327733 -1.916012614e-22)
(-0.1352908614 0.1018541975 1.087032079e-22)
(-0.1487294408 0.08339444181 0)
(-0.1626782255 0.0601914628 0)
(-0.1770426504 0.02968424272 1.108356409e-22)
(-0.1909900876 -0.01095988293 8.317352916e-23)
(-0.2027185053 -0.06392380454 2.749361815e-25)
(-0.2089420624 -0.1289030443 -1.466495725e-23)
(-0.2045838872 -0.2006138043 1.241560176e-22)
(-0.1832184733 -0.265177085 1.088121639e-22)
(-0.1386870249 -0.2965207582 -3.498258229e-22)
(-0.07494291635 -0.2563152021 7.112098184e-22)
(-0.008859335678 -0.116454014 -1.042416282e-21)
(-0.00329374067 0.06464655071 0)
(-0.02523944815 0.1349019357 1.606354539e-21)
(-0.04755812378 0.1666274391 0)
(-0.06761045163 0.1742802378 -1.023779227e-21)
(-0.08347244724 0.1691840301 9.85278688e-23)
(-0.09596825012 0.1580699701 -4.035213465e-22)
(-0.1060206068 0.1444818617 -3.221943741e-22)
(-0.1145410979 0.1298388872 4.948852827e-22)
(-0.1223500666 0.1141383218 -9.364581403e-23)
(-0.1301967665 0.09628080746 0)
(-0.1387557228 0.07416424155 0)
(-0.1485502166 0.04474208247 3.804014961e-23)
(-0.1597919248 0.004310315459 -2.434935031e-22)
(-0.1719127537 -0.05077504026 -1.572939551e-22)
(-0.1829816425 -0.1222804166 2.277380206e-22)
(-0.1888479848 -0.2074414817 -1.202656377e-22)
(-0.1820879601 -0.2941275785 -4.944063425e-23)
(-0.1516604567 -0.3535801349 3.795598957e-22)
(-0.0943592572 -0.3316797361 7.168079563e-22)
(-0.01434469549 -0.1667635341 1.040450535e-21)
(-0.006045826238 0.08271629241 0)
(-0.03499887477 0.1603067331 1.763473801e-22)
(-0.05755931423 0.1897166615 -4.058913397e-23)
(-0.07406771222 0.191933798 6.057186978e-22)
(-0.08348925446 0.1816513606 -5.414329059e-22)
(-0.08804131491 0.166526702 3.594054162e-23)
(-0.08932777071 0.1502107247 -1.115252069e-22)
(-0.08859850743 0.1340267899 -2.108792789e-22)
(-0.08683853416 0.1178953728 1.385356333e-22)
(-0.0849373371 0.1007044186 0)
(-0.08383632467 0.08037214843 0)
(-0.08461781534 0.05378726739 -1.491658143e-22)
(-0.08854052369 0.01691503438 0)
(-0.09676240942 -0.03478607558 -3.469404416e-22)
(-0.1097331895 -0.1052952122 6.150751252e-23)
(-0.1259182518 -0.1956421948 9.028052951e-24)
(-0.1394465627 -0.2989615074 -7.824583827e-23)
(-0.1357558266 -0.389802546 1.671458716e-23)
(-0.103745185 -0.4026790807 -7.463217278e-22)
(-0.02147897706 -0.2304481932 0)
(-0.011453121 0.1102786164 0)
(-0.04975725335 0.1893235344 -7.484848205e-22)
(-0.0667562356 0.2095078154 -5.036993326e-22)
(-0.07231669731 0.2012739938 4.355443964e-22)
(-0.06770700383 0.1830241315 -2.152894143e-24)
(-0.05756910714 0.1625656363 -4.1336689e-23)
(-0.04441651461 0.1429929859 4.653558637e-22)
(-0.0298161703 0.1251329186 -2.045099086e-23)
(-0.01478823317 0.1086387337 -1.365770445e-22)
(-0.0001655324851 0.09237985521 2.190959396e-23)
(0.01309560236 0.07448125599 -2.302433249e-23)
(0.02368646479 0.05222034007 -2.395719953e-23)
(0.02969110586 0.02195863597 2.183981219e-22)
(0.02857082522 -0.02085701163 3.895395124e-22)
(0.0174253128 -0.08132560208 -3.321704972e-22)
(-0.006039769638 -0.1643193834 -1.367234874e-22)
(-0.04091410871 -0.2706974244 1.274182063e-22)
(-0.07307580802 -0.3862869297 6.918236917e-23)
(-0.08833910848 -0.4469033368 1.772859006e-21)
(-0.02720299414 -0.3010313959 2.772007045e-21)
(-0.01950750306 0.1502499473 -4.135377002e-23)
(-0.06617066893 0.2130810857 4.160947545e-23)
(-0.05952434038 0.2127624573 9.650344009e-22)
(-0.03838848111 0.1887529168 2.1673247e-23)
(-0.007566222864 0.1616840338 0)
(0.02570326165 0.1370599812 4.233874664e-23)
(0.0586870915 0.1160678939 -2.049658625e-22)
(0.09017368956 0.09842075223 -7.966282388e-23)
(0.1196408447 0.08326511789 3.020448747e-23)
(0.1467339989 0.0694098897 -1.105740237e-23)
(0.1708885802 0.05529026616 2.305160057e-23)
(0.1910387233 0.03885421212 -4.686815046e-23)
(0.2051818363 0.01741702566 -5.487167734e-23)
(0.2103460057 -0.01260544916 1.190567381e-22)
(0.2020921335 -0.05560520271 0)
(0.1752335346 -0.1181082326 1.306149368e-22)
(0.1237615563 -0.2080365035 1.920862293e-22)
(0.05498046645 -0.3290214545 0)
(-0.02822862808 -0.4384317014 -3.394919622e-21)
(-0.02218442106 -0.3642376662 -2.712842621e-21)
(-0.02498044068 0.2309842858 -9.391479317e-22)
(-0.03710008443 0.227590954 -1.367310102e-22)
(0.03857994395 0.1818979013 -2.281983213e-22)
(0.1065418386 0.1418732201 -1.135555336e-22)
(0.171684606 0.1102481056 -4.685672489e-23)
(0.2290563415 0.0865149263 1.081577111e-22)
(0.2788213906 0.06881617498 -1.442504375e-22)
(0.3219185581 0.05536235828 1.176285601e-22)
(0.3593182754 0.04474745321 -6.96567651e-23)
(0.3917032668 0.03578478426 4.001135992e-25)
(0.4192495104 0.02731274597 1.113108316e-23)
(0.4414703002 0.0180537167 5.701021839e-23)
(0.4566292162 0.006475099151 -1.339693282e-22)
(0.4623121221 -0.009167034554 -1.250260558e-22)
(0.4537936982 -0.03175316185 -3.635396319e-23)
(0.4251690369 -0.06618240451 0)
(0.3650349399 -0.1216518275 -1.332749299e-22)
(0.2704543063 -0.2175188959 7.31911335e-22)
(0.1072550034 -0.3499016375 1.49799582e-21)
(0.02382130457 -0.3750880837 2.098614468e-21)
(0.2150840849 0.135486144 9.731730848e-22)
(0.2807830376 0.09999917115 0)
(0.4363077005 0.05900073561 -2.631255048e-22)
(0.5346675552 0.03870246493 -1.886736209e-22)
(0.6032174608 0.02581380626 0)
(0.6541464977 0.01740626055 -6.816600138e-23)
(0.6929506029 0.01197781034 6.651503576e-23)
(0.723133713 0.008412063175 -1.598977054e-23)
(0.7470618955 0.005968003668 2.532426102e-23)
(0.7661691351 0.004152808697 1.816625724e-23)
(0.7811194716 0.002585512204 0)
(0.7918972739 0.000945595806 -2.084344514e-23)
(0.7977208572 -0.00116415719 0)
(0.7969543227 -0.003747299871 2.123123583e-23)
(0.7856693744 -0.007638035272 1.425497335e-23)
(0.7603236766 -0.01353408365 -5.023492818e-23)
(0.7073922843 -0.02437838835 -2.142159318e-22)
(0.6223826778 -0.04219518084 -6.255407278e-22)
(0.4221335332 -0.09243465907 0)
(0.2702241844 -0.1527535695 -2.047244453e-21)
)


// ************************************************************************* //
