/*--------------------------------*- C++ -*----------------------------------*\
  =========                 |
  \\      /  F ield         | OpenFOAM: The Open Source CFD Toolbox
   \\    /   O peration     | Website:  https://openfoam.org
    \\  /    A nd           | Version:  13
     \\/     M anipulation  |
\*---------------------------------------------------------------------------*/
FoamFile
{
    format      ascii;
    class       vectorField;
    location    "21.11";
    object      U_all;
}
// * * * * * * * * * * * * * * * * * * * * * * * * * * * * * * * * * * * * * //


400
(
(1.082683298e-05 -3.787960957e-05 0)
(-0.0006661761123 0.0004129669554 -1.541124633e-23)
(-0.002184974746 0.0009201889583 0)
(-0.004046930002 0.0013124613 0)
(-0.005970453267 0.001534682012 6.825229673e-25)
(-0.007760913857 0.001569454678 4.153087364e-24)
(-0.009282324649 0.001423213534 -7.308216264e-24)
(-0.01043350421 0.001119459498 7.598633611e-24)
(-0.01113431584 0.0006959331611 -2.100964992e-25)
(-0.01132471398 0.0002030505405 -4.003197811e-24)
(-0.01096963507 -0.0003001477726 5.813072865e-24)
(-0.01007058845 -0.0007473490244 -5.937384299e-23)
(-0.008678633765 -0.001075358473 -6.561100483e-23)
(-0.006902138224 -0.001232855256 -7.79340633e-23)
(-0.004910525513 -0.001192512986 4.579612274e-24)
(-0.002927421765 -0.0009618919978 -4.144532982e-24)
(-0.001205738328 -0.0005912873272 -2.003396461e-22)
(-1.95458409e-05 -0.000170034472 0)
(0.000517811771 0.0001719012683 1.531007948e-25)
(0.0002226636192 0.0003058575625 -2.833068296e-24)
(-0.0002633703636 0.0008287057294 1.390140462e-25)
(-0.002702679449 0.00338295551 1.550751353e-23)
(-0.0069054329 0.005602970544 1.539547047e-25)
(-0.0119490251 0.007006275183 -8.458671168e-25)
(-0.01713029108 0.007551717268 1.1565948e-24)
(-0.02196930845 0.007292274812 1.300373286e-23)
(-0.02610371451 0.006320325232 1.453671387e-24)
(-0.02925797866 0.004753147775 -7.348640771e-24)
(-0.03121886832 0.002736728552 1.018717733e-23)
(-0.03183439266 0.0004526196627 4.519867525e-24)
(-0.03102066024 -0.001883328996 -6.329180049e-24)
(-0.02878723611 -0.00402175829 2.958826952e-24)
(-0.02526672994 -0.005706832059 3.899717809e-23)
(-0.02072868919 -0.006705877243 -1.957849441e-24)
(-0.01558771892 -0.006852840844 3.760955796e-24)
(-0.01038437389 -0.006096597296 -9.764813301e-23)
(-0.005730317146 -0.004545860239 9.662227265e-23)
(-0.002233780961 -0.002507599922 -4.003826431e-25)
(-0.0001821571658 -0.0005028730902 4.104803537e-25)
(8.337872917e-05 0.0006095276677 0)
(-0.0004187032183 0.002934290181 -2.916730563e-25)
(-0.004646501415 0.008801497885 1.710856717e-23)
(-0.01136853499 0.0132365626 -8.18912655e-24)
(-0.01932148242 0.01578746034 -2.058157587e-25)
(-0.02746595186 0.0165253221 2.021925028e-25)
(-0.03510754319 0.01564019061 8.802930724e-27)
(-0.04170158533 0.01335664878 -1.2840606e-24)
(-0.04682282514 0.009917667921 -4.59327402e-25)
(-0.05013663123 0.005601741935 -1.066708142e-23)
(-0.05139933472 0.0007451807082 0)
(-0.05046585499 -0.004239722461 0)
(-0.04732646668 -0.008884102083 2.675421291e-23)
(-0.04215055796 -0.01267806107 2.817424134e-23)
(-0.0353077459 -0.01513220784 -1.649410542e-24)
(-0.02738543319 -0.01585842424 4.857381344e-23)
(-0.01916741244 -0.01467068979 9.442412292e-23)
(-0.01155972899 -0.01169206311 4.00162092e-23)
(-0.005465144083 -0.007450351308 4.228153845e-25)
(-0.001451209568 -0.002936501374 1.02854689e-25)
(-9.072815213e-05 0.0002252956011 0)
(-0.0005022882779 0.00604358895 -4.255737543e-23)
(-0.006400699738 0.01636584411 -1.701057202e-23)
(-0.01553013473 0.02355225925 8.115979129e-24)
(-0.02627098328 0.02743352173 0)
(-0.03727615448 0.02831294044 0)
(-0.04767626168 0.0265805581 0)
(-0.05678031492 0.02262565146 -4.687088667e-26)
(-0.06403606571 0.01683265182 -2.095892925e-24)
(-0.06899240028 0.009621129436 0)
(-0.07129009372 0.001492430053 1.646506908e-24)
(-0.0706913815 -0.00693292469 2.809868813e-25)
(-0.06711495437 -0.01492482798 -2.817736382e-25)
(-0.06068589477 -0.02166076251 0)
(-0.05179698515 -0.02630914405 4.144479688e-23)
(-0.04114216196 -0.02815422055 -4.69277096e-23)
(-0.02971457553 -0.02676841862 -2.775221025e-23)
(-0.01873427504 -0.02221173977 -3.987197054e-23)
(-0.009486768782 -0.01521758215 7.793621628e-25)
(-0.002976600544 -0.007298153175 9.758537162e-23)
(-0.0002318447305 -0.0008667308478 0)
(-0.0005314229703 0.0100919484 4.276444773e-23)
(-0.00798105356 0.02594425693 4.770654657e-25)
(-0.01939084077 0.03641781637 -4.661694712e-25)
(-0.03281384115 0.04184288202 0)
(-0.04663305903 0.04288274917 7.763020663e-25)
(-0.05983506168 0.04019011576 -7.655383526e-25)
(-0.07161296153 0.03433923426 3.664400305e-23)
(-0.08130568541 0.02585156568 1.83971432e-23)
(-0.08834323478 0.01527137384 6.212973374e-24)
(-0.09223193119 0.003248045872 -1.648425109e-24)
(-0.09258196751 -0.009402669637 0)
(-0.0891554937 -0.02166692145 4.387512683e-25)
(-0.08194221388 -0.03235772342 1.015214411e-23)
(-0.07125429115 -0.04020193996 -4.36125395e-23)
(-0.05780894089 -0.04401021559 1.940690512e-24)
(-0.04277791799 -0.04293948089 4.2440878e-23)
(-0.02774963504 -0.03682699306 -3.885294033e-25)
(-0.01454820314 -0.0265235174 0)
(-0.004858708732 -0.01408340139 5.434494382e-23)
(-0.0003640660504 -0.002847235971 -2.561423374e-22)
(-0.0005270507225 0.01499467862 9.8310183e-23)
(-0.009375120556 0.037378841 -4.900328625e-25)
(-0.02287513638 0.05168681507 0)
(-0.03881935199 0.05892483959 0)
(-0.05537119421 0.06023922417 -8.724261042e-23)
(-0.07140956771 0.05660458206 -8.490473263e-23)
(-0.08604423264 0.04879057039 -4.058851001e-23)
(-0.09852631312 0.03743282673 -1.499986127e-23)
(-0.1081687031 0.02315744632 -5.345922831e-24)
(-0.1143183557 0.006711940515 -8.158648386e-24)
(-0.116379191 -0.0109262959 6.583036875e-24)
(-0.1138699197 -0.02847911426 8.792352272e-24)
(-0.1065273227 -0.04435739231 -1.891143532e-23)
(-0.09444981211 -0.0567387917 4.460999396e-24)
(-0.07825399507 -0.06376842153 0)
(-0.05921827266 -0.06392188041 -1.587261041e-23)
(-0.03933291737 -0.05652791642 -1.95736697e-26)
(-0.0211382503 -0.04235152213 0)
(-0.007317452968 -0.02397943144 -1.517223149e-22)
(-0.0005214887802 -0.005925314773 6.048649317e-22)
(-0.0004989600294 0.02063953777 -9.764063793e-23)
(-0.01052672337 0.0504394291 2.830434346e-22)
(-0.02582284547 0.0691051654 1.526039491e-22)
(-0.04401016312 0.07847080139 3.61668149e-24)
(-0.06309175103 0.08027371509 -7.316968981e-23)
(-0.08188442736 0.07586208237 9.034331196e-23)
(-0.09945471678 0.06620271072 -3.586939608e-24)
(-0.1149973563 0.0520078744 -1.727119242e-24)
(-0.1277249891 0.03392015204 2.521012268e-24)
(-0.13681973 0.01270464403 7.367369743e-24)
(-0.1414438695 -0.01058006268 -6.483727295e-24)
(-0.1407989056 -0.03444772967 -9.750312601e-24)
(-0.1342508329 -0.05691150441 -3.260726966e-23)
(-0.1215242207 -0.07551465336 -3.636937406e-23)
(-0.1029501129 -0.08752349823 5.59571704e-25)
(-0.07975067672 -0.09037426779 0)
(-0.05425807629 -0.08243041522 0)
(-0.02986680184 -0.06396715559 -2.900341037e-24)
(-0.0106611052 -0.0379827461 2.964663366e-24)
(-0.0007349267838 -0.01049988426 1.027567678e-22)
(-0.000447866141 0.0268647905 0)
(-0.01134677899 0.06478926436 2.001444632e-22)
(-0.02800993155 0.08827194376 8.959862639e-23)
(-0.04798832182 0.100097198 0)
(-0.06919159753 0.1026823237 1.568886135e-22)
(-0.09042551241 0.0977937122 0)
(-0.1107617633 0.08659386025 -1.427513153e-22)
(-0.1293855334 0.06982831765 6.510785581e-24)
(-0.1454516914 0.04807769606 0)
(-0.1580089045 0.02201960912 0)
(-0.1659870925 -0.007326006084 -1.372854713e-24)
(-0.1682417304 -0.03837425686 -9.301126924e-25)
(-0.1636826566 -0.06882098042 1.489919016e-22)
(-0.1514994683 -0.09556078194 -4.703118671e-23)
(-0.1314952237 -0.1148065055 -2.554897849e-24)
(-0.1045452347 -0.1225477355 1.528916598e-24)
(-0.07308343157 -0.1155322446 -1.55303416e-24)
(-0.04134443623 -0.09281672827 0)
(-0.01525009313 -0.05739958802 3.200471916e-24)
(-0.001044103613 -0.0171450926 -1.012029499e-21)
(-0.0003745053075 0.03345408991 0)
(-0.01174825328 0.07996808859 -1.127569397e-22)
(-0.02920238967 0.1086112662 -6.188723005e-22)
(-0.05030930625 0.1231932697 -3.753852007e-22)
(-0.07295152638 0.1268807297 0)
(-0.09597473703 0.1219003192 4.11756147e-22)
(-0.1185097781 0.109615156 1.260151742e-22)
(-0.1397949958 0.09076943811 -5.578417139e-24)
(-0.1590010989 0.06580818561 5.550806974e-24)
(-0.1751242824 0.0352104399 0)
(-0.1869340052 -0.0001880628698 2.91035409e-23)
(-0.1929956535 -0.03888247648 4.691856902e-24)
(-0.1917603143 -0.07841846278 -1.075634691e-22)
(-0.1817682772 -0.1151621215 7.993210392e-23)
(-0.1620400566 -0.144233287 -2.417195939e-22)
(-0.1326921468 -0.159828156 0)
(-0.09576848685 -0.1562871499 0)
(-0.05601001019 -0.1302792857 0)
(-0.02147601529 -0.08379999584 0)
(-0.001500141823 -0.02665183291 5.567574537e-22)
(-0.0002875259322 0.04015103585 0)
(-0.01169270342 0.0954131351 -3.491737798e-22)
(-0.02924170167 0.12937701 8.92976004e-22)
(-0.05060447024 0.1468970462 3.615773325e-22)
(-0.07369338723 0.1519432861 0)
(-0.09744182507 0.1472483174 -3.860781846e-22)
(-0.121095448 0.1343977512 -3.172982847e-23)
(-0.1440195892 0.1141251002 3.331659344e-22)
(-0.1655005792 0.08669358541 1.768683861e-22)
(-0.1846106813 0.05229251909 -4.058326227e-23)
(-0.2001182965 0.01142580738 1.65646959e-23)
(-0.2104480519 -0.0346989679 -8.260337655e-24)
(-0.2137068946 -0.08374471201 3.370121828e-22)
(-0.2078080011 -0.1318502593 0)
(-0.1908110596 -0.1732472887 2.41836373e-22)
(-0.1616221427 -0.2002300357 5.767081368e-24)
(-0.1211570606 -0.2039845104 -5.853085651e-24)
(-0.0738437788 -0.1771892208 1.545993599e-22)
(-0.02971512843 -0.1188495479 -5.42815099e-24)
(-0.002179270634 -0.04004920953 0)
(-0.0002119493633 0.04670645098 0)
(-0.01125021518 0.1105261258 0)
(-0.02815603279 0.1497040237 -5.021141601e-22)
(-0.04874371146 0.1701175778 -1.880412669e-23)
(-0.07099873632 0.1765928895 2.037661587e-23)
(-0.09399141505 0.1724241919 -2.013602547e-23)
(-0.1171396257 0.1594650314 -2.315974779e-23)
(-0.1400137883 0.1384659954 -3.028500691e-22)
(-0.1621286874 0.1095095412 6.697554726e-23)
(-0.1827918592 0.07245316569 4.511121127e-23)
(-0.2009796812 0.02735782555 -4.575587627e-23)
(-0.2152231556 -0.02507204933 0)
(-0.2235520364 -0.08296321612 -7.832205176e-23)
(-0.2234583771 -0.1427010765 0)
(-0.2120622829 -0.1981541925 -3.737800332e-22)
(-0.1867371924 -0.2400477014 5.241819669e-22)
(-0.1464376996 -0.2560481141 0)
(-0.09394083034 -0.2330954849 -1.491613211e-22)
(-0.040217455 -0.1639437845 1.935091927e-22)
(-0.003200808748 -0.05860436836 -3.409081985e-22)
(-0.000201849267 0.05296634361 0)
(-0.01067398741 0.1247941797 9.180587129e-22)
(-0.02628693998 0.1687114643 -2.440034712e-23)
(-0.04501431776 0.1916116626 9.190967145e-22)
(-0.06494973482 0.199259596 -2.511366096e-23)
(-0.08537050124 0.1955824118 2.837939706e-23)
(-0.1059353251 0.1827672441 -2.812034017e-23)
(-0.1264978796 0.1616446138 -1.660363917e-23)
(-0.1469059575 0.1321704718 -5.258498965e-22)
(-0.1668528619 0.09389830072 -8.903665979e-24)
(-0.1857378642 0.04641433212 9.657070376e-24)
(-0.2024858154 -0.0102236465 3.31216987e-22)
(-0.2154224854 -0.07497940449 -5.818892296e-22)
(-0.2220265257 -0.1450087246 0)
(-0.2188066091 -0.214650679 8.883959153e-22)
(-0.2016266625 -0.2739741399 -4.937941184e-22)
(-0.1668626604 -0.3075529959 -1.571284033e-23)
(-0.11401967 -0.2953551197 0)
(-0.05288294997 -0.2195608526 -1.887767026e-22)
(-0.004748910646 -0.08376520896 3.358182242e-22)
(-0.0003645644836 0.0590147604 1.550639623e-23)
(-0.01049821531 0.1379670797 -8.762019784e-22)
(-0.02441898725 0.1856515568 -1.156810884e-21)
(-0.04027475788 0.2101066468 -8.62676222e-22)
(-0.05631690735 0.2182042724 0)
(-0.072160017 0.2145928242 3.512851919e-23)
(-0.08780534014 0.2018595276 -7.292866729e-23)
(-0.1034709677 0.1809885134 5.866262802e-23)
(-0.1194144974 0.1518954193 3.020456648e-22)
(-0.1358104189 0.1139178916 -1.127891727e-23)
(-0.1526262185 0.06622309966 0)
(-0.1694701399 0.008190705072 -3.602927927e-22)
(-0.1852932048 -0.06014293698 7.513905569e-22)
(-0.1980601533 -0.1372552924 8.829895001e-22)
(-0.2043670053 -0.2189047874 -5.29492912e-22)
(-0.1991063678 -0.2959480825 5.161273315e-22)
(-0.1760651073 -0.3513826907 1.077418904e-23)
(-0.1300902267 -0.3583909662 -1.094720877e-23)
(-0.06688741327 -0.284308128 -8.236760738e-23)
(-0.007083111836 -0.1169880264 0)
(-0.0009099770135 0.06539366458 -1.911093285e-23)
(-0.01167932354 0.150263809 -1.32672217e-21)
(-0.02389618099 0.2000407904 1.094003969e-21)
(-0.03602468702 0.224393464 6.733670391e-22)
(-0.04658788588 0.2316315087 6.013463248e-22)
(-0.0557881989 0.2272161218 6.642587339e-22)
(-0.06413276625 0.2141603985 -4.457638194e-23)
(-0.07229796152 0.1936395854 -3.46060544e-22)
(-0.08099364511 0.1656002171 2.15171713e-22)
(-0.09089686776 0.1292746407 0)
(-0.1025801396 0.08353997103 0)
(-0.1163873589 0.02721296634 2.654968669e-22)
(-0.132183044 -0.04060497454 8.195581806e-23)
(-0.1489473171 -0.1199966009 -2.820728507e-22)
(-0.1641474236 -0.2089131183 -5.410325679e-23)
(-0.1728025787 -0.3006814076 1.302163745e-22)
(-0.1670410317 -0.3793137792 -3.399399784e-22)
(-0.1365341415 -0.4136254013 -1.603314964e-23)
(-0.08018355022 -0.353815033 8.225504108e-23)
(-0.01050756229 -0.1594045445 -6.033697038e-22)
(-0.002260898391 0.07348418474 0)
(-0.01580758104 0.1626385758 2.145506897e-21)
(-0.02665940257 0.2117702643 0)
(-0.0342374707 0.23337138 -1.351580538e-21)
(-0.03761269004 0.2377537682 6.185245796e-23)
(-0.03801944353 0.2312358086 -6.191811785e-22)
(-0.03670819231 0.2171756969 -4.755405609e-22)
(-0.03491799353 0.1968858121 8.299620732e-22)
(-0.03381729742 0.1703329827 -1.885304079e-22)
(-0.0345281091 0.1367265765 0)
(-0.03814480497 0.09480567452 0)
(-0.04567808648 0.04305472973 2.411245323e-23)
(-0.05793473588 -0.02012453254 -6.006328962e-22)
(-0.07517057232 -0.09619311698 -4.308944985e-22)
(-0.09647345486 -0.1855426675 4.63742068e-22)
(-0.1183641315 -0.2853440869 -6.487551181e-22)
(-0.1332847473 -0.3838253846 9.115716944e-23)
(-0.1265428885 -0.4504218451 2.947272846e-23)
(-0.08899423267 -0.4198398212 5.660984406e-22)
(-0.01526933158 -0.2111643098 6.022326882e-22)
(-0.005181242915 0.08597811831 0)
(-0.02525962939 0.1766203143 1.465681334e-22)
(-0.03484360165 0.2205817181 -4.916480012e-23)
(-0.0364154057 0.2354683467 7.641772008e-22)
(-0.03020540178 0.2343228881 -7.00425014e-22)
(-0.01919079268 0.2241449718 4.745709165e-23)
(-0.005643098705 0.2083413717 -1.018544254e-22)
(0.008539735353 0.1881180932 -3.389264212e-22)
(0.02176802916 0.1633904302 2.062507909e-22)
(0.03259735483 0.1333283603 0)
(0.0395552813 0.09664866166 0)
(0.04114261746 0.05175068721 -2.902301347e-22)
(0.03575932304 -0.003244443182 0)
(0.02195864445 -0.07057286522 -5.511799173e-22)
(-0.001285340191 -0.1525638379 -1.490704897e-23)
(-0.0331219482 -0.2505863668 2.559425052e-23)
(-0.06910613713 -0.3599258439 2.20248541e-22)
(-0.09228729138 -0.457534353 4.7909499e-24)
(-0.08718456969 -0.4698038685 -5.79000096e-22)
(-0.02103165486 -0.2698913075 0)
(-0.01111649672 0.1085972832 0)
(-0.04249238775 0.1947110084 -8.84743793e-22)
(-0.04796363035 0.2258109388 -5.410581257e-22)
(-0.03920926746 0.228201911 4.543411029e-22)
(-0.01879754012 0.2182203485 -1.710375788e-24)
(0.007640576578 0.20281078 -4.560499126e-23)
(0.03665304834 0.1847535671 5.695834388e-22)
(0.06580126678 0.1647069465 -2.766484274e-23)
(0.09324203867 0.1423119785 -2.069460944e-22)
(0.1173606212 0.1166303646 3.14180498e-23)
(0.1365192598 0.08641726662 -3.425529669e-23)
(0.1489422385 0.05018443189 -3.69026797e-23)
(0.1525055856 0.00616768681 3.205390597e-22)
(0.144917553 -0.0479531049 6.119185082e-22)
(0.1234994629 -0.1152983112 -5.100863176e-22)
(0.08632172191 -0.2004140895 -1.615991174e-22)
(0.03197899352 -0.306776429 1.531290776e-22)
(-0.0236297372 -0.4239794615 7.293779178e-23)
(-0.0649275909 -0.4871564425 1.913294114e-21)
(-0.02510019326 -0.3291506906 2.954994348e-21)
(-0.02004668085 0.1460738692 -4.389930002e-23)
(-0.06416561235 0.211294873 4.417101014e-23)
(-0.05070728043 0.2177262751 1.00011893e-21)
(-0.01935029239 0.2014616651 -8.259882013e-24)
(0.0241307023 0.1809000863 0)
(0.07152301618 0.1606860532 4.363219527e-23)
(0.1190489074 0.1416437383 -2.273554624e-22)
(0.1644532722 0.1233145486 -9.026710861e-23)
(0.2062009047 0.1048106782 3.680216136e-23)
(0.2429406106 0.08507284036 -1.701435805e-23)
(0.2731986243 0.06296497282 3.429582519e-23)
(0.2952338827 0.03726780645 -6.592067978e-23)
(0.306679939 0.006540517943 -9.303126224e-23)
(0.3049593607 -0.03087245448 1.516961219e-22)
(0.2863818562 -0.07785855952 0)
(0.2470474351 -0.1399270337 1.505545083e-22)
(0.1810846364 -0.2266286113 2.559981508e-22)
(0.09603883477 -0.3443878207 0)
(-0.006700514546 -0.4552192371 -3.675633283e-21)
(-0.01922455664 -0.3777521058 -2.892623387e-21)
(-0.02591916513 0.2276840685 -9.514040531e-22)
(-0.03998269352 0.2238224716 -1.388916438e-22)
(0.03656075126 0.1810578123 -2.335411918e-22)
(0.1090471865 0.1451036482 -1.193640942e-22)
(0.1817127097 0.1172412946 -4.295574136e-23)
(0.2489991701 0.09627563174 9.782159494e-23)
(0.3100207263 0.08002216469 -1.408414704e-22)
(0.364605796 0.06656618802 1.296998918e-22)
(0.4126089784 0.0544910676 -8.618917077e-23)
(0.4536087605 0.04270948322 1.132140927e-25)
(0.4867726142 0.0303245731 1.527582012e-23)
(0.5107316684 0.01653131785 7.996456662e-23)
(0.52364864 0.000538957683 -1.810991843e-22)
(0.5231713425 -0.01863135768 -1.617062831e-22)
(0.5052261307 -0.04286287435 -4.262646654e-23)
(0.4658671406 -0.07633111099 0)
(0.395266488 -0.1286085634 -1.846442694e-22)
(0.2916047236 -0.2208467034 8.148720458e-22)
(0.1197440672 -0.3525015923 1.631595798e-21)
(0.02670510727 -0.3775495829 2.172652619e-21)
(0.2142898096 0.1347450785 9.864807604e-22)
(0.2776322489 0.0987054946 0)
(0.4316604899 0.05810436359 -2.594203903e-22)
(0.5304754578 0.03846257637 -1.741577182e-22)
(0.6016956182 0.02623390197 0)
(0.657117111 0.01831886892 -6.008481765e-23)
(0.7015168508 0.01313569553 6.377159277e-23)
(0.7375984488 0.009541955842 -1.799876205e-23)
(0.7669303698 0.006804487108 2.885536279e-23)
(0.7902042149 0.004464960783 2.314707573e-23)
(0.8074496909 0.002221689871 0)
(0.8182574237 -0.0001496107183 -2.872743745e-23)
(0.8216466211 -0.00272336118 0)
(0.8162374798 -0.005712301777 2.737914124e-23)
(0.7991324936 -0.009611167237 1.421628874e-23)
(0.7679985574 -0.01500249364 -5.799407489e-23)
(0.7106557832 -0.02502529577 -2.53563885e-22)
(0.6235185312 -0.04204296701 -6.918068055e-22)
(0.4230090889 -0.09182979767 0)
(0.270567434 -0.1524022371 -2.119480563e-21)
)


// ************************************************************************* //
