/*--------------------------------*- C++ -*----------------------------------*\
  =========                 |
  \\      /  F ield         | OpenFOAM: The Open Source CFD Toolbox
   \\    /   O peration     | Website:  https://openfoam.org
    \\  /    A nd           | Version:  13
     \\/     M anipulation  |
\*---------------------------------------------------------------------------*/
FoamFile
{
    format      ascii;
    class       scalarField;
    location    "19.41";
    object      p_all;
}
// * * * * * * * * * * * * * * * * * * * * * * * * * * * * * * * * * * * * * //


400
(
-6.246929063e-07
-0.0005483942749
-0.0008903607262
-0.001017702736
-0.0009387020694
-0.0006857365572
-0.0002963735177
0.0001934264583
0.0007471679963
0.001324369653
0.00187937613
0.002359340672
0.002708897197
0.002874988029
0.002816098344
0.002514216622
0.001989753844
0.001299810757
0.0006412575758
4.561531253e-05
0.0005863699495
5.343458544e-06
-0.0003582261078
-0.0005003558584
-0.0004694969512
-0.0002922522249
2.014970824e-06
0.0003840501684
0.0008224520836
0.00127993675
0.001716647349
0.002081448743
0.002324001257
0.002396966906
0.002266475287
0.001923723023
0.001395406997
0.0007465335659
0.0001492401156
-0.0005132290278
0.0009499271053
0.000305944463
-9.50107088e-05
-0.0002410931229
-0.0002347254319
-0.0001059660728
0.0001211686821
0.0004253890032
0.0007829384016
0.001161830323
0.001530092153
0.001833796531
0.002023004613
0.002049014839
0.001876688195
0.001496177104
0.0009314167849
0.0002389236568
-0.000459195179
-0.001295828487
0.0009731815088
0.0002555449105
-0.000194309266
-0.0003463173761
-0.0003552711509
-0.0002579158779
-7.48883762e-05
0.0001811758716
0.0004966834086
0.0008513308934
0.001204077939
0.001511897343
0.001714063186
0.001750075628
0.001571073888
0.001153657106
0.0005096178132
-0.0003143384952
-0.001229221384
-0.002379458212
0.0004774868771
-0.0002874510672
-0.0007659255813
-0.0009172810203
-0.000937879895
-0.0008689197589
-0.0007254099991
-0.0005078738662
-0.0002160803888
0.0001406878724
0.0005320210062
0.0009096599023
0.001202423072
0.00132945994
0.001214382129
0.000804006368
8.427986506e-05
-0.0009127552659
-0.002122182919
-0.003649986375
-0.0006888816062
-0.001469176375
-0.001957789983
-0.002108406735
-0.00215059606
-0.00212651552
-0.002041331524
-0.001877923132
-0.001615108361
-0.001242508699
-0.0007756685686
-0.0002591101161
0.0002245859865
0.0005656441912
0.0006422093499
0.0003462046671
-0.0003879276987
-0.001558409556
-0.003128542751
-0.005134932655
-0.002663302252
-0.003424616812
-0.003916036226
-0.00408086249
-0.004177451238
-0.004245541778
-0.004275504324
-0.004225409947
-0.004042883386
-0.003684205247
-0.003134872883
-0.002420635256
-0.00162735818
-0.0008973801786
-0.0004188825572
-0.0003927616072
-0.0009821193642
-0.002254015504
-0.004225486096
-0.006820101627
-0.005554877729
-0.006269512515
-0.0067673361
-0.006980604313
-0.007192997928
-0.007439646172
-0.007691966501
-0.007875656951
-0.007894401658
-0.007651901297
-0.007078076511
-0.006150023423
-0.004934468025
-0.003596060532
-0.002405718233
-0.001706811241
-0.001835738014
-0.003007388801
-0.005360211229
-0.008652993567
-0.0094329612
-0.0100791483
-0.01059555402
-0.01090698544
-0.01132114759
-0.01186944135
-0.01250303237
-0.0131096211
-0.01353619171
-0.01361054088
-0.01316892117
-0.01210744178
-0.01041477478
-0.008244206866
-0.00594515077
-0.004051897648
-0.003181035633
-0.003834265542
-0.006417297889
-0.01048153785
-0.01431224991
-0.01487128296
-0.01541783666
-0.01587614537
-0.0165824894
-0.01757067663
-0.01877533762
-0.0200452599
-0.02116178038
-0.02185633461
-0.02183924599
-0.02085399683
-0.01875426834
-0.01560371859
-0.01178042611
-0.008024566917
-0.005348762102
-0.004750032511
-0.00717114477
-0.01196850999
-0.02014720856
-0.02059770166
-0.02116751746
-0.02178849564
-0.02284214906
-0.02437816496
-0.02632449285
-0.02849633235
-0.03060801995
-0.03228226029
-0.03307307415
-0.03251844928
-0.03026101002
-0.0261587572
-0.02050708407
-0.01418854361
-0.008678482094
-0.005715298209
-0.007208661401
-0.01245553257
-0.02684690885
-0.02715316146
-0.02769333954
-0.02841273332
-0.02977714483
-0.03187468416
-0.03464174433
-0.03786980775
-0.04121175722
-0.04418120952
-0.04616347581
-0.04645435458
-0.04443955797
-0.03963822471
-0.03210150027
-0.02268185697
-0.01325234045
-0.006473966739
-0.005798012019
-0.01075495722
-0.03432342284
-0.03440754343
-0.03477882463
-0.0353930436
-0.03687866424
-0.03939444966
-0.04290177227
-0.04717676362
-0.05181696767
-0.05623388911
-0.05965481153
-0.06116643105
-0.05975652806
-0.05463474981
-0.04542234717
-0.03268346814
-0.01843936623
-0.006234463595
-0.001664247508
-0.004864899895
-0.0425974101
-0.04226789175
-0.04218435898
-0.04228415313
-0.04350050316
-0.04610104462
-0.05008169422
-0.05520003426
-0.06099281154
-0.0667729729
-0.07161707664
-0.07439116145
-0.07381271053
-0.06865740612
-0.05805688415
-0.04204894276
-0.02242913581
-0.003248063788
0.007354579503
0.008347521591
-0.05199762377
-0.05074936815
-0.04966684066
-0.04856790644
-0.04891480932
-0.05110638744
-0.05515667143
-0.06077784662
-0.06741547122
-0.07426929879
-0.08026289515
-0.08405821353
-0.08411537189
-0.07882523028
-0.06683325642
-0.04751592754
-0.02212145171
0.005506744691
0.02471931673
0.03352994032
-0.06364392912
-0.06017847369
-0.0570877364
-0.05375532613
-0.0524559591
-0.05366900083
-0.05735121833
-0.06312290346
-0.07024547086
-0.07778359293
-0.0844763745
-0.08877200039
-0.08888794997
-0.08283257662
-0.06884692629
-0.04561917075
-0.01375143194
0.02441672572
0.05553908651
0.07735451767
-0.08017629186
-0.07106621845
-0.06411408683
-0.05715945828
-0.05342542471
-0.05320792676
-0.05624923389
-0.0619018606
-0.06924524625
-0.07710286333
-0.08399928234
-0.08814129499
-0.08747304291
-0.07965329237
-0.06247998919
-0.03405380693
0.00555841686
0.05859117804
0.1058185523
0.148062951
-0.1105003948
-0.08584914439
-0.07160316469
-0.05896952418
-0.0519118651
-0.04987974223
-0.05209682103
-0.05750022814
-0.06484906453
-0.07269735538
-0.07932982152
-0.08270574014
-0.08051564183
-0.06988628744
-0.04823527734
-0.01272840052
0.03822842335
0.1071246174
0.1779711183
0.2564687539
-0.1684331453
-0.0999056309
-0.07500817687
-0.05479924286
-0.04462012409
-0.04158468706
-0.04371440993
-0.04937539268
-0.05700883273
-0.06496151837
-0.07135306976
-0.07397347056
-0.07012542233
-0.0570133449
-0.03103185454
0.01192305881
0.0755912211
0.1663954003
0.276153033
0.4376956282
-0.3984246128
-0.1380973948
-0.07497109072
-0.04709080437
-0.03355176375
-0.03003072861
-0.03280009707
-0.03925995357
-0.04755142094
-0.05593086601
-0.06249226036
-0.06502315941
-0.06099134127
-0.04696889035
-0.01875931171
0.02993004051
0.1069482109
0.233418921
0.4198716474
0.7800150226
)


// ************************************************************************* //
