/*--------------------------------*- C++ -*----------------------------------*\
  =========                 |
  \\      /  F ield         | OpenFOAM: The Open Source CFD Toolbox
   \\    /   O peration     | Website:  https://openfoam.org
    \\  /    A nd           | Version:  13
     \\/     M anipulation  |
\*---------------------------------------------------------------------------*/
FoamFile
{
    format      ascii;
    class       vectorField;
    location    "30.89";
    object      U_all;
}
// * * * * * * * * * * * * * * * * * * * * * * * * * * * * * * * * * * * * * //


400
(
(1.096410053e-05 -3.786006135e-05 0)
(-0.0006661388088 0.0004130364374 -1.548635275e-23)
(-0.00218538194 0.0009203899351 0)
(-0.004047826418 0.001312775872 0)
(-0.005971850705 0.001535060633 6.841636633e-25)
(-0.007762756813 0.001569842714 4.151494988e-24)
(-0.009284512324 0.001423558359 -7.361244816e-24)
(-0.0104359047 0.00111971832 7.543213097e-24)
(-0.0111367767 0.0006960789713 -2.096308681e-25)
(-0.01132707553 0.0002030764901 -3.996077505e-24)
(-0.01097174067 -0.000300231877 5.805141529e-24)
(-0.01007230184 -0.0007475127734 -5.930823345e-23)
(-0.008679861312 -0.001075558594 -6.553972616e-23)
(-0.006902842271 -0.001233041093 -7.785646946e-23)
(-0.00491073518 -0.001192636805 4.574394396e-24)
(-0.00292723544 -0.0009619204317 -4.138743934e-24)
(-0.001205306731 -0.0005912131118 -1.999283318e-22)
(-1.907662603e-05 -0.0001698852357 0)
(0.0005181481656 0.0001720829984 1.51185151e-25)
(0.0002227498295 0.0003059772211 -2.582127046e-24)
(-0.0002633823089 0.0008289274931 1.385103444e-25)
(-0.002703318138 0.003383811988 1.558386113e-23)
(-0.00690726348 0.005604467841 1.551181213e-25)
(-0.01195228002 0.007008172246 -8.487678677e-25)
(-0.01713497959 0.007553742106 1.160994714e-24)
(-0.02197526805 0.007294170109 1.305627279e-23)
(-0.02611065735 0.006321870954 1.400832635e-24)
(-0.02926553213 0.004754177522 -7.294610453e-24)
(-0.03122661016 0.002737144983 1.015889084e-23)
(-0.03184189288 0.0004524086054 4.511645753e-24)
(-0.03102750786 -0.001884132098 -6.320541568e-24)
(-0.02879307612 -0.004023009193 2.961567295e-24)
(-0.02527131372 -0.005708329949 3.896215782e-23)
(-0.02073190066 -0.006707384998 -1.955181576e-24)
(-0.01558959892 -0.006854119796 3.755316921e-24)
(-0.01038512387 -0.006097451255 -9.743786488e-23)
(-0.005730274041 -0.004546182152 9.64045165e-23)
(-0.002233374141 -0.002507422367 -3.965716984e-25)
(-0.0001817817506 -0.0005023801971 4.065732765e-25)
(8.343410237e-05 0.0006099198776 0)
(-0.0004188264902 0.002935054398 -2.912503697e-25)
(-0.004647867545 0.00880396467 1.704801599e-23)
(-0.01137192132 0.01324035484 -8.257236598e-24)
(-0.01932721336 0.01579196323 -2.071326487e-25)
(-0.02747400051 0.01652992322 2.034862008e-25)
(-0.03511763755 0.01564434878 7.203791288e-27)
(-0.04171327092 0.0133599239 -1.232950329e-24)
(-0.04683552277 0.00991973904 -4.559185744e-25)
(-0.050149688 0.00560242326 -1.063740396e-23)
(-0.05141212097 0.0007444325702 0)
(-0.05047774788 -0.004241748962 0)
(-0.04733690075 -0.008887139822 2.671673354e-23)
(-0.04215914601 -0.01268171228 2.813648456e-23)
(-0.03531427358 -0.01513599199 -1.646576293e-24)
(-0.02738989441 -0.0158618412 4.847257507e-23)
(-0.01917001973 -0.0146732999 9.422004813e-23)
(-0.0115608907 -0.01169357936 3.978479035e-23)
(-0.005465409056 -0.007450736519 4.150960871e-25)
(-0.001451102003 -0.002936050183 1.069082492e-25)
(-9.072765803e-05 0.0002258684746 0)
(-0.000502462834 0.006045315421 -4.251591676e-23)
(-0.006402716512 0.01637066999 -1.695020861e-23)
(-0.01553495952 0.02355921763 8.184095091e-24)
(-0.02627900578 0.02744149397 0)
(-0.03728730235 0.02832089146 0)
(-0.04769016443 0.02658761032 0)
(-0.05679638427 0.02263111433 -4.507089812e-26)
(-0.06405357064 0.01683603751 -2.129850148e-24)
(-0.0690105346 0.009622166199 0)
(-0.07130800125 0.001491070812 1.637084e-24)
(-0.07070827309 -0.006936448812 2.803814683e-25)
(-0.06713015803 -0.01493010581 -2.811665309e-25)
(-0.06069885485 -0.02166718114 0)
(-0.0518073447 -0.02631595095 4.134647625e-23)
(-0.04114979863 -0.02816060837 -4.682929118e-23)
(-0.0297196245 -0.02677363984 -2.763383353e-23)
(-0.01873712337 -0.02221524925 -3.963668858e-23)
(-0.009488010063 -0.01521919559 7.79584149e-25)
(-0.002976876381 -0.007298193141 9.787304073e-23)
(-0.0002318794892 -0.000866176072 0)
(-0.0005316108844 0.01009496455 4.272268634e-23)
(-0.007983557679 0.02595206498 4.781061573e-25)
(-0.01939678833 0.03642865002 -4.671863193e-25)
(-0.03282367875 0.04185500993 0)
(-0.04664668491 0.04289466011 7.778655817e-25)
(-0.05985203802 0.04020057212 -7.670802127e-25)
(-0.07163261177 0.03434728685 3.670960422e-23)
(-0.08132718025 0.02585655946 1.846846796e-23)
(-0.08836566288 0.01527295609 6.235236716e-24)
(-0.0922543469 0.003246174465 -1.638991223e-24)
(-0.09260346315 -0.009407753838 0)
(-0.08917524717 -0.02167465937 4.372782593e-25)
(-0.08195952253 -0.03236730054 1.009739927e-23)
(-0.07126863071 -0.04021233832 -4.350767994e-23)
(-0.05782001551 -0.04402030497 1.933776622e-24)
(-0.04278570836 -0.0429481571 4.220109026e-23)
(-0.0277544289 -0.03683336858 -3.846286334e-25)
(-0.01455058648 -0.02652715186 0)
(-0.00485945111 -0.01408452634 5.436506099e-23)
(-0.0003641470903 -0.002846957235 -2.564759454e-22)
(-0.0005272187742 0.01499920416 9.838656998e-23)
(-0.009377884318 0.0373900415 -4.90553264e-25)
(-0.02288172844 0.05170198465 0)
(-0.0388302698 0.05894156161 0)
(-0.05538633685 0.06025548477 -8.730745549e-23)
(-0.0714284767 0.05661878251 -8.497753593e-23)
(-0.08606620267 0.04880151156 -4.066085749e-23)
(-0.09855048552 0.03743969353 -1.503705653e-23)
(-0.108194136 0.02315979942 -5.365698494e-24)
(-0.1143440725 0.00670971158 -8.173198381e-24)
(-0.1164042304 -0.01093282104 6.599197418e-24)
(-0.1138933738 -0.02848929182 8.823144801e-24)
(-0.106548369 -0.04437026101 -1.89229799e-23)
(-0.09446775965 -0.05675311279 4.592821793e-24)
(-0.07826834431 -0.06378276114 0)
(-0.05922878961 -0.06393475148 -1.574366181e-23)
(-0.03933971259 -0.05653800361 -2.382299108e-26)
(-0.02114183213 -0.04235798884 0)
(-0.007318683559 -0.02398224915 -1.520333538e-22)
(-0.000521614421 -0.005925541135 6.055625578e-22)
(-0.000499080775 0.02064564836 -9.771636505e-23)
(-0.01052946849 0.05045414698 2.831690059e-22)
(-0.02582947347 0.06912480292 1.526715353e-22)
(-0.04402121389 0.07849223588 3.618840429e-24)
(-0.06310715498 0.0802944322 -7.319263459e-23)
(-0.08190375268 0.07588013942 9.042121949e-23)
(-0.09947728719 0.06621668193 -3.589782941e-24)
(-0.1150223491 0.05201680535 -1.728947057e-24)
(-0.1277515046 0.03392352757 2.523825796e-24)
(-0.1368468366 0.01270236424 7.380944079e-24)
(-0.1414706334 -0.0105877058 -6.499054359e-24)
(-0.1408244185 -0.0344600519 -9.784218361e-24)
(-0.13427423 -0.05692746733 -3.261777015e-23)
(-0.1215447026 -0.07553287622 -3.659147777e-23)
(-0.1029670005 -0.08754230979 5.641221404e-25)
(-0.07976349755 -0.0903918201 0)
(-0.05426668941 -0.08244490873 0)
(-0.029871535 -0.06397720978 -2.905570719e-24)
(-0.01066282451 -0.03798786628 2.970008996e-24)
(-0.0007350910567 -0.01050087919 1.02786735e-22)
(-0.0004479159729 0.02687239068 0)
(-0.01134919542 0.06480728931 2.001972867e-22)
(-0.02801590536 0.08829579305 8.962073125e-23)
(-0.04799841819 0.1001230819 0)
(-0.06920580079 0.102707257 1.569743005e-22)
(-0.09044345439 0.09781543829 0)
(-0.1107828412 0.08661075861 -1.428311531e-22)
(-0.1294090114 0.06983932492 6.515114614e-24)
(-0.1454767727 0.04808224547 0)
(-0.1580347774 0.02201758342 0)
(-0.1660129413 -0.007334312417 -1.374292015e-24)
(-0.1682667637 -0.03838818076 -9.315571653e-25)
(-0.1637061022 -0.06883946936 1.49182326e-22)
(-0.1515205455 -0.09558241805 -4.704651655e-23)
(-0.1315131736 -0.1148295042 -2.560487486e-24)
(-0.1045593851 -0.1225699905 1.53424765e-24)
(-0.07309334295 -0.1155514931 -1.558449301e-24)
(-0.04135012535 -0.09283093177 0)
(-0.01525226865 -0.05740755103 3.203554887e-24)
(-0.001044305977 -0.01714711308 -1.012847788e-21)
(-0.0003744668992 0.03346290541 0)
(-0.01175003302 0.07998885807 -1.128148363e-22)
(-0.02920700827 0.1086386596 -6.190854848e-22)
(-0.05031732672 0.1232229275 -3.755158164e-22)
(-0.07296299737 0.1269092488 0)
(-0.09598937548 0.1219251667 4.119302007e-22)
(-0.1185270801 0.1096345527 1.260857183e-22)
(-0.1398143415 0.09078225088 -5.581599567e-24)
(-0.1590218324 0.06581383697 5.553973647e-24)
(-0.1751457655 0.03520883133 0)
(-0.1869556604 -0.0001966165287 2.912030415e-23)
(-0.1930169321 -0.03889731281 4.695590627e-24)
(-0.1917806726 -0.07843857076 -1.076727852e-22)
(-0.1817871479 -0.1151861605 8.003426696e-23)
(-0.1620567811 -0.1442595337 -2.41958478e-22)
(-0.1327059827 -0.1598544489 0)
(-0.09577872057 -0.1563109141 0)
(-0.0560162326 -0.1302978163 0)
(-0.02147855152 -0.08381117507 0)
(-0.001500380943 -0.02665511148 5.571784771e-22)
(-0.0002873918297 0.0401606259 0)
(-0.01169358251 0.09543575694 -3.492870352e-22)
(-0.02924434219 0.1294068891 8.932497969e-22)
(-0.05060939698 0.146929403 3.617035184e-22)
(-0.07370071349 0.1519743726 0)
(-0.09745136385 0.1472753643 -3.862409214e-22)
(-0.1211068076 0.1344188562 -3.174333773e-23)
(-0.1440322814 0.1141391049 3.333023064e-22)
(-0.1655141129 0.08669995973 1.769433166e-22)
(-0.1846246346 0.05229124955 -4.060061903e-23)
(-0.2001323613 0.01141729155 1.656817725e-23)
(-0.2104620254 -0.03471400799 -8.264989939e-24)
(-0.2137206371 -0.0837653139 3.37177133e-22)
(-0.2078213401 -0.1318752427 0)
(-0.1908236552 -0.173275175 2.420753729e-22)
(-0.1616333963 -0.2002588849 5.774273694e-24)
(-0.1211661259 -0.2040117413 -5.8603852e-24)
(-0.07384980288 -0.1772116418 1.548279382e-22)
(-0.02971782574 -0.1188640047 -5.434941443e-24)
(-0.002179540931 -0.04005391336 0)
(-0.0002117234937 0.04671624572 0)
(-0.01125001421 0.110549444 0)
(-0.02815624164 0.1497350096 -5.022609034e-22)
(-0.04874477714 0.1701512266 -1.880949998e-23)
(-0.07100083473 0.176625201 2.038329516e-23)
(-0.09399446857 0.1724522044 -2.014262593e-23)
(-0.1171433727 0.1594867506 -2.316833019e-23)
(-0.1400178873 0.138480277 -3.029748914e-22)
(-0.1621328249 0.1095159643 6.698599349e-23)
(-0.1827958415 0.07245188434 4.513075167e-23)
(-0.2009834956 0.02734941634 -4.577616427e-23)
(-0.2152269659 -0.02508674943 0)
(-0.2235561557 -0.08298320092 -7.839271255e-23)
(-0.2234631438 -0.1427253518 0)
(-0.2120678546 -0.1981816556 -3.739472091e-22)
(-0.1867433571 -0.240076909 5.24478156e-22)
(-0.1464437348 -0.2560768871 0)
(-0.09394560178 -0.2331205547 -1.493830688e-22)
(-0.04021997018 -0.1639610928 1.937382376e-22)
(-0.003201095752 -0.05861053418 -3.411362226e-22)
(-0.0002015458573 0.05297570355 0)
(-0.01067264024 0.1248168806 9.182703545e-22)
(-0.02628450538 0.1687419755 -2.440636176e-23)
(-0.04501112888 0.1916449859 9.193176737e-22)
(-0.06494603422 0.199291597 -2.512037683e-23)
(-0.08536635196 0.1956099922 2.838793599e-23)
(-0.10593064 0.1827883462 -2.81288012e-23)
(-0.1264925046 0.1616581319 -1.6608917e-23)
(-0.1468997827 0.1321761349 -5.260148736e-22)
(-0.1668459253 0.09389648949 -8.906495322e-24)
(-0.1857304197 0.04640589145 9.660060257e-24)
(-0.2024782868 -0.0102376305 3.313038343e-22)
(-0.2154155697 -0.07499791385 -5.820656247e-22)
(-0.222021057 -0.1450308365 0)
(-0.2188032623 -0.2146756681 8.887153898e-22)
(-0.2016257658 -0.2740012149 -4.940724621e-22)
(-0.1668638991 -0.307580757 -1.572170593e-23)
(-0.1140219727 -0.2953807854 0)
(-0.05288479099 -0.2195799558 -1.8900189e-22)
(-0.004749183866 -0.0837726617 3.3604229e-22)
(-0.0003642042733 0.05902304713 1.550985082e-23)
(-0.01049577803 0.137987823 -8.764038936e-22)
(-0.0244139746 0.1856799612 -1.157042274e-21)
(-0.04026736122 0.2101379788 -8.628835544e-22)
(-0.05630744576 0.2182344126 0)
(-0.0721487439 0.2146186162 3.513754443e-23)
(-0.08779242064 0.2018788857 -7.294764191e-23)
(-0.1034565078 0.1810003692 5.867806522e-23)
(-0.119398638 0.1518996526 3.021325606e-22)
(-0.1357934232 0.1139150964 -1.128182346e-23)
(-0.1526085117 0.06621438309 0)
(-0.1694524174 0.008177410182 -3.603886285e-22)
(-0.1852763263 -0.06015961573 7.515588033e-22)
(-0.1980450896 -0.1372744005 8.83161522e-22)
(-0.2043548188 -0.2189258562 -5.29654251e-22)
(-0.1990978949 -0.2959709298 5.162608478e-22)
(-0.1760606039 -0.3514068758 1.078182372e-23)
(-0.130089081 -0.3584147022 -1.0954966e-23)
(-0.06688802331 -0.2843273466 -8.216923368e-23)
(-0.007083316749 -0.1169963104 0)
(-0.0009095837401 0.06540031095 -1.911461391e-23)
(-0.01167597007 0.1502813643 -1.326949593e-21)
(-0.02388893497 0.2000655645 1.094221667e-21)
(-0.03601357941 0.2244212566 6.734847339e-22)
(-0.04657331726 0.2316583977 6.014558744e-22)
(-0.05577066174 0.2272390054 6.643877862e-22)
(-0.06411277304 0.2141772186 -4.45862583e-23)
(-0.07227596371 0.1936492813 -3.461300995e-22)
(-0.08097010121 0.1656027873 2.152141449e-22)
(-0.09087231096 0.1292707926 0)
(-0.1025551401 0.0835309637 0)
(-0.1163626068 0.02720030468 2.655376159e-22)
(-0.1321593308 -0.04061982715 8.194344291e-23)
(-0.1489255756 -0.120012579 -2.82158456e-22)
(-0.1641287239 -0.2089298051 -5.411220618e-23)
(-0.1727879927 -0.300698972 1.301951445e-22)
(-0.1670312847 -0.3793326108 -3.400423183e-22)
(-0.1365293201 -0.4136448869 -1.594613737e-23)
(-0.08018251762 -0.353832345 8.205693852e-23)
(-0.01050762204 -0.1594129236 -6.032311121e-22)
(-0.002260504521 0.07348876343 0)
(-0.01580361897 0.1626519662 2.145850278e-21)
(-0.02665056514 0.2117901596 0)
(-0.03422361468 0.2333943635 -1.351792502e-21)
(-0.03759427563 0.2377763248 6.184073911e-23)
(-0.03799720373 0.2312550461 -6.193020429e-22)
(-0.03668305623 0.2171896773 -4.756234546e-22)
(-0.03489079349 0.1968933274 8.301170552e-22)
(-0.03378882952 0.1703342158 -1.885679597e-22)
(-0.0344992217 0.1367221744 0)
(-0.03811618056 0.0947968731 0)
(-0.04565036374 0.04304304892 2.410624637e-23)
(-0.05790845982 -0.02013760643 -6.007152848e-22)
(-0.07514636966 -0.09620629385 -4.309532026e-22)
(-0.09645208931 -0.1855554151 4.637826117e-22)
(-0.1183465412 -0.2853565783 -6.488653477e-22)
(-0.1332717449 -0.383838445 9.119844593e-23)
(-0.1265352207 -0.4504356508 2.938144622e-23)
(-0.08899158282 -0.4198534202 5.660512841e-22)
(-0.01526918171 -0.2111718526 6.020943578e-22)
(-0.005180904768 0.08598042382 0)
(-0.02525557097 0.1766289828 1.465580822e-22)
(-0.03483422756 0.220595931 -4.9170962e-23)
(-0.03640037574 0.2354856609 7.64284903e-22)
(-0.03018515007 0.2343403975 -7.005301367e-22)
(-0.01916618296 0.2241601468 4.746432035e-23)
(-0.005615585082 0.2083524079 -1.018601243e-22)
(0.008569142707 0.1881240129 -3.389855438e-22)
(0.0217983814 0.1633911139 2.062805126e-22)
(0.03262733969 0.1333243349 0)
(0.03958412814 0.09664098175 0)
(0.04116970268 0.05174072111 -2.90264761e-22)
(0.03578443932 -0.003255227552 0)
(0.02198148387 -0.07058344088 -5.512151393e-22)
(-0.00126516684 -0.1525733987 -1.492353388e-23)
(-0.03310496893 -0.2505948493 2.559697801e-23)
(-0.06909257403 -0.3599340206 2.203070659e-22)
(-0.09227841135 -0.4575423247 4.788526697e-24)
(-0.08718095657 -0.469812798 -5.789485972e-22)
(-0.02103127745 -0.2698971361 0)
(-0.01111631824 0.1085974947 0)
(-0.04248907071 0.1947151036 -8.848404068e-22)
(-0.04795541847 0.2258194173 -5.410997725e-22)
(-0.03919557514 0.2282133742 4.543776073e-22)
(-0.01877860163 0.218232619 -1.709989667e-24)
(0.007663944865 0.2028218595 -4.561004011e-23)
(0.03667951546 0.1847618449 5.696624397e-22)
(0.06582953833 0.1647117444 -2.766865681e-23)
(0.09327085236 0.1423128035 -2.069763925e-22)
(0.117388715 0.1166275374 3.142188704e-23)
(0.1365457479 0.08641152875 -3.425892677e-23)
(0.1489665401 0.05017681039 -3.690570662e-23)
(0.1525272332 0.006159299652 3.205613017e-22)
(0.1449364024 -0.04796114267 6.119566269e-22)
(0.1235157194 -0.1153051814 -5.101133013e-22)
(0.0863351201 -0.2004194785 -1.616026369e-22)
(0.03199070552 -0.306780592 1.531338899e-22)
(-0.02362136553 -0.4239836468 7.293694437e-23)
(-0.06492418491 -0.4871612019 1.913297555e-21)
(-0.02509972445 -0.3291544143 2.954998179e-21)
(-0.02004680272 0.1460727583 -4.390183779e-23)
(-0.06416408616 0.2112955751 4.417356388e-23)
(-0.05070238242 0.2177299899 1.00018127e-21)
(-0.01934111769 0.2014679003 -8.270432847e-24)
(0.0241444332 0.1809075009 0)
(0.07154093802 0.1606932215 4.363676607e-23)
(0.1190700073 0.1416494587 -2.273828649e-22)
(0.1644763677 0.1233181252 -9.027862322e-23)
(0.2062247381 0.1048117126 3.680698269e-23)
(0.242963932 0.08507142277 -1.701642419e-23)
(0.2732204114 0.0629615308 3.429945956e-23)
(0.2952533014 0.03726301383 -6.592634164e-23)
(0.3066968363 0.006535153061 -9.30385793e-23)
(0.3049736035 -0.03087761848 1.517031425e-22)
(0.2863934393 -0.07786284145 0)
(0.2470566603 -0.1399299895 1.505575523e-22)
(0.1810921035 -0.2266299534 2.560017569e-22)
(0.0960444127 -0.3443894679 0)
(-0.006697661712 -0.455220993 -3.675644571e-21)
(-0.01922408945 -0.3777537323 -2.892627431e-21)
(-0.02591950788 0.2276828985 -9.514188069e-22)
(-0.03998323724 0.2238216656 -1.388969595e-22)
(0.0365613601 0.1810585253 -2.335563746e-22)
(0.1090502568 0.1451058745 -1.193733044e-22)
(0.1817190206 0.1172444993 -4.295783981e-23)
(0.2490089201 0.09627902309 9.783051027e-23)
(0.3100334696 0.08002505866 -1.408574262e-22)
(0.3646206981 0.06656812289 1.297161295e-22)
(0.4126249961 0.05449177769 -8.620036197e-23)
(0.4536247763 0.04270895748 1.132190791e-25)
(0.4867876341 0.03032300878 1.527729889e-23)
(0.5107449258 0.01652905421 7.997146579e-23)
(0.5236595714 0.00053655225 -1.811110514e-22)
(0.5231796682 -0.01863369557 -1.617133593e-22)
(0.5052322438 -0.04286475968 -4.262872303e-23)
(0.4658714387 -0.07633229299 0)
(0.3952695993 -0.1286089324 -1.846496606e-22)
(0.2916070666 -0.2208468079 8.14878275e-22)
(0.1197454875 -0.3525016884 1.631604719e-21)
(0.0267054668 -0.3775497943 2.172657464e-21)
(0.2142894525 0.1347447262 9.864971179e-22)
(0.2776311361 0.09870504268 0)
(0.4316592488 0.05810415166 -2.594303786e-22)
(0.5304749431 0.03846264845 -1.741650099e-22)
(0.6016965608 0.02623418676 0)
(0.6571198534 0.0183192292 -6.009007803e-23)
(0.701521291 0.01313600373 6.377913971e-23)
(0.7376041606 0.009542123785 -1.800133546e-23)
(0.7669367416 0.006804464014 2.885939572e-23)
(0.7902105686 0.004464747256 2.315009618e-23)
(0.8074554109 0.002221325543 0)
(0.8182620622 -0.0001500678503 -2.873009943e-23)
(0.8216499192 -0.002723840794 0)
(0.8162393892 -0.005712663 2.738109715e-23)
(0.7991333016 -0.009611379498 1.421653108e-23)
(0.7679986329 -0.01500255016 -5.799441797e-23)
(0.7106555783 -0.02502520102 -2.535672231e-22)
(0.6235183998 -0.04204285584 -6.918116861e-22)
(0.4230091016 -0.09182968264 0)
(0.2705674684 -0.1524021849 -2.11948529e-21)
)


// ************************************************************************* //
