/*--------------------------------*- C++ -*----------------------------------*\
  =========                 |
  \\      /  F ield         | OpenFOAM: The Open Source CFD Toolbox
   \\    /   O peration     | Website:  https://openfoam.org
    \\  /    A nd           | Version:  13
     \\/     M anipulation  |
\*---------------------------------------------------------------------------*/
FoamFile
{
    format      ascii;
    class       scalarField;
    location    "0.08";
    object      p_all;
}
// * * * * * * * * * * * * * * * * * * * * * * * * * * * * * * * * * * * * * //


400
(
-1.792817254e-09
0.0009295341095
0.002356755038
0.004287236259
0.006565130711
0.009108069724
0.01185347713
0.01474925866
0.01774964755
0.02081266428
0.02389829897
0.02696704383
0.02997853602
0.03289012368
0.03565500325
0.03821972418
0.04052003896
0.04247142633
0.04391540653
0.04485540193
-0.0008699971223
9.870113535e-05
0.001449049643
0.003363131228
0.005675265004
0.008304603223
0.01118103122
0.0142428707
0.0174343948
0.02070370483
0.0240009641
0.02727681779
0.03048097653
0.03356070618
0.03645899567
0.03911247551
0.0414490015
0.04338523957
0.04475267991
0.04573234018
-0.002459273168
-0.001260956354
0.000171970107
0.00220467236
0.004645300144
0.007423990621
0.01047038091
0.01371964425
0.0171117539
0.02058996568
0.02409933156
0.02758531106
0.03099243197
0.03426291488
0.03733514851
0.04014226229
0.04261147226
0.04466997318
0.04612261304
0.04733431129
-0.004855691902
-0.003394681159
-0.001822441702
0.0004007699714
0.003049708599
0.006065656726
0.009377461418
0.01291639548
0.01661677462
0.02041518186
0.02424943385
0.02805751366
0.03177657404
0.03534188488
0.03868576337
0.04173689356
0.04442109521
0.04667603283
0.04827247523
0.04975055669
-0.008049560121
-0.006303199432
-0.004527254893
-0.002032378695
0.0009154696106
0.004263497247
0.007937243882
0.01186296662
0.01596893967
0.02018504608
0.02444202784
0.02867059976
0.03280063045
0.03676030259
0.0404753344
0.04386865228
0.04686188687
0.04939756016
0.05120467293
0.05297335412
-0.01210994272
-0.01006590924
-0.008031862071
-0.005191137084
-0.001852852729
0.001929678064
0.006075143302
0.01050239342
0.01513200263
0.01988591576
0.02468677219
0.02945705876
0.03411831473
0.03859029278
0.04279024236
0.04663265226
0.05003104022
0.05292585273
0.05500131553
0.05707493043
-0.01714524022
-0.01479024888
-0.01244081873
-0.009174570889
-0.005344598796
-0.001012407849
0.003729356769
0.008788958176
0.01407704637
0.01950607258
0.02498939117
0.03044018036
0.03577040821
0.0408897288
0.04570449573
0.05011723911
0.05402837335
0.05736790126
0.05977361533
0.06216823821
-0.02330231611
-0.02061827284
-0.01788730528
-0.01410371839
-0.009665430741
-0.004651073959
0.0008299608427
0.006671515625
0.01277173874
0.01903195762
0.025355188
0.03164444477
0.03780103614
0.0437228145
0.04930249028
0.05442640859
0.05897579624
0.06286025461
0.06566904393
0.06840680189
-0.03077245806
-0.02773341039
-0.02453948934
-0.02012645892
-0.01494034314
-0.009087769057
-0.002701450278
0.004093620887
0.01118046198
0.01844800679
0.02578850087
0.03309468899
0.04025683721
0.04715973282
0.05367973167
0.05968223189
0.06502189145
0.06957556145
0.07287873232
0.07599163444
-0.03980317306
-0.03637036873
-0.03260778324
-0.02742187549
-0.02131539833
-0.01443688472
-0.006950494613
0.0009950571634
0.009265418477
0.01773686145
0.02629182239
0.03481420767
0.04318442206
0.05127420685
0.05894148988
0.06602565011
0.07234578069
0.07773004184
0.08164840222
0.08518470598
-0.05071789614
-0.04683012061
-0.04235404324
-0.03620425546
-0.02895761199
-0.02082298007
-0.01200611873
-0.002684499516
0.006989094667
0.01688000487
0.02686436112
0.03682140537
0.0466255732
0.05613809552
0.06519821763
0.07361462579
0.08115997623
0.08759265005
0.0922947271
0.09633137853
-0.06394928716
-0.05950207987
-0.05410363284
-0.04672603381
-0.03805139252
-0.02837361612
-0.01795244188
-0.006998316715
0.004319074684
0.01585941534
0.02750006006
0.0391241932
0.05060867285
0.06181108054
0.072555488
0.08261737503
0.09171074564
0.09949634956
0.105229292
0.1098984348
-0.0800952698
-0.07489799004
-0.0682609239
-0.05927748313
-0.04878828206
-0.03720469757
-0.02485381502
-0.01198013549
0.001236278186
0.01466060681
0.02818505656
0.04171167631
0.05513493627
0.06832279057
0.08109475757
0.09319641083
0.1042724262
0.1138508565
0.1209944269
0.1265387937
-0.100020442
-0.09370327774
-0.08532664405
-0.07417796936
-0.06134418876
-0.04739327858
-0.03272945557
-0.01762412884
-0.002251928744
0.01327785747
0.02889448782
0.04454228559
0.06015773961
0.07564398629
0.09083917703
0.1054754829
0.1191272978
0.1311520427
0.1403150923
0.1472092819
-0.1250508546
-0.1168546882
-0.1059106555
-0.09174725468
-0.07583334582
-0.05893009014
-0.04151278043
-0.02385449896
-0.006092490457
0.01172248184
0.02958948659
0.0475284628
0.06555354949
0.08364262898
0.1016960232
0.1194756372
0.1365136309
0.151974478
0.1641713943
0.1733984363
-0.1573712239
-0.1456551854
-0.1307216614
-0.1122322086
-0.09221960723
-0.07163994772
-0.05099000375
-0.03048278894
-0.01016051627
0.01003452589
0.03021514315
0.050519193
0.07108481691
0.09202135128
0.1133641857
0.1349961593
0.1565046417
0.1769105751
0.1938876422
0.207581929
-0.2007521004
-0.1818873752
-0.1604721655
-0.1356327441
-0.1101470426
-0.08504915608
-0.06070798366
-0.03714929755
-0.01422534297
0.008298500152
0.03070040027
0.05328164472
0.07635539438
0.1002326555
0.1251906623
0.1513981247
0.1787354649
0.2063338668
0.2310918983
0.2538928185
-0.2623926648
-0.2278264891
-0.1955940518
-0.1613957367
-0.1287101234
-0.09824915582
-0.06990757745
-0.04329511515
-0.01793780749
0.006655005313
0.03097458891
0.05552017425
0.0808191746
0.1074481691
0.1360480077
0.1673141196
0.2018621541
0.2395669509
0.2768162425
0.3191473464
-0.3586077513
-0.2839991324
-0.2332841687
-0.1863961945
-0.1451129311
-0.1090103353
-0.07696237565
-0.04782223172
-0.02063758687
0.005391804627
0.0309785445
0.05680504741
0.08360260355
0.1122242633
0.1437557847
0.1796812239
0.221916829
0.2724803945
0.3310883748
0.4280645647
-0.6209124903
-0.3653513278
-0.2701717314
-0.2047108975
-0.1540489105
-0.113403241
-0.07912056489
-0.04889551841
-0.02121693126
0.005008771437
0.03066796113
0.05659190212
0.08367788132
0.1130720971
0.1464649539
0.1867030765
0.2391043188
0.3143911157
0.4271543378
0.7089143219
)


// ************************************************************************* //
