/*--------------------------------*- C++ -*----------------------------------*\
  =========                 |
  \\      /  F ield         | OpenFOAM: The Open Source CFD Toolbox
   \\    /   O peration     | Website:  https://openfoam.org
    \\  /    A nd           | Version:  13
     \\/     M anipulation  |
\*---------------------------------------------------------------------------*/
FoamFile
{
    format      ascii;
    class       scalarField;
    location    "18.95";
    object      p_all;
}
// * * * * * * * * * * * * * * * * * * * * * * * * * * * * * * * * * * * * * //


400
(
-1.058484589e-06
-0.0005484158201
-0.0008902097378
-0.001017446348
-0.0009383501507
-0.0006852427869
-0.0002957206204
0.0001942408789
0.0007481030288
0.001325421453
0.001880541412
0.002360667134
0.002710428051
0.002876738223
0.002818055912
0.002516374934
0.00199211646
0.001302383983
0.000643984417
4.843538478e-05
0.0005861329257
5.255135369e-06
-0.0003581655547
-0.0005001887594
-0.0004692318633
-0.0002918119955
2.657512197e-06
0.0003848791018
0.0008234012366
0.001281019005
0.001717885182
0.002082875209
0.002325629492
0.00239879844
0.002268501302
0.001925945576
0.001397834475
0.0007491650292
0.0001520265929
-0.0005103551065
0.0009496594785
0.0003058037623
-9.505344792e-05
-0.0002410261156
-0.0002345126678
-0.0001055534394
0.0001217741042
0.0004261693855
0.000783861927
0.001162936058
0.001531381525
0.001835301817
0.002024717591
0.002050923173
0.001878784678
0.001498471017
0.0009339191453
0.0002416288002
-0.0004563406305
-0.001292864347
0.0009728391058
0.0002553227161
-0.0001944234276
-0.0003462820331
-0.0003550380039
-0.0002574676938
-7.425414589e-05
0.0001819808901
0.0004976624538
0.0008525046387
0.001205474939
0.001513504105
0.001715860275
0.001752058397
0.001573250926
0.001156043554
0.0005122209645
-0.0003115281652
-0.001226252834
-0.002376342688
0.0004771588954
-0.0002876629553
-0.0007659984972
-0.0009171809181
-0.000937577011
-0.0008684151474
-0.0007247020004
-0.0005069592715
-0.0002149471067
0.0001420573928
0.0005336167214
0.000911449987
0.001204373431
0.001331565508
0.001216667117
0.0008064995543
8.699160466e-05
-0.0009098333552
-0.002119086909
-0.003646725717
-0.0006890817524
-0.001469233479
-0.001957687991
-0.002108140252
-0.002150134996
-0.002125854062
-0.002040429435
-0.001876755545
-0.00161367453
-0.001240822203
-0.0007737609719
-0.0002570273101
0.0002268021116
0.0005679807742
0.0006446875201
0.0003488550799
-0.0003850854899
-0.001555371393
-0.003125314482
-0.00513151275
-0.002663231563
-0.003424403968
-0.003915675243
-0.004080360074
-0.004176741647
-0.004244584547
-0.004274239624
-0.004223812482
-0.00404096615
-0.003682017273
-0.003132473112
-0.002418088156
-0.001624718345
-0.0008946738633
-0.0004160976001
-0.0003898744777
-0.000979101
-0.002250841906
-0.004222118868
-0.006816517442
-0.005554406795
-0.00626895764
-0.006766661994
-0.006979782276
-0.007191921825
-0.00743824428
-0.007690169276
-0.007873452476
-0.007891818714
-0.007649019636
-0.007074983016
-0.006146795228
-0.004931184241
-0.003592787042
-0.00240247461
-0.001703585601
-0.001832483395
-0.003004051286
-0.005356704331
-0.008649255161
-0.009432017741
-0.01007819011
-0.01059449765
-0.01090573943
-0.01131957047
-0.0118674523
-0.01250056174
-0.01310666661
-0.01353278996
-0.01360679166
-0.01316492974
-0.01210333543
-0.01041064524
-0.008240161667
-0.005941269007
-0.004048204727
-0.003177471555
-0.003830731396
-0.006413661264
-0.01047768881
-0.01431081643
-0.01486987156
-0.01541632536
-0.01587439875
-0.0165803355
-0.01756802768
-0.01877212907
-0.02004149742
-0.02115750247
-0.02185164838
-0.02183427735
-0.02084891034
-0.01874920473
-0.01559881592
-0.01177580666
-0.008020304742
-0.005344818191
-0.004746271421
-0.007167389649
-0.01196460837
-0.02014527698
-0.02059581219
-0.02116552123
-0.0217862387
-0.02283944127
-0.02437490104
-0.02632060398
-0.0284918281
-0.03060294593
-0.03227673929
-0.03306723874
-0.03251248573
-0.03025511353
-0.02615310376
-0.02050181534
-0.01418375589
-0.008674179292
-0.005711348142
-0.007204855162
-0.01245167961
-0.02684449614
-0.0271508222
-0.02769091199
-0.02841005156
-0.02977400947
-0.03187096849
-0.03463736891
-0.03786478261
-0.04120613325
-0.04417513634
-0.04615713063
-0.046447945
-0.04443323842
-0.03963219801
-0.03209591203
-0.02267679599
-0.0132478406
-0.006469941548
-0.005794270384
-0.0107512939
-0.03432061768
-0.03440485879
-0.03477610201
-0.0353901083
-0.03687531115
-0.03939053053
-0.04289719676
-0.04717155107
-0.05181118512
-0.05622768861
-0.05964841706
-0.06116004009
-0.05975036489
-0.05462893738
-0.04541698738
-0.03267861245
-0.01843504
-0.006230621029
-0.001660775182
-0.004861628809
-0.04259437325
-0.04226502996
-0.04218153364
-0.04228118869
-0.04349718868
-0.04609720833
-0.05007723044
-0.05519496966
-0.06098726321
-0.06676710912
-0.07161113853
-0.07438538733
-0.07380729133
-0.06865242738
-0.05805236667
-0.04204486259
-0.02242547368
-0.003244772283
0.007357515866
0.008350181281
-0.05199455223
-0.05074651931
-0.04966412111
-0.04856515376
-0.04891179862
-0.0511029129
-0.05515260624
-0.06077321614
-0.06741040866
-0.0742640354
-0.08025769493
-0.08405332306
-0.08411099534
-0.07882143193
-0.06682999169
-0.04751306051
-0.02211889464
0.005509075744
0.02472141891
0.03353176787
-0.06364104019
-0.06017583986
-0.05708532708
-0.05375300478
-0.05245347912
-0.05366609349
-0.05734768061
-0.06311895649
-0.07024103349
-0.07777901223
-0.08447196509
-0.08876803621
-0.08888469091
-0.08282997053
-0.06884496835
-0.04561763652
-0.01375020999
0.02441789715
0.05554018765
0.07735545474
-0.08017381204
-0.07106402136
-0.06411220399
-0.05715776698
-0.05342365508
-0.05320574384
-0.0562464668
-0.06189850019
-0.06924143411
-0.07709890165
-0.08399550914
-0.08813801279
-0.08747040506
-0.07965156342
-0.06247903557
-0.03405342125
0.00555816773
0.05859169456
0.1058187336
0.1480630826
-0.1104984946
-0.08584754597
-0.07160196195
-0.05896855037
-0.05191085001
-0.04987827539
-0.05209471847
-0.05749747202
-0.06484582235
-0.07269392848
-0.07932655832
-0.08270297499
-0.08051370935
-0.06988509181
-0.04823488016
-0.01272861428
0.03822785835
0.1071241143
0.1779706111
0.2564682186
-0.16843178
-0.09990450765
-0.07500753535
-0.05479886238
-0.04461965931
-0.04158376767
-0.04371283106
-0.04937312784
-0.05700603219
-0.06495846973
-0.07135010852
-0.07397090156
-0.07012346283
-0.05701226362
-0.03103156281
0.01192272332
0.07559050533
0.1663945907
0.2761522059
0.437694895
-0.3984232719
-0.1380963819
-0.07497061169
-0.04709065356
-0.03355155089
-0.03003007879
-0.032798801
-0.03925798207
-0.0475489008
-0.05592805026
-0.06248946334
-0.06502068942
-0.06098944445
-0.04696772627
-0.01875887004
0.02992987569
0.1069476375
0.2334181891
0.4198708811
0.7800143246
)


// ************************************************************************* //
