/*--------------------------------*- C++ -*----------------------------------*\
  =========                 |
  \\      /  F ield         | OpenFOAM: The Open Source CFD Toolbox
   \\    /   O peration     | Website:  https://openfoam.org
    \\  /    A nd           | Version:  13
     \\/     M anipulation  |
\*---------------------------------------------------------------------------*/
FoamFile
{
    format      ascii;
    class       scalarField;
    location    "7.93";
    object      p_all;
}
// * * * * * * * * * * * * * * * * * * * * * * * * * * * * * * * * * * * * * //


400
(
-2.602215785e-09
-0.0004964421372
-0.0007929106334
-0.0008789104553
-0.0007656459269
-0.0004846748797
-7.215604876e-05
0.0004374944269
0.001009718012
0.001606521894
0.002185376861
0.002696792703
0.003088461682
0.003309297107
0.00331783318
0.003093315758
0.002649333865
0.002039116058
0.001429762477
0.0008688764994
0.0005332861894
5.841293129e-06
-0.0003115885457
-0.0004119536223
-0.000342064999
-0.0001281873153
0.0002005784515
0.0006153074411
0.001085302576
0.001574135593
0.002047802548
0.002454408272
0.002746895677
0.002879672237
0.002818515292
0.002551560018
0.002099436149
0.001520196453
0.0009657552942
0.0003442445207
0.0008493784596
0.0002656030554
-8.568115885e-05
-0.0001887072213
-0.0001386913774
3.493355738e-05
0.0003075430278
0.0006568128789
0.001058730584
0.001484778352
0.00189417245
0.002245733334
0.002489204034
0.002577443311
0.002475218425
0.002169928302
0.001680108345
0.001056034143
0.0004058351187
-0.0003846291101
0.0008424117524
0.0001918624919
-0.0002030074417
-0.000308654891
-0.0002673612852
-0.0001149897717
0.0001260611638
0.0004404104763
0.0008119938783
0.001218215732
0.001623756868
0.001983314255
0.002240496755
0.002337858022
0.00222769665
0.001885147093
0.001317902633
0.0005675345367
-0.0002867122686
-0.001364832217
0.0003564823516
-0.0003391089545
-0.0007591576663
-0.0008595085072
-0.0008203161129
-0.0006823132207
-0.0004640167197
-0.0001711001955
0.0001919064308
0.0006122104955
0.001060040362
0.001488620237
0.001830984484
0.002011022846
0.001955972331
0.001613954381
0.0009694204197
5.103337224e-05
-0.001083259945
-0.002520559198
-0.000744190757
-0.001458184019
-0.001887378537
-0.001980305337
-0.001948701192
-0.001835558711
-0.001652169906
-0.001389923029
-0.001035826156
-0.000585726581
-5.746063665e-05
0.0005058362549
0.001025948472
0.001400457912
0.001515177872
0.0012684057
0.0005980764343
-0.0004941546486
-0.001975988755
-0.003871141271
-0.002585824223
-0.00329048397
-0.00372270269
-0.003819830606
-0.003822408443
-0.003773154045
-0.003672049452
-0.003489967342
-0.003187231981
-0.002730589147
-0.002112674681
-0.001358135839
-0.0005500447448
0.0001797673135
0.0006562475588
0.0006927282745
0.0001380311788
-0.001068864645
-0.002945972498
-0.005412599955
-0.005275476767
-0.005948783594
-0.006387940556
-0.006519259965
-0.00661022497
-0.006701807544
-0.00677924876
-0.00678620944
-0.006644778827
-0.006275465141
-0.005624456751
-0.004657113731
-0.003453188235
-0.002161632883
-0.001033666403
-0.0003881292606
-0.00053696558
-0.001678229696
-0.003944780208
-0.007101414926
-0.008890812267
-0.009515437925
-0.009973772385
-0.01018525926
-0.01044443247
-0.01079182118
-0.01119704166
-0.01157147659
-0.0117871705
-0.01169431022
-0.01114179746
-0.01005384707
-0.008402239209
-0.006333080264
-0.004172214757
-0.002419372879
-0.001651533637
-0.002337400432
-0.004864537206
-0.008799281038
-0.01346571466
-0.01402634626
-0.01451660752
-0.01485624971
-0.0153723251
-0.0161111446
-0.01703069091
-0.01800956403
-0.0188610296
-0.01934639496
-0.01919886518
-0.01817873103
-0.01614208023
-0.01314306907
-0.009534192403
-0.006014900533
-0.003545063356
-0.003069573303
-0.005493284135
-0.01018987367
-0.01898313753
-0.01946107044
-0.0199803094
-0.02046892697
-0.02130309981
-0.02254795863
-0.02415976562
-0.02598994723
-0.02779160666
-0.02922318901
-0.02986655863
-0.02927780168
-0.02710338135
-0.02319039696
-0.01781063193
-0.01180763653
-0.006600623505
-0.003862066309
-0.005441245257
-0.01064379121
-0.02538619294
-0.02574775356
-0.02625092801
-0.0268368522
-0.02796825039
-0.02975042044
-0.03215300121
-0.03501067423
-0.03802245482
-0.04074261032
-0.04258665866
-0.04287252206
-0.04095856219
-0.03637174459
-0.02913352872
-0.02006428283
-0.01099188522
-0.004515282535
-0.004012727917
-0.009007924559
-0.03262155341
-0.03278968453
-0.0331492505
-0.03364854202
-0.03491110969
-0.0371122477
-0.04025122973
-0.0441550851
-0.04847613245
-0.05267157131
-0.05599706889
-0.0575405471
-0.05629428151
-0.05142058653
-0.04251393096
-0.0301118012
-0.01621103084
-0.004321385677
1.883833778e-05
-0.003311592992
-0.04074050538
-0.04052255477
-0.04046640499
-0.04049325695
-0.0415221556
-0.04383291182
-0.04746366838
-0.05223142998
-0.05773915974
-0.06335088628
-0.06817267234
-0.07106777525
-0.07072556952
-0.06587252812
-0.05559145013
-0.03988588789
-0.0205412354
-0.001612236074
0.008766886147
0.009565512758
-0.0500964155
-0.04898465451
-0.04798156073
-0.04687311936
-0.04708733855
-0.04902684886
-0.05275334148
-0.05804604413
-0.06443389144
-0.07117231378
-0.0772181872
-0.08122719401
-0.08161641205
-0.07670927355
-0.06508220232
-0.04605578345
-0.02086646938
0.006613186428
0.0256785699
0.03428557223
-0.06182906852
-0.05852154475
-0.05557115338
-0.05230461818
-0.05093111052
-0.05192432502
-0.05530070376
-0.06073509486
-0.06762864365
-0.07508043366
-0.08187608709
-0.08645571295
-0.08698057569
-0.08139968721
-0.06786382334
-0.04495583065
-0.01327534103
0.02483444968
0.05591257135
0.07758272507
-0.07859256061
-0.06965773184
-0.06290988687
-0.056091737
-0.05232415551
-0.05189163065
-0.05460511648
-0.05991286079
-0.06700182491
-0.07476966755
-0.08178353002
-0.08624224618
-0.08604261828
-0.07875477721
-0.06209141557
-0.03405669682
0.005301383725
0.05839745565
0.1056116666
0.1477913879
-0.1092672554
-0.0848021557
-0.07081831396
-0.05836495465
-0.05127656276
-0.04900617389
-0.05085540005
-0.05587497923
-0.06293453352
-0.07066844474
-0.07740395015
-0.08109566374
-0.07942466393
-0.06929993203
-0.04818059142
-0.01310184132
0.03759679647
0.1064455242
0.1773396914
0.255803188
-0.1675309892
-0.09915753813
-0.07457502748
-0.05455395108
-0.04434015478
-0.04104780762
-0.04278669084
-0.04803901963
-0.05535484305
-0.06315904643
-0.06961004149
-0.07248856381
-0.06904907371
-0.05650509101
-0.03104575643
0.01148021948
0.07486781028
0.1655626031
0.2753167499
0.4369049815
-0.3975439437
-0.1374250162
-0.07463348303
-0.04697579132
-0.033422635
-0.02966087645
-0.03205075567
-0.03810380726
-0.0460655253
-0.05426941529
-0.06085051018
-0.06359696254
-0.05993591885
-0.04640199863
-0.01867742043
0.02959847406
0.1063294402
0.2326651323
0.4190941501
0.779265424
)


// ************************************************************************* //
