/*--------------------------------*- C++ -*----------------------------------*\
  =========                 |
  \\      /  F ield         | OpenFOAM: The Open Source CFD Toolbox
   \\    /   O peration     | Website:  https://openfoam.org
    \\  /    A nd           | Version:  13
     \\/     M anipulation  |
\*---------------------------------------------------------------------------*/
FoamFile
{
    format      ascii;
    class       scalarField;
    location    "20.53";
    object      p_all;
}
// * * * * * * * * * * * * * * * * * * * * * * * * * * * * * * * * * * * * * //


400
(
1.092410962e-06
-0.000545949922
-0.0008877562492
-0.001015033064
-0.0009360076978
-0.0006830217047
-0.0002936347222
0.0001961713046
0.0007498812648
0.001327023569
0.001881970675
0.002361882279
0.002711376913
0.002877371309
0.002818338318
0.002516275849
0.001991620394
0.001301484904
0.0006428127241
4.708254894e-05
0.0005891455354
8.14374193e-06
-0.0003553571254
-0.0004974782348
-0.0004666368465
-0.0002893947938
4.8686585e-06
0.0003868637391
0.0008251818263
0.001282565936
0.001719185865
0.002083903965
0.002326362141
0.002399202548
0.00226855108
0.001925619794
0.001397128075
0.0007480966691
0.0001506914998
-0.0005118513233
0.0009531490407
0.0003090610841
-9.193915155e-05
-0.000238056027
-0.0002317233795
-0.0001030073569
0.0001240513485
0.000428157393
0.0007855757092
0.001164330045
0.001532520103
0.001836138047
0.002025241895
0.002051118715
0.00187863125
0.001497946207
0.0009330151768
0.0002403655686
-0.0004578688883
-0.001294622998
0.0009766943565
0.0002588709944
-0.0001910989224
-0.0003431595382
-0.0003521697574
-0.0002549162827
-7.204363399e-05
0.0001838424935
0.0004991859829
0.0008537180735
0.001206338736
0.001514054553
0.001716107999
0.001751988823
0.001572836814
0.001155257077
0.0005110483189
-0.0003130793438
-0.001228116956
-0.002378561319
0.0004810802553
-0.0002840599419
-0.0007626714099
-0.0009141129835
-0.0009348320048
-0.0008660553694
-0.0007227738359
-0.0005054669922
-0.0002138735309
0.0001427405675
0.0005339526171
0.000911490682
0.001204154217
0.001331082874
0.001215884241
0.000805370208
8.548337849e-05
-0.0009117343099
-0.002121354408
-0.003649415458
-0.0006854198491
-0.001465881193
-0.001954635658
-0.002105397405
-0.002147797973
-0.002123991203
-0.00203910961
-0.001875990793
-0.001613427361
-0.001241022356
-0.0007743173693
-0.0002578452575
0.000225794591
0.0005668068571
0.0006433199413
0.0003472357038
-0.0003870239041
-0.001557686507
-0.003128044723
-0.005134746445
-0.002660193237
-0.003421635975
-0.003913210845
-0.004078247556
-0.004175135945
-0.00424359066
-0.004273943736
-0.004224224478
-0.004042027354
-0.0036836057
-0.003134434712
-0.002420264225
-0.001626973327
-0.0008969338181
-0.0004183645203
-0.0003922066891
-0.0009816062403
-0.002253644532
-0.004225354692
-0.006820323614
-0.005552347647
-0.006267086717
-0.006765087238
-0.006978620479
-0.007191393078
-0.007438507117
-0.007691336678
-0.007875523855
-0.007894704749
-0.007652540376
-0.007078909802
-0.006150911758
-0.004935257163
-0.003596641709
-0.002406048592
-0.001706922832
-0.001835735215
-0.003007425546
-0.005360461013
-0.008653616191
-0.009431226268
-0.01007748055
-0.01059406957
-0.0109058086
-0.01132042989
-0.01186930833
-0.01250355719
-0.01311079941
-0.01353794235
-0.01361272582
-0.01317136505
-0.01210991213
-0.01041705727
-0.008246118083
-0.005946592653
-0.004052878962
-0.003181671896
-0.0038347605
-0.006417916231
-0.0104825089
-0.01431145504
-0.01487048311
-0.01541720627
-0.01587586274
-0.0165827526
-0.01757164998
-0.01877712198
-0.02004786171
-0.02116509996
-0.02186018636
-0.02184339081
-0.02085816128
-0.01875817331
-0.01560711393
-0.01178314473
-0.008026563532
-0.005350132177
-0.004751009101
-0.007172078455
-0.01196971379
-0.02014737773
-0.02059776929
-0.02116772553
-0.0217890845
-0.02284336337
-0.02438019816
-0.02632745859
-0.02850024033
-0.03061275835
-0.03228760472
-0.03307872984
-0.03252408694
-0.03026631466
-0.02616345178
-0.02051095916
-0.01419149473
-0.008680550657
-0.005716701039
-0.007209789487
-0.01245676787
-0.02684794848
-0.02715400469
-0.02769427558
-0.02841404931
-0.02977912586
-0.03187754903
-0.03464560592
-0.03787465626
-0.04121746016
-0.04418751381
-0.04617004372
-0.04646078581
-0.04444560157
-0.03964358826
-0.03210598366
-0.02268534116
-0.01325481424
-0.006475582298
-0.005799114011
-0.0107559296
-0.03432514898
-0.03440899524
-0.03478029176
-0.03539482436
-0.03688107248
-0.03939773888
-0.04290606599
-0.04718201726
-0.0518230041
-0.05624041179
-0.05966146044
-0.06117286572
-0.05976236332
-0.05463980372
-0.0454265015
-0.03268667494
-0.01844162066
-0.006235852652
-0.0016649769
-0.004865243533
-0.04259956879
-0.04226971279
-0.04218608624
-0.04228605677
-0.04350290647
-0.04610424075
-0.05008585114
-0.05520508778
-0.06099854225
-0.06677901126
-0.07162300871
-0.074396606
-0.07381736664
-0.06866113117
-0.05805966886
-0.04205088293
-0.02243031923
-0.003248580325
0.007354688993
0.008348185563
-0.05199989904
-0.05075123926
-0.0496684819
-0.04856954444
-0.04891676905
-0.05110899489
-0.05516017231
-0.0607821599
-0.06742040097
-0.07427439202
-0.08026766925
-0.08406223824
-0.08411832747
-0.07882703008
-0.06683398379
-0.04751585286
-0.02212079621
0.005507811381
0.02472077724
0.0335319414
-0.0636459554
-0.06018001984
-0.05708888288
-0.05375627311
-0.05245706911
-0.0536706588
-0.05735382897
-0.06312605704
-0.0702493337
-0.07778756221
-0.08447989761
-0.08877457105
-0.08888910529
-0.08283242964
-0.06884551698
-0.04561689931
-0.01374854032
0.02441973848
0.05554226037
0.07735799941
-0.0801776575
-0.0710670448
-0.06411431595
-0.05715929753
-0.05342531539
-0.05320837444
-0.05625056558
-0.06190405931
-0.06924807892
-0.07710580869
-0.08400176255
-0.08814277627
-0.08747323443
-0.07965173307
-0.06247694365
-0.03404964048
0.005563806909
0.05859523659
0.1058232566
0.1480677738
-0.1105007303
-0.08584892627
-0.07160218174
-0.05896808388
-0.05191039341
-0.04987893993
-0.05209702629
-0.05750144399
-0.06485099775
-0.07269947361
-0.07933150416
-0.0827063918
-0.08051467673
-0.06988387324
-0.04823134892
-0.01272328063
0.0382343108
0.1071304404
0.1779769815
0.2564746982
-0.1684324626
-0.09990452779
-0.07500624769
-0.05479675266
-0.04461767744
-0.0415829375
-0.04371372903
-0.04937580062
-0.05701004876
-0.06496302939
-0.07135427666
-0.07397382654
-0.07012454445
-0.05701075148
-0.03102775046
0.01192837456
0.07559732798
0.1664017442
0.2761594433
0.4377019192
-0.3984238133
-0.1380961124
-0.07496886762
-0.04708792648
-0.03354889132
-0.03002851126
-0.03279891506
-0.03925985451
-0.04755216416
-0.05593198697
-0.06249319211
-0.06502335247
-0.06099038075
-0.04696647773
-0.01875549674
0.02993503015
0.1069540151
0.2334250739
0.4198778959
0.7800212012
)


// ************************************************************************* //
