/*--------------------------------*- C++ -*----------------------------------*\
  =========                 |
  \\      /  F ield         | OpenFOAM: The Open Source CFD Toolbox
   \\    /   O peration     | Website:  https://openfoam.org
    \\  /    A nd           | Version:  13
     \\/     M anipulation  |
\*---------------------------------------------------------------------------*/
FoamFile
{
    format      ascii;
    class       vectorField;
    location    "32.68";
    object      U_all;
}
// * * * * * * * * * * * * * * * * * * * * * * * * * * * * * * * * * * * * * //


400
(
(1.097768084e-05 -3.785117062e-05 0)
(-0.0006661248628 0.0004130383609 -1.549450636e-23)
(-0.002185380928 0.0009203917624 0)
(-0.004047832096 0.001312779409 0)
(-0.005971861806 0.001535064777 6.842894589e-25)
(-0.00776277127 0.001569845837 4.151410813e-24)
(-0.009284528941 0.001423559594 -7.365295317e-24)
(-0.01043592343 0.001119718276 7.539058688e-24)
(-0.01113679748 0.0006960790004 -2.096016944e-25)
(-0.01132709702 0.0002030773021 -3.995613578e-24)
(-0.01097176028 -0.0003002308633 5.804650831e-24)
(-0.01007231705 -0.0007475125638 -5.930419378e-23)
(-0.008679870973 -0.001075559794 -6.553555617e-23)
(-0.006902846802 -0.001233043189 -7.785200341e-23)
(-0.004910735895 -0.001192638505 4.574130859e-24)
(-0.002927233852 -0.0009619206266 -4.138486125e-24)
(-0.001205304225 -0.0005912116127 -1.999117618e-22)
(-1.90747282e-05 -0.0001698826892 0)
(0.0005181486669 0.0001720858685 1.511155874e-25)
(0.0002227495915 0.0003059784478 -2.573104361e-24)
(-0.00026337642 0.0008289417545 1.384453854e-25)
(-0.002703316165 0.003383823969 1.559215472e-23)
(-0.006907273118 0.00560448271 1.552458879e-25)
(-0.01195230338 0.0070081899 -8.49009761e-25)
(-0.0171350175 0.007553761225 1.161351686e-24)
(-0.0219753183 0.007294187768 1.306029407e-23)
(-0.02611071577 0.006321883944 1.396885491e-24)
(-0.02926559443 0.004754184186 -7.290555458e-24)
(-0.03122667321 0.00273714587 1.015681524e-23)
(-0.03184195452 0.0004524054056 4.511110498e-24)
(-0.03102756555 -0.001884138308 -6.320010893e-24)
(-0.02879312649 -0.004023017986 2.961679364e-24)
(-0.02527135343 -0.005708340968 3.895995462e-23)
(-0.0207319275 -0.006707396875 -1.955048281e-24)
(-0.01558961321 -0.006854129997 3.755046416e-24)
(-0.01038512867 -0.006097457171 -9.74285773e-23)
(-0.005730273795 -0.004546182587 9.639568997e-23)
(-0.002233372925 -0.00250741829 -3.96424971e-25)
(-0.00018178267 -0.0005023740441 4.064228811e-25)
(8.343202446e-05 0.0006099241394 0)
(-0.0004188262937 0.002935065476 -2.911864748e-25)
(-0.004647875242 0.008803989751 1.703961569e-23)
(-0.01137194544 0.01324038918 -8.26544066e-24)
(-0.01932725701 0.01579200168 -2.072636421e-25)
(-0.0274740648 0.01652996225 2.036148886e-25)
(-0.03511772109 0.01564438523 7.083363137e-27)
(-0.04171336957 0.01335995379 -1.229115261e-24)
(-0.04683563021 0.009919758137 -4.556762332e-25)
(-0.05014979739 0.005602428737 -1.063522262e-23)
(-0.05141222681 0.0007444243328 0)
(-0.05047784594 -0.004241768206 0)
(-0.04733698739 -0.008887166631 2.671452766e-23)
(-0.04215921799 -0.01268174287 2.81344272e-23)
(-0.03531432814 -0.0151360227 -1.646440407e-24)
(-0.02738993071 -0.0158618684 4.846792052e-23)
(-0.01917004018 -0.01467332018 9.421103514e-23)
(-0.01156090047 -0.01169359045 3.977513855e-23)
(-0.00546541388 -0.007450738428 4.147888237e-25)
(-0.001451105145 -0.002936045623 1.070651627e-25)
(-9.073006615e-05 0.0002258747116 0)
(-0.0005024635672 0.006045332052 -4.250729223e-23)
(-0.00640273156 0.01637071478 -1.694182045e-23)
(-0.01553499822 0.02355928018 8.192294389e-24)
(-0.02627907067 0.02744156312 0)
(-0.03728739301 0.02832095845 0)
(-0.04769027867 0.02658766916 0)
(-0.05679651809 0.02263116076 -4.494119659e-26)
(-0.064053718 0.01683606778 -2.132109008e-24)
(-0.06901068781 0.009622176983 0)
(-0.07130815199 0.001491060301 1.636522287e-24)
(-0.07070841446 -0.006936479346 2.803451112e-25)
(-0.06713028469 -0.01493015241 -2.81130071e-25)
(-0.06069896234 -0.02166723755 0)
(-0.05180742998 -0.02631601 4.134177629e-23)
(-0.04114986066 -0.02816066312 -4.682477193e-23)
(-0.02971966519 -0.0267736844 -2.762883724e-23)
(-0.01873714736 -0.02221527942 -3.96268862e-23)
(-0.009488022942 -0.01521920982 7.795832683e-25)
(-0.002976882019 -0.007298193577 9.788342423e-23)
(-0.000231881587 -0.0008661701663 0)
(-0.00053161178 0.01009499015 4.271401259e-23)
(-0.007983577092 0.02595213275 4.782419023e-25)
(-0.0193968374 0.03642874481 -4.673190136e-25)
(-0.03282376066 0.04185511571 0)
(-0.04664679831 0.04289476274 7.78002656e-25)
(-0.05985217906 0.04020066073 -7.672153662e-25)
(-0.07163277522 0.03434735427 3.671396253e-23)
(-0.08132735979 0.02585660153 1.847293948e-23)
(-0.08836585125 0.01527297049 6.236456007e-24)
(-0.09225453602 0.003246160237 -1.638428858e-24)
(-0.09260364483 -0.009407795889 0)
(-0.08917541381 -0.02167472533 4.372028262e-25)
(-0.08195966755 -0.03236738349 1.009485704e-23)
(-0.07126874939 -0.04021242898 -4.350267563e-23)
(-0.05782010582 -0.04402039311 1.933474971e-24)
(-0.04278577146 -0.04294823311 4.219125883e-23)
(-0.02775446868 -0.03683342485 -3.8447086e-25)
(-0.01455060808 -0.02652718432 0)
(-0.004859459403 -0.01408453633 5.436545296e-23)
(-0.0003641488821 -0.00284695389 -2.56487043e-22)
(-0.0005272196785 0.01499924281 9.839585692e-23)
(-0.009377906325 0.03739013631 -4.906262254e-25)
(-0.02288178261 0.05170211403 0)
(-0.03883036087 0.05894170525 0)
(-0.05538646392 0.06025562496 -8.731194223e-23)
(-0.07142863537 0.05661890472 -8.498189129e-23)
(-0.08606638661 0.04880160514 -4.066564221e-23)
(-0.09855068764 0.03743975197 -1.503925987e-23)
(-0.108194349 0.02315981983 -5.366776519e-24)
(-0.1143442889 0.006709693879 -8.173828995e-24)
(-0.1164044423 -0.01093287473 6.599882057e-24)
(-0.1138935729 -0.02848937682 8.82440741e-24)
(-0.1065485471 -0.04437036987 -1.892309438e-23)
(-0.09446791001 -0.0567532352 4.597920838e-24)
(-0.07826846281 -0.06378288472 0)
(-0.05922887562 -0.06393486319 -1.573851838e-23)
(-0.03933976856 -0.05653809167 -2.398492442e-26)
(-0.02114186261 -0.04235804539 0)
(-0.007318694641 -0.02398227349 -1.520442578e-22)
(-0.000521615919 -0.005925542508 6.055853219e-22)
(-0.0004990817909 0.02064570129 -9.772556228e-23)
(-0.01052949141 0.05045427209 2.831787479e-22)
(-0.02582952807 0.06912496954 1.526764425e-22)
(-0.04402130567 0.07849241812 3.618988144e-24)
(-0.06310728394 0.08029460911 -7.31930796e-23)
(-0.08190391505 0.07588029441 9.042586271e-23)
(-0.09947747679 0.06621680241 -3.58992637e-24)
(-0.1150225587 0.05201688284 -1.729024043e-24)
(-0.1277517268 0.03392355775 2.523942415e-24)
(-0.1368470645 0.01270234667 7.381535497e-24)
(-0.1414708597 -0.01058776837 -6.49970066e-24)
(-0.1408246353 -0.03446015382 -9.785604972e-24)
(-0.134274429 -0.05692760031 -3.261769158e-23)
(-0.1215448759 -0.07553302924 -3.659960917e-23)
(-0.102967142 -0.08754246913 5.642856468e-25)
(-0.07976360392 -0.09039197001 0)
(-0.05426676065 -0.08244503323 0)
(-0.0298715743 -0.0639772962 -2.905746902e-24)
(-0.01066283872 -0.03798791001 2.970189084e-24)
(-0.0007350923578 -0.01050088762 1.027870791e-22)
(-0.0004479167501 0.02687245562 0)
(-0.01134921619 0.06480744325 2.001977476e-22)
(-0.02801595519 0.08829599628 8.962070997e-23)
(-0.04799850225 0.1001233021 0)
(-0.06920591947 0.1027074692 1.569790882e-22)
(-0.09044360475 0.09781562371 0)
(-0.110783018 0.08661090368 -1.428338332e-22)
(-0.1294092082 0.06983942044 6.515269124e-24)
(-0.145476983 0.04808228638 0)
(-0.1580349948 0.02201756866 0)
(-0.1660131597 -0.007334380177 -1.374336807e-24)
(-0.1682669765 -0.03838829573 -9.316017788e-25)
(-0.1637063021 -0.06883962279 1.491881271e-22)
(-0.151520725 -0.09558259847 -4.704652844e-23)
(-0.1315133256 -0.1148296971 -2.560661103e-24)
(-0.1045595041 -0.1225701785 1.534417844e-24)
(-0.07309342575 -0.1155516565 -1.558622183e-24)
(-0.0413501725 -0.09283105256 0)
(-0.01525228632 -0.05740761869 3.203648834e-24)
(-0.001044307355 -0.01714713051 -1.012872054e-21)
(-0.000374466739 0.0334629796 0)
(-0.01175004804 0.07998903491 -1.128195658e-22)
(-0.02920704708 0.1086388933 -6.190957383e-22)
(-0.05031739397 0.1232231805 -3.755210497e-22)
(-0.07296309349 0.126909492 0)
(-0.09598949811 0.1219253786 4.119356605e-22)
(-0.1185272249 0.1096347184 1.260880832e-22)
(-0.1398145032 0.09078236104 -5.581684079e-24)
(-0.1590220058 0.06581388665 5.554057742e-24)
(-0.1751459457 0.03520881964 0)
(-0.1869558431 -0.0001966868369 2.912068511e-23)
(-0.1930171128 -0.038897436 4.695685865e-24)
(-0.1917808464 -0.07843873825 -1.076758356e-22)
(-0.1817873091 -0.1151863612 8.003715621e-23)
(-0.1620569237 -0.1442597536 -2.419644516e-22)
(-0.1327061001 -0.15985467 0)
(-0.0957788069 -0.1563111146 0)
(-0.05601628461 -0.1302979729 0)
(-0.02147857238 -0.08381126968 0)
(-0.001500382682 -0.02665513945 5.571906346e-22)
(-0.0002873904747 0.04016070666 0)
(-0.01169358928 0.09543594879 -3.492921482e-22)
(-0.02924436404 0.1294071434 8.932604769e-22)
(-0.05060943841 0.146929679 3.61708585e-22)
(-0.07370077528 0.151974638 0)
(-0.09745144413 0.1472755953 -3.8624605e-22)
(-0.1211069028 0.1344190366 -3.174367914e-23)
(-0.1440323873 0.1141392248 3.333052143e-22)
(-0.1655142255 0.08670001468 1.769448108e-22)
(-0.1846247509 0.05229123969 -4.060095063e-23)
(-0.2001324794 0.01141722047 1.656818804e-23)
(-0.2104621439 -0.03471413403 -8.265089643e-24)
(-0.2137207546 -0.08376548666 3.371804918e-22)
(-0.2078214545 -0.1318754522 0)
(-0.1908237632 -0.1732754091 2.420813493e-22)
(-0.1616334924 -0.2002591275 5.774457299e-24)
(-0.121166203 -0.2040119707 -5.860571538e-24)
(-0.07384985373 -0.1772118309 1.548340386e-22)
(-0.02971784832 -0.1188641267 -5.435129454e-24)
(-0.002179543112 -0.04005395302 0)
(-0.0002117212788 0.04671632884 0)
(-0.01125001167 0.1105496416 0)
(-0.02815624248 0.1497352729 -5.022661838e-22)
(-0.04874478574 0.1701515132 -1.880967218e-23)
(-0.07100085262 0.176625477 2.038347078e-23)
(-0.09399449473 0.1724524442 -2.014279949e-23)
(-0.1171434044 0.159486937 -2.316850951e-23)
(-0.1400179214 0.1384803998 -3.029775409e-22)
(-0.1621328586 0.1095160198 6.698604218e-23)
(-0.1827958737 0.07245187402 4.513112923e-23)
(-0.2009835268 0.02734934539 -4.577655692e-23)
(-0.2152269979 -0.02508687363 0)
(-0.2235561912 -0.08298336965 -7.839431381e-23)
(-0.2234631854 -0.1427255566 0)
(-0.2120679032 -0.1981818872 -3.739506307e-22)
(-0.1867434103 -0.2400771553 5.24484606e-22)
(-0.1464437865 -0.2560771298 0)
(-0.09394564238 -0.2331207662 -1.493889803e-22)
(-0.04021999146 -0.1639612388 1.937442984e-22)
(-0.003201098178 -0.05861058598 -3.411422884e-22)
(-0.0002015431427 0.05297578316 0)
(-0.01067262811 0.1248170731 9.182763433e-22)
(-0.02628448356 0.1687422347 -2.440653975e-23)
(-0.04501110112 0.1916452696 9.19323612e-22)
(-0.06494600287 0.1992918704 -2.512055466e-23)
(-0.08536631736 0.1956102289 2.838811995e-23)
(-0.105930601 0.1827885283 -2.812898349e-23)
(-0.1264924595 0.1616582495 -1.660901186e-23)
(-0.1468997303 0.1321761851 -5.260177873e-22)
(-0.1668458659 0.0938964754 -8.90654364e-24)
(-0.1857303558 0.04640582039 9.660111059e-24)
(-0.2024782226 -0.01023774903 3.313053159e-22)
(-0.2154155113 -0.07499807092 -5.820688293e-22)
(-0.2220210115 -0.145031024 0)
(-0.2188032351 -0.2146758799 8.88721821e-22)
(-0.2016257592 -0.2740014443 -4.940785224e-22)
(-0.1668639103 -0.307580992 -1.572190098e-23)
(-0.1140219925 -0.2953810026 0)
(-0.05288480661 -0.2195801173 -1.890078484e-22)
(-0.004749186152 -0.08377272454 3.360482507e-22)
(-0.0003642011383 0.05902311727 1.550994225e-23)
(-0.01049575667 0.1379879989 -8.764096016e-22)
(-0.02441393087 0.1856802024 -1.157048407e-21)
(-0.04026729752 0.2101382454 -8.628891312e-22)
(-0.05630736518 0.2182346699 0)
(-0.07214864867 0.2146188376 3.513773451e-23)
(-0.08779231204 0.2018790533 -7.294802393e-23)
(-0.1034563864 0.1810004732 5.867835574e-23)
(-0.1193985045 0.1518996915 3.021340667e-22)
(-0.1357932795 0.1139150749 -1.128187297e-23)
(-0.1526083615 0.06621431034 0)
(-0.1694522669 0.008177297757 -3.603902661e-22)
(-0.1852761832 -0.06015975743 7.515618335e-22)
(-0.1980449622 -0.137274563 8.831648451e-22)
(-0.204354716 -0.2189260354 -5.296574566e-22)
(-0.1990978237 -0.2959711241 5.162638233e-22)
(-0.1760605661 -0.3514070813 1.078200678e-23)
(-0.1300890715 -0.3584149037 -1.0955152e-23)
(-0.06688802845 -0.2843275095 -8.216362129e-23)
(-0.007083318393 -0.1169963807 0)
(-0.0009095802215 0.06540036686 -1.911470642e-23)
(-0.01167594087 0.1502815129 -1.326955382e-21)
(-0.02388887244 0.2000657743 1.094227434e-21)
(-0.03601348415 0.2244214922 6.734877469e-22)
(-0.04657319296 0.2316586262 6.014585756e-22)
(-0.05577051295 0.227239201 6.643907687e-22)
(-0.06411260428 0.2141773636 -4.458645544e-23)
(-0.0722757786 0.1936493663 -3.461314816e-22)
(-0.08096990311 0.1656028119 2.152149404e-22)
(-0.09087210386 0.1292707623 0)
(-0.1025549286 0.08353088894 0)
(-0.1163623969 0.02720019815 2.655383816e-22)
(-0.1321591295 -0.04061995289 8.194334909e-23)
(-0.1489253911 -0.1200127147 -2.82159946e-22)
(-0.1641285653 -0.208929947 -5.411239331e-23)
(-0.172787869 -0.3006991215 1.301950757e-22)
(-0.167031202 -0.3793327712 -3.400451753e-22)
(-0.1365292792 -0.4136450529 -1.594348875e-23)
(-0.08018250882 -0.3538324923 8.205133379e-23)
(-0.01050762245 -0.1594129951 -6.032260503e-22)
(-0.00226050093 0.07348880182 0)
(-0.01580358485 0.1626520792 2.145859071e-21)
(-0.02665048972 0.2117903271 0)
(-0.03422349646 0.2333945569 -1.351798029e-21)
(-0.03759411856 0.2377765148 6.18405884e-23)
(-0.0379970146 0.2312552088 -6.193048383e-22)
(-0.0366828434 0.2171897963 -4.756253365e-22)
(-0.03489056396 0.1968933923 8.301202679e-22)
(-0.03378858956 0.1703342279 -1.885686578e-22)
(-0.03449897795 0.1367221388 0)
(-0.03811593851 0.09479680003 0)
(-0.04565012883 0.04304295101 2.410621218e-23)
(-0.05790823688 -0.02013771663 -6.007169545e-22)
(-0.07514616419 -0.09620640536 -4.309544732e-22)
(-0.09645190785 -0.1855555233 4.63783878e-22)
(-0.1183463918 -0.2853566846 -6.488682381e-22)
(-0.1332716344 -0.3838385564 9.119889177e-23)
(-0.1265351555 -0.4504357687 2.937864341e-23)
(-0.08899156034 -0.4198535365 5.660490533e-22)
(-0.01526918039 -0.2111719172 6.020893055e-22)
(-0.00518090177 0.08598044317 0)
(-0.02525553673 0.1766290556 1.465580096e-22)
(-0.03483414865 0.22059605 -4.917113005e-23)
(-0.03640024836 0.2354858056 7.642877653e-22)
(-0.03018497761 0.2343405437 -7.005328685e-22)
(-0.01916597337 0.2241602735 4.746449917e-23)
(-0.005615351343 0.2083525002 -1.018604086e-22)
(0.008569391817 0.1881240627 -3.389868028e-22)
(0.02179863809 0.16339112 2.062811774e-22)
(0.03262759331 0.1333243016 0)
(0.03958437237 0.09664091762 0)
(0.04116993225 0.05174063742 -2.902654942e-22)
(0.03578465233 -0.003255318555 0)
(0.02198167768 -0.07058353043 -5.512163834e-22)
(-0.001264995505 -0.1525734799 -1.492364146e-23)
(-0.03310482463 -0.2505949216 2.55971193e-23)
(-0.06909245869 -0.3599340905 2.203094547e-22)
(-0.09227833581 -0.457542393 4.788385254e-24)
(-0.08718092594 -0.4698128747 -5.789462107e-22)
(-0.02103127427 -0.2698971861 0)
(-0.01111631686 0.1085974966 0)
(-0.04248904352 0.1947151378 -8.848430759e-22)
(-0.04795535023 0.2258194884 -5.411012028e-22)
(-0.03919545973 0.2282134704 4.543789597e-22)
(-0.01877844067 0.2182327217 -1.709984167e-24)
(0.007664143971 0.2028219518 -4.561019604e-23)
(0.03667974079 0.1847619135 5.696645383e-22)
(0.06582977859 0.1647117838 -2.766874924e-23)
(0.09327109694 0.1423128097 -2.069770612e-22)
(0.1173889534 0.1166275131 3.14219803e-23)
(0.1365459727 0.08641147997 -3.425901817e-23)
(0.1489667464 0.05017674556 -3.690579178e-23)
(0.152527417 0.006159228159 3.205620386e-22)
(0.1449365626 -0.04796121124 6.119580171e-22)
(0.1235158577 -0.1153052401 -5.101146076e-22)
(0.08633523409 -0.2004195248 -1.616036611e-22)
(0.03199080523 -0.3067806279 1.531329353e-22)
(-0.02362129424 -0.4239836829 7.293681488e-23)
(-0.06492415601 -0.487161243 1.913295773e-21)
(-0.02509972053 -0.3291544464 2.95499617e-21)
(-0.02004680415 0.1460727494 -4.390192172e-23)
(-0.06416407437 0.2112955811 4.417364826e-23)
(-0.05070234208 0.2177300221 1.000183761e-21)
(-0.01934104056 0.2014679539 -8.270464244e-24)
(0.02414454965 0.1809075641 0)
(0.07154109043 0.1606932819 4.363692713e-23)
(0.1190701867 0.1416495062 -2.273837011e-22)
(0.164476564 0.1233181542 -9.027897324e-23)
(0.2062249406 0.1048117199 3.680711852e-23)
(0.2429641303 0.08507140938 -1.701647152e-23)
(0.2732205967 0.06296150034 3.429955106e-23)
(0.2952534668 0.03726297201 -6.592651568e-23)
(0.3066969803 0.006535106598 -9.303875212e-23)
(0.304973725 -0.03087766311 1.517035857e-22)
(0.2863935381 -0.07786287848 0)
(0.2470567391 -0.1399300152 1.505586979e-22)
(0.1810921673 -0.2266299652 2.560016405e-22)
(0.09604446035 -0.3443894822 0)
(-0.006697637416 -0.4552210084 -3.675641659e-21)
(-0.01922408553 -0.3777537464 -2.892625489e-21)
(-0.02591951135 0.2276828896 -9.514194007e-22)
(-0.03998324233 0.2238216599 -1.388971984e-22)
(0.03656136477 0.1810585326 -2.335569827e-22)
(0.1090502819 0.1451058946 -1.193735946e-22)
(0.1817190735 0.1172445272 -4.295798451e-23)
(0.2490090024 0.09627905183 9.783097436e-23)
(0.3100335773 0.08002508253 -1.408580782e-22)
(0.3646208242 0.06656813818 1.297166482e-22)
(0.4126251319 0.05449178239 -8.620067912e-23)
(0.4536249122 0.04270895169 1.132190939e-25)
(0.4867877617 0.03032299429 1.527734331e-23)
(0.5107450386 0.01652903402 7.997168252e-23)
(0.5236596647 0.0005365311263 -1.811115341e-22)
(0.5231797394 -0.01863371595 -1.617137997e-22)
(0.5052322961 -0.04286477606 -4.262900063e-23)
(0.4658714756 -0.07633230327 0)
(0.395269626 -0.1286089357 -1.846490772e-22)
(0.2916070868 -0.2208468089 8.148776894e-22)
(0.1197454997 -0.3525016894 1.631603784e-21)
(0.02670546985 -0.3775497962 2.172657002e-21)
(0.2142894493 0.1347447238 9.864977764e-22)
(0.2776311264 0.09870503981 0)
(0.4316592377 0.05810415038 -2.594309792e-22)
(0.5304749378 0.03846264959 -1.741655794e-22)
(0.6016965678 0.02623418945 0)
(0.6571198756 0.01831923219 -6.00903768e-23)
(0.7015213277 0.01313600603 6.377945811e-23)
(0.7376042082 0.009542124752 -1.800142083e-23)
(0.766936795 0.00680446332 2.885952471e-23)
(0.790210622 0.00446474498 2.315018465e-23)
(0.8074554591 0.002221322066 0)
(0.8182621014 -0.0001500720052 -2.873018484e-23)
(0.8216499472 -0.00272384508 0)
(0.8162394054 -0.005712666198 2.738124006e-23)
(0.7991333086 -0.009611381364 1.421665923e-23)
(0.7679986336 -0.01500255066 -5.799429543e-23)
(0.7106555767 -0.02502520022 -2.535668762e-22)
(0.6235183987 -0.04204285488 -6.918112289e-22)
(0.4230091017 -0.09182968165 0)
(0.2705674686 -0.1524021845 -2.11948484e-21)
)


// ************************************************************************* //
