/*--------------------------------*- C++ -*----------------------------------*\
  =========                 |
  \\      /  F ield         | OpenFOAM: The Open Source CFD Toolbox
   \\    /   O peration     | Website:  https://openfoam.org
    \\  /    A nd           | Version:  13
     \\/     M anipulation  |
\*---------------------------------------------------------------------------*/
FoamFile
{
    format      ascii;
    class       vectorField;
    location    "44.07";
    object      U_all;
}
// * * * * * * * * * * * * * * * * * * * * * * * * * * * * * * * * * * * * * //


400
(
(1.100704641e-05 -3.783105675e-05 0)
(-0.0006660942095 0.0004130430464 -1.551350983e-23)
(-0.002185374098 0.0009203936389 0)
(-0.00404783205 0.001312780316 0)
(-0.005971868105 0.00153506507 6.845750888e-25)
(-0.007762784295 0.001569848057 4.150909271e-24)
(-0.009284546943 0.001423565089 -7.3736822e-24)
(-0.01043594252 0.001119725288 7.530358165e-24)
(-0.01113681411 0.0006960838559 -2.095381015e-25)
(-0.0113271103 0.000203077497 -3.994644762e-24)
(-0.01097177165 -0.0003002346545 5.803595427e-24)
(-0.01007232795 -0.0007475175162 -5.929524984e-23)
(-0.00867988103 -0.001075563139 -6.552653211e-23)
(-0.006902853964 -0.001233044102 -7.7842708e-23)
(-0.004910738044 -0.001192638115 4.573568288e-24)
(-0.002927230417 -0.000961920515 -4.13790997e-24)
(-0.001205296611 -0.0005912123655 -1.998734326e-22)
(-1.906584626e-05 -0.0001698838374 0)
(0.0005181559741 0.0001720849465 1.509370235e-25)
(0.0002227522613 0.0003059783009 -2.549697479e-24)
(-0.0002633620969 0.0008289710018 1.382932117e-25)
(-0.002703304595 0.003383842975 1.561149219e-23)
(-0.00690727701 0.005604502403 1.555408862e-25)
(-0.01195231966 0.007008207593 -8.495651646e-25)
(-0.01713504349 0.007553775042 1.162178886e-24)
(-0.02197535353 0.007294199016 1.306949824e-23)
(-0.02611076138 0.006321895083 1.38780024e-24)
(-0.02926564962 0.004754195449 -7.282104648e-24)
(-0.03122673307 0.002737154223 1.015246998e-23)
(-0.03184201177 0.0004524071091 4.509988499e-24)
(-0.03102761461 -0.001884144976 -6.318867045e-24)
(-0.02879316543 -0.004023030571 2.961591856e-24)
(-0.02527138305 -0.005708355393 3.895505353e-23)
(-0.02073194928 -0.006707409946 -1.954754392e-24)
(-0.01558962732 -0.006854140687 3.754453598e-24)
(-0.01038513419 -0.00609746581 -9.740933892e-23)
(-0.005730270792 -0.004546189166 9.637567392e-23)
(-0.002233364491 -0.002507422039 -3.960911081e-25)
(-0.0001817729794 -0.0005023747158 4.060805981e-25)
(8.343661962e-05 0.0006099237043 0)
(-0.0004188227808 0.002935080145 -2.9103564e-25)
(-0.004647873957 0.008804015696 1.70199238e-23)
(-0.01137196085 0.01324042573 -8.284364728e-24)
(-0.01932729264 0.01579204343 -2.075445349e-25)
(-0.02747411849 0.01653000185 2.038908364e-25)
(-0.03511778857 0.01564441654 6.813757188e-27)
(-0.04171344766 0.01335997469 -1.220308265e-24)
(-0.04683571709 0.009919770035 -4.551217367e-25)
(-0.05014989034 0.005602433496 -1.063066145e-23)
(-0.05141232117 0.0007444217892 0)
(-0.05047793477 -0.004241779276 0)
(-0.04733706419 -0.008887186732 2.671006834e-23)
(-0.0421592798 -0.01268177017 2.813010308e-23)
(-0.03531437482 -0.01513605315 -1.646160592e-24)
(-0.02738996325 -0.01586189725 4.845867108e-23)
(-0.0191700591 -0.01467334356 9.41923935e-23)
(-0.01156090631 -0.01169360598 3.975712125e-23)
(-0.005465409608 -0.007450745395 4.14167481e-25)
(-0.001451097031 -0.002936045751 1.073917545e-25)
(-9.072569291e-05 0.0002258744746 0)
(-0.0005024629183 0.006045351073 -4.248826433e-23)
(-0.006402739508 0.01637075585 -1.692216556e-23)
(-0.01553502416 0.0235593363 8.211210128e-24)
(-0.02627912152 0.02744162789 0)
(-0.03728746952 0.02832102452 0)
(-0.04769037685 0.02658772791 0)
(-0.05679663167 0.0226312045 -4.466989482e-26)
(-0.06405384106 0.01683609242 -2.136761687e-24)
(-0.06901081579 0.00962218251 0)
(-0.07130828001 0.001491049002 1.635391073e-24)
(-0.07070853705 -0.006936504126 2.802734095e-25)
(-0.06713039644 -0.0149301883 -2.810581685e-25)
(-0.06069905848 -0.02166728168 0)
(-0.05180750761 -0.02631605819 4.133256626e-23)
(-0.04114991857 -0.02816070975 -4.681580125e-23)
(-0.02971970309 -0.02677372339 -2.761961501e-23)
(-0.01873716619 -0.02221530615 -3.960857115e-23)
(-0.009488026547 -0.01521922292 7.795989758e-25)
(-0.002976877901 -0.007298196074 9.790390341e-23)
(-0.0002318783563 -0.0008661700284 0)
(-0.0005316136286 0.0100950176 4.269487207e-23)
(-0.007983593585 0.02595219737 4.785345546e-25)
(-0.0193968749 0.03642882934 -4.676049819e-25)
(-0.03282382477 0.04185520808 0)
(-0.04664689109 0.04289485403 7.782967178e-25)
(-0.05985229881 0.0402007429 -7.675053508e-25)
(-0.07163291657 0.03434741921 3.672291435e-23)
(-0.0813275151 0.0258566423 1.84819979e-23)
(-0.08836601265 0.01527298347 6.238830723e-24)
(-0.09225469651 0.003246146125 -1.637296326e-24)
(-0.0926037987 -0.009407833497 0)
(-0.08917555631 -0.02167478087 4.37054574e-25)
(-0.08195979446 -0.03236745079 1.008983567e-23)
(-0.07126885692 -0.04021250145 -4.349286994e-23)
(-0.05782019064 -0.04402046345 1.932897477e-24)
(-0.04278583126 -0.04294829371 4.217297422e-23)
(-0.02775450349 -0.03683346938 -3.841835737e-25)
(-0.01455062212 -0.02652720998 0)
(-0.004859461018 -0.01408454556 5.436521453e-23)
(-0.0003641474062 -0.002846954552 -2.565078664e-22)
(-0.0005272216583 0.01499927798 9.84159249e-23)
(-0.009377926574 0.03739022563 -4.907811088e-25)
(-0.02288182899 0.05170223278 0)
(-0.03883043602 0.05894183326 0)
(-0.05538656845 0.06025574766 -8.732109768e-23)
(-0.0714287681 0.05661901195 -8.499087482e-23)
(-0.08606654393 0.0488016892 -4.067546576e-23)
(-0.09855086311 0.0374398065 -1.504364748e-23)
(-0.1081945342 0.02315984035 -5.368872959e-24)
(-0.1143444751 0.00670967913 -8.174979205e-24)
(-0.1164046221 -0.01093292233 6.601127846e-24)
(-0.113893741 -0.0284894514 8.826761659e-24)
(-0.1065486994 -0.04437046327 -1.892323612e-23)
(-0.09446804267 -0.0567533379 4.608096864e-24)
(-0.07826857152 -0.06378298649 0)
(-0.05922895639 -0.0639349538 -1.572887612e-23)
(-0.03933981992 -0.05653816236 -2.428783206e-26)
(-0.02114188795 -0.04235809095 0)
(-0.007318702163 -0.02398229426 -1.520647583e-22)
(-0.0005216160491 -0.005925545371 6.056271244e-22)
(-0.0004990821363 0.02064574521 -9.774543883e-23)
(-0.01052951036 0.0504543831 2.831989039e-22)
(-0.02582957605 0.06912511989 1.526862655e-22)
(-0.04402138472 0.07849258223 3.619279903e-24)
(-0.06310739313 0.08029476667 -7.319356944e-23)
(-0.08190405214 0.07588043084 9.043543709e-23)
(-0.09947763842 0.06621690796 -3.590216002e-24)
(-0.1150227398 0.05201695121 -1.729171322e-24)
(-0.1277519202 0.03392358509 2.524162079e-24)
(-0.1368472619 0.01270233164 7.382614088e-24)
(-0.1414710531 -0.01058782408 -6.500873912e-24)
(-0.1408248186 -0.03446024502 -9.788191289e-24)
(-0.1342745975 -0.05692771861 -3.261727204e-23)
(-0.1215450254 -0.0755331635 -3.661562588e-23)
(-0.1029672678 -0.08754260643 5.646100786e-25)
(-0.07976370106 -0.09039209688 0)
(-0.0542668262 -0.08244513729 0)
(-0.02987160994 -0.0639773684 -2.90606599e-24)
(-0.01066285146 -0.03798794717 2.97051525e-24)
(-0.0007350935623 -0.01050089489 1.02787353e-22)
(-0.0004479161233 0.02687251129 0)
(-0.01134923218 0.06480757576 2.001979828e-22)
(-0.0280159976 0.08829617422 8.962050441e-23)
(-0.04799857482 0.1001234973 0)
(-0.06920602156 0.1027076582 1.569884491e-22)
(-0.09044373374 0.0978157888 0)
(-0.1107831702 0.08661103224 -1.428390005e-22)
(-0.1294093789 0.06983950471 6.515566451e-24)
(-0.1454771663 0.04808232238 0)
(-0.1580351838 0.02201755545 0)
(-0.1660133474 -0.007334440734 -1.374412935e-24)
(-0.168267157 -0.03838839899 -9.316818595e-25)
(-0.1637064709 -0.06883976072 1.491984727e-22)
(-0.1515208777 -0.09558275977 -4.704621959e-23)
(-0.1315134574 -0.1148298677 -2.56098963e-24)
(-0.1045596095 -0.1225703425 1.534740398e-24)
(-0.07309350045 -0.1155517975 -1.558949825e-24)
(-0.04135021578 -0.09283115623 0)
(-0.01525230308 -0.05740767666 3.203815399e-24)
(-0.001044309116 -0.01714714474 -1.012914975e-21)
(-0.0003744664401 0.03346304589 0)
(-0.01175006069 0.07998918821 -1.128294474e-22)
(-0.02920707942 0.1086390957 -6.191156105e-22)
(-0.05031745081 0.1232234011 -3.755309696e-22)
(-0.0729631755 0.126909706 0)
(-0.09598960361 0.1219255667 4.119460792e-22)
(-0.1185273507 0.1096348667 1.260926458e-22)
(-0.139814645 0.09078246038 -5.581838911e-24)
(-0.1590221584 0.06581393249 5.554211808e-24)
(-0.1751461035 0.03520881101 0)
(-0.186956001 -0.0001967479158 2.912131238e-23)
(-0.1930172669 -0.0388975449 4.695843541e-24)
(-0.1917809931 -0.07843888743 -1.076811013e-22)
(-0.1817874454 -0.1151865403 8.004237095e-23)
(-0.1620570454 -0.144259949 -2.419750145e-22)
(-0.1327062019 -0.1598548651 0)
(-0.09577888301 -0.1563112904 0)
(-0.05601633145 -0.1302981096 0)
(-0.02147859171 -0.08381135169 0)
(-0.001500384653 -0.02665516307 5.572121364e-22)
(-0.0002873902921 0.0401607783 0)
(-0.01169359673 0.09543611683 -3.493019534e-22)
(-0.02924438303 0.1294073645 8.932805524e-22)
(-0.05060947278 0.1469299186 3.617181929e-22)
(-0.07370082646 0.1519748694 0)
(-0.09745151177 0.1472757984 -3.862558361e-22)
(-0.121106985 0.1344191972 -3.174432975e-23)
(-0.1440324807 0.1141393338 3.333107428e-22)
(-0.1655143261 0.08670006758 1.769475646e-22)
(-0.1846248546 0.05229123572 -4.060153182e-23)
(-0.200132583 0.01141716194 1.656821762e-23)
(-0.2104622457 -0.03471424224 -8.265251023e-24)
(-0.2137208539 -0.08376563758 3.371859481e-22)
(-0.2078215508 -0.1318756369 0)
(-0.1908238544 -0.173275616 2.420919174e-22)
(-0.1616335746 -0.2002593417 5.77478682e-24)
(-0.1211662697 -0.2040121728 -5.860905973e-24)
(-0.07384989846 -0.177211997 1.548450969e-22)
(-0.02971786849 -0.1188642335 -5.435469523e-24)
(-0.002179545157 -0.04005398767 0)
(-0.0002117202162 0.0467164006 0)
(-0.01125001141 0.1105498143 0)
(-0.02815624489 0.1497355023 -5.022759759e-22)
(-0.04874479276 0.1701517623 -1.880998695e-23)
(-0.07100086564 0.1766257165 2.038379732e-23)
(-0.09399451431 0.172452653 -2.014312217e-23)
(-0.11714343 0.1594871006 -2.316885216e-23)
(-0.1400179511 0.13848051 -3.029825721e-22)
(-0.1621328901 0.1095160731 6.698617411e-23)
(-0.1827959047 0.07245187093 4.513179181e-23)
(-0.2009835562 0.02734928926 -4.577721528e-23)
(-0.2152270265 -0.02508697739 0)
(-0.2235562212 -0.08298351404 -7.839687322e-23)
(-0.2234632196 -0.1427257342 0)
(-0.2120679433 -0.1981820897 -3.739564081e-22)
(-0.1867434552 -0.2400773715 5.244957707e-22)
(-0.1464438307 -0.2560773432 0)
(-0.09394567755 -0.2331209522 -1.493996968e-22)
(-0.04022001007 -0.1639613672 1.937553506e-22)
(-0.003201100262 -0.05861063187 -3.411533005e-22)
(-0.0002015410162 0.05297585131 0)
(-0.01067261917 0.1248172402 9.182875387e-22)
(-0.0262844672 0.16874246 -2.440686843e-23)
(-0.04501107789 0.191645516 9.193341889e-22)
(-0.0649459741 0.1992921072 -2.512087326e-23)
(-0.08536628423 0.1956104333 2.838845977e-23)
(-0.1059305641 0.1827886857 -2.81293202e-23)
(-0.1264924186 0.1616583521 -1.660919027e-23)
(-0.146899685 0.1321762312 -5.260232083e-22)
(-0.1668458161 0.09389646745 -8.906633071e-24)
(-0.1857303026 0.04640576386 9.660199304e-24)
(-0.2024781685 -0.01023784701 3.313078965e-22)
(-0.2154154611 -0.07499820346 -5.820742066e-22)
(-0.2220209713 -0.1450311846 0)
(-0.2188032103 -0.2146760631 8.88732767e-22)
(-0.2016257525 -0.274001644 -4.940890131e-22)
(-0.1668639194 -0.3075811976 -1.572224261e-23)
(-0.1140220096 -0.295381193 0)
(-0.05288482029 -0.2195802592 -1.890187153e-22)
(-0.004749188152 -0.08377278005 3.360590726e-22)
(-0.0003641986066 0.05902317812 1.551011254e-23)
(-0.01049573987 0.1379881512 -8.764202804e-22)
(-0.02441389579 0.1856804117 -1.1570596e-21)
(-0.04026724405 0.2101384769 -8.628990598e-22)
(-0.05630729503 0.2182348928 0)
(-0.07214856393 0.2146190284 3.513807203e-23)
(-0.08779221458 0.2018791966 -7.294870733e-23)
(-0.1034562778 0.1810005618 5.86788815e-23)
(-0.1193983865 0.151899725 3.021368604e-22)
(-0.1357931543 0.1139150576 -1.12819637e-23)
(-0.1526082319 0.0662142501 0)
(-0.1694521374 0.008177203762 -3.60393113e-22)
(-0.1852760597 -0.060159877 7.515671058e-22)
(-0.1980448518 -0.1372747016 8.831707194e-22)
(-0.2043546265 -0.2189261896 -5.296629598e-22)
(-0.1990977615 -0.2959712925 5.162691971e-22)
(-0.1760605333 -0.3514072604 1.078234016e-23)
(-0.1300890634 -0.3584150799 -1.095549073e-23)
(-0.0668880332 -0.2843276523 -8.21529906e-23)
(-0.007083319943 -0.1169964422 0)
(-0.0009095778192 0.06540041613 -1.911487839e-23)
(-0.01167591776 0.150281642 -1.326966205e-21)
(-0.02388882102 0.2000659572 1.094237959e-21)
(-0.03601340375 0.2244216981 6.734932146e-22)
(-0.0465730861 0.2316588259 6.014633665e-22)
(-0.0557703831 0.2272393709 6.643959311e-22)
(-0.06411245528 0.2141774885 -4.458679611e-23)
(-0.07227561423 0.1936494385 -3.461338535e-22)
(-0.08096972749 0.1656028318 2.152163291e-22)
(-0.0908719215 0.1292707353 0)
(-0.1025547439 0.08353082442 0)
(-0.1163622145 0.02720010683 2.655397725e-22)
(-0.132158955 -0.04062006065 8.194326171e-23)
(-0.1489252311 -0.1200128314 -2.821624696e-22)
(-0.1641284276 -0.2089300696 -5.411273326e-23)
(-0.1727877616 -0.3006992513 1.301951998e-22)
(-0.1670311304 -0.379332911 -3.400506528e-22)
(-0.136529244 -0.4136451978 -1.593833982e-23)
(-0.08018250148 -0.3538326211 8.204071763e-23)
(-0.01050762295 -0.1594130572 -6.032158924e-22)
(-0.002260498702 0.07348883562 0)
(-0.01580355724 0.162652178 2.145875555e-21)
(-0.02665042628 0.2117904749 0)
(-0.03422339586 0.2333947284 -1.351808324e-21)
(-0.03759398402 0.2377766838 6.184056165e-23)
(-0.03799685115 0.2312553532 -6.193096788e-22)
(-0.03668265746 0.2171899015 -4.756285672e-22)
(-0.03489036174 0.1968934492 8.301257577e-22)
(-0.03378837749 0.1703342379 -1.885698799e-22)
(-0.03449876292 0.136722107 0)
(-0.03811572593 0.09479673557 0)
(-0.0456499234 0.0430428652 2.410614699e-23)
(-0.05790804241 -0.02013781285 -6.007200104e-22)
(-0.07514598511 -0.09620650258 -4.309568103e-22)
(-0.09645174974 -0.1855556176 4.637863496e-22)
(-0.1183462616 -0.2853567775 -6.488737221e-22)
(-0.1332715383 -0.3838386538 9.119947655e-23)
(-0.1265350989 -0.4504358718 2.937318484e-23)
(-0.0889915409 -0.4198536379 5.660444023e-22)
(-0.01526917933 -0.2111719733 6.020791668e-22)
(-0.005180899744 0.08598045942 0)
(-0.02525550762 0.1766291193 1.465579406e-22)
(-0.03483408033 0.2205961561 -4.917145925e-23)
(-0.03640013882 0.2354859357 7.642932406e-22)
(-0.03018483003 0.2343406759 -7.00537953e-22)
(-0.01916579345 0.2241603887 4.746481791e-23)
(-0.005615149017 0.2083525846 -1.018609873e-22)
(0.008569609287 0.1881241087 -3.389889407e-22)
(0.02179886337 0.1633911267 2.062823072e-22)
(0.03262781627 0.1333242728 0)
(0.03958458695 0.09664086134 0)
(0.04117013373 0.05174056393 -2.902668229e-22)
(0.03578483919 -0.003255398278 0)
(0.02198184762 -0.07058360881 -5.512187878e-22)
(-0.001264845374 -0.152573551 -1.492377246e-23)
(-0.03310469823 -0.2505949849 2.559741324e-23)
(-0.06909235772 -0.3599341518 2.203143266e-22)
(-0.09227826975 -0.4575424528 4.788085804e-24)
(-0.08718089913 -0.4698129416 -5.789412474e-22)
(-0.02103127149 -0.2698972296 0)
(-0.01111631568 0.1085974965 0)
(-0.04248901882 0.1947151669 -8.848481618e-22)
(-0.04795528939 0.2258195509 -5.411040929e-22)
(-0.03919535965 0.2282135558 4.543817888e-22)
(-0.01877830301 0.218232814 -1.709985123e-24)
(0.00766431405 0.2028220359 -4.561050654e-23)
(0.03667993446 0.1847619773 5.696682999e-22)
(0.06582998672 0.1647118219 -2.766890799e-23)
(0.09327131006 0.1423128182 -2.069781962e-22)
(0.1173891619 0.1166274942 3.142214009e-23)
(0.1365461698 0.08641143914 -3.425917695e-23)
(0.1489669276 0.05017669044 -3.690594605e-23)
(0.1525275786 0.006159166962 3.205634037e-22)
(0.1449367035 -0.04796127029 6.119607127e-22)
(0.1235159793 -0.1153052909 -5.101172421e-22)
(0.08633533447 -0.2004195649 -1.616058835e-22)
(0.03199089297 -0.3067806591 1.531307453e-22)
(-0.02362123153 -0.4239837145 7.293652606e-23)
(-0.06492413053 -0.4871612789 1.913291625e-21)
(-0.02509971705 -0.3291544743 2.954991475e-21)
(-0.02004680503 0.1460727391 -4.390208173e-23)
(-0.06416406245 0.2112955846 4.417380927e-23)
(-0.05070230523 0.2177300473 1.000188758e-21)
(-0.01934097328 0.2014679983 -8.270566643e-24)
(0.02414464944 0.1809076184 0)
(0.07154122072 0.1606933357 4.363723446e-23)
(0.1190703409 0.1416495504 -2.27385245e-22)
(0.1644767338 0.1233181833 -9.027959966e-23)
(0.2062251166 0.1048117305 3.680735753e-23)
(0.2429643031 0.08507140179 -1.701655204e-23)
(0.2732207587 0.06296147753 3.429971004e-23)
(0.2952536115 0.0372629388 -6.592682867e-23)
(0.3066971065 0.006535068563 -9.3039063e-23)
(0.3049738317 -0.03087770024 1.517044576e-22)
(0.2863936252 -0.07786290959 0)
(0.2470568086 -0.1399300369 1.505611926e-22)
(0.1810922236 -0.2266299752 2.560013777e-22)
(0.09604450247 -0.3443894947 0)
(-0.00669761589 -0.4552210218 -3.675634841e-21)
(-0.01922408204 -0.3777537587 -2.892620947e-21)
(-0.02591951384 0.2276828792 -9.514204654e-22)
(-0.03998324637 0.2238216523 -1.388976537e-22)
(0.03656136969 0.1810585357 -2.335582383e-22)
(0.1090503054 0.1451059091 -1.193742454e-22)
(0.1817191201 0.1172445498 -4.295827708e-23)
(0.2490090739 0.09627907704 9.783187599e-23)
(0.3100336709 0.08002510516 -1.408593043e-22)
(0.364620934 0.06656815446 1.297175848e-22)
(0.4126252501 0.05449178995 -8.6201239e-23)
(0.4536250307 0.04270895014 1.132185922e-25)
(0.4867878731 0.03032298487 1.527742287e-23)
(0.5107451371 0.01652901904 7.997207418e-23)
(0.5236597461 0.0005365146586 -1.8111244e-22)
(0.5231798017 -0.01863373236 -1.617146679e-22)
(0.5052323422 -0.04286478952 -4.262956984e-23)
(0.4658715083 -0.07633231185 0)
(0.3952696498 -0.1286089384 -1.846477229e-22)
(0.2916071048 -0.2208468098 8.148763168e-22)
(0.1197455105 -0.3525016902 1.631601549e-21)
(0.02670547257 -0.3775497979 2.172655894e-21)
(0.214289447 0.1347447205 9.864989633e-22)
(0.2776311191 0.0987050357 0)
(0.4316592298 0.05810414837 -2.594321307e-22)
(0.5304749353 0.03846264959 -1.741667218e-22)
(0.6016965757 0.02623419125 0)
(0.6571198964 0.01831923494 -6.00909623e-23)
(0.7015213608 0.01313600874 6.378005901e-23)
(0.7376042505 0.009542126647 -1.800157699e-23)
(0.766936842 0.00680446388 2.885975856e-23)
(0.7902106688 0.004464744103 2.315034309e-23)
(0.8074555012 0.00222131998 0)
(0.8182621356 -0.0001500749151 -2.873033989e-23)
(0.8216499715 -0.002723848262 0)
(0.8162394195 -0.005712668635 2.738152463e-23)
(0.7991333146 -0.009611382811 1.421693065e-23)
(0.7679986343 -0.01500255103 -5.799402591e-23)
(0.7106555753 -0.0250251995 -2.535660786e-22)
(0.6235183979 -0.04204285404 -6.918101554e-22)
(0.423009102 -0.09182968077 0)
(0.2705674689 -0.1524021841 -2.119483759e-21)
)


// ************************************************************************* //
