/*--------------------------------*- C++ -*----------------------------------*\
  =========                 |
  \\      /  F ield         | OpenFOAM: The Open Source CFD Toolbox
   \\    /   O peration     | Website:  https://openfoam.org
    \\  /    A nd           | Version:  13
     \\/     M anipulation  |
\*---------------------------------------------------------------------------*/
FoamFile
{
    format      ascii;
    class       vectorField;
    location    "21.42";
    object      U_all;
}
// * * * * * * * * * * * * * * * * * * * * * * * * * * * * * * * * * * * * * //


400
(
(1.081491544e-05 -3.789759765e-05 0)
(-0.000666203019 0.0004129719219 -1.54021152e-23)
(-0.002185035982 0.000920213772 0)
(-0.004047048332 0.001312500529 0)
(-0.005970632066 0.001534729767 6.824544738e-25)
(-0.007761147007 0.001569503653 4.153307371e-24)
(-0.009282599761 0.001423256605 -7.306597462e-24)
(-0.01043380538 0.00111949127 7.600194009e-24)
(-0.01113462496 0.0006959508415 -2.100966751e-25)
(-0.01132501144 0.0002030538551 -4.003204523e-24)
(-0.01096990062 -0.0003001576423 5.813066441e-24)
(-0.0100708041 -0.0007473688682 -5.937427807e-23)
(-0.0086787875 -0.001075383388 -6.561078512e-23)
(-0.006902225886 -0.001232878869 -7.793301628e-23)
(-0.004910551457 -0.001192528902 4.579472033e-24)
(-0.00292739848 -0.0009618957303 -4.144326691e-24)
(-0.001205684354 -0.0005912779983 -2.003224745e-22)
(-1.94869642e-05 -0.00017001571 0)
(0.0005178541021 0.0001719240955 1.530028342e-25)
(0.0002226744826 0.0003058726138 -2.81991169e-24)
(-0.0002633862488 0.0008287050789 1.390996946e-25)
(-0.002702776957 0.003383050578 1.549821912e-23)
(-0.006905674657 0.005603150907 1.538096362e-25)
(-0.01194944243 0.007006509104 -8.456806788e-25)
(-0.0171308859 0.007551969646 1.156334737e-24)
(-0.02197006144 0.007292512452 1.300147136e-23)
(-0.02610458965 0.006320519295 1.455711314e-24)
(-0.02925892879 0.004753276435 -7.350134256e-24)
(-0.03121984075 0.002736779732 1.01878739e-23)
(-0.03183533452 0.0004525925153 4.519876768e-24)
(-0.03102152083 -0.001883429468 -6.329165499e-24)
(-0.02878797073 -0.004021914322 2.959390392e-24)
(-0.02526730654 -0.005707019265 3.89976108e-23)
(-0.02072909268 -0.006706066305 -1.957794584e-24)
(-0.01558795471 -0.006853001572 3.76080696e-24)
(-0.01038446791 -0.006096704607 -9.763996124e-23)
(-0.005730311883 -0.004545900545 9.661300999e-23)
(-0.002233730049 -0.002507577469 -4.001919313e-25)
(-0.0001821099583 -0.0005028110896 4.102848281e-25)
(8.338577217e-05 0.0006095769518 0)
(-0.0004187222823 0.002934376396 -2.917665392e-25)
(-0.004646683603 0.008801798133 1.711999702e-23)
(-0.01136897057 0.0132370307 -8.179494518e-24)
(-0.01932221083 0.01578801964 -2.057005176e-25)
(-0.027466969 0.01652589556 2.020792825e-25)
(-0.03510881575 0.01564071041 8.856704046e-27)
(-0.04170305698 0.01335705945 -1.286059241e-24)
(-0.04682442299 0.009917928157 -4.594245352e-25)
(-0.05013827276 0.005601827339 -1.066781428e-23)
(-0.05140094098 0.0007450860964 0)
(-0.0504673486 -0.004239977515 0)
(-0.04732777738 -0.00888448345 2.675365451e-23)
(-0.04215163723 -0.01267851884 2.817361386e-23)
(-0.03530856637 -0.01513268217 -1.649324895e-24)
(-0.02738599379 -0.01585885273 4.857016742e-23)
(-0.01916774002 -0.01467101718 9.441617651e-23)
(-0.01155987513 -0.01169225312 4.000469278e-23)
(-0.005465177671 -0.007450399231 4.224213256e-25)
(-0.001451196155 -0.002936444345 1.030679566e-25)
(-9.072803519e-05 0.0002253676351 0)
(-0.0005023119249 0.006043800033 -4.257109759e-23)
(-0.006400958935 0.01636644189 -1.702199274e-23)
(-0.01553074813 0.02355312494 8.106356165e-24)
(-0.02627199828 0.02743451604 0)
(-0.03727756043 0.0283139332 0)
(-0.04767801188 0.02658143919 0)
(-0.05678233624 0.02262633461 -4.68985132e-26)
(-0.0640382669 0.01683307583 -2.095831216e-24)
(-0.06899467994 0.009621259489 0)
(-0.07129234391 0.001492259393 1.646396636e-24)
(-0.07069350324 -0.006933367298 2.809777207e-25)
(-0.06711686381 -0.01492549069 -2.817644523e-25)
(-0.06068752256 -0.02166156812 0)
(-0.05179828648 -0.02630999816 4.144100458e-23)
(-0.04114312123 -0.02815502207 -4.692414852e-23)
(-0.02971520966 -0.02676907381 -2.774657351e-23)
(-0.01873463287 -0.02221218001 -3.986024234e-23)
(-0.009486924997 -0.01521778416 7.793883541e-25)
(-0.002976635499 -0.007298157558 9.760321954e-23)
(-0.0002318492043 -0.0008666608547 0)
(-0.0005314470744 0.01009232408 4.277824311e-23)
(-0.007981370817 0.0259452307 4.769098824e-25)
(-0.01939159206 0.03641916905 -4.660173986e-25)
(-0.032815082 0.04184439814 0)
(-0.04663477526 0.04288423919 7.762115461e-25)
(-0.05983719737 0.04019142395 -7.654491095e-25)
(-0.07161543176 0.03434024155 3.66437473e-23)
(-0.08130838665 0.02585219022 1.839769766e-23)
(-0.0883460529 0.01527157134 6.213572856e-24)
(-0.09223474724 0.003247810564 -1.648314711e-24)
(-0.09258466734 -0.009403307974 0)
(-0.08915797434 -0.02166789271 4.386971486e-25)
(-0.08194438751 -0.03235892524 1.014956638e-23)
(-0.07125609212 -0.0402032446 -4.360846871e-23)
(-0.05781033185 -0.04401148145 1.940373995e-24)
(-0.04277889628 -0.04294056963 4.242874983e-23)
(-0.02775023687 -0.0368277932 -3.883250248e-25)
(-0.01454850239 -0.02652397335 0)
(-0.004858802143 -0.01408354206 5.434768576e-23)
(-0.0003640764179 -0.002847200476 -2.561658539e-22)
(-0.0005270720248 0.01499524557 9.830088082e-23)
(-0.009375469037 0.03738024233 -4.899473755e-25)
(-0.02287596634 0.05168871262 0)
(-0.03882072616 0.05892693223 0)
(-0.05537309938 0.06024126006 -8.72421598e-23)
(-0.07141194535 0.05660636034 -8.490535373e-23)
(-0.08604699364 0.04879194026 -4.058828056e-23)
(-0.09852934992 0.03743368604 -1.500047671e-23)
(-0.1081718978 0.0231577401 -5.346467269e-24)
(-0.1143215858 0.006711659944 -8.159429447e-24)
(-0.1163823355 -0.01092711541 6.583923985e-24)
(-0.1138728645 -0.02848039206 8.794114743e-24)
(-0.1065299649 -0.04435900755 -1.891279502e-23)
(-0.0944520656 -0.05674058868 4.469216947e-24)
(-0.07825579716 -0.06377022042 0)
(-0.05921959362 -0.06392349499 -1.586573177e-23)
(-0.03933377071 -0.05652918195 -1.981905925e-26)
(-0.02113869986 -0.04235233355 0)
(-0.007317607242 -0.02397978487 -1.51743073e-22)
(-0.0005215045214 -0.00592534288 6.049156294e-22)
(-0.0004989753707 0.02064030451 -9.763143791e-23)
(-0.01052706906 0.05044127365 2.830402165e-22)
(-0.02582367888 0.069107625 1.526029256e-22)
(-0.04401155229 0.0784734858 3.616678325e-24)
(-0.06309368742 0.08027631019 -7.317230803e-23)
(-0.08188685628 0.07586434465 9.034401524e-23)
(-0.09945755252 0.06620446084 -3.587024301e-24)
(-0.1150004954 0.05200899253 -1.727216654e-24)
(-0.1277283191 0.03392057385 2.521169402e-24)
(-0.1368231342 0.0127043571 7.368091644e-24)
(-0.1414472304 -0.01058102217 -6.484575217e-24)
(-0.1408021088 -0.03444927642 -9.752259394e-24)
(-0.1342537697 -0.05691350824 -3.260880835e-23)
(-0.1215267914 -0.0755169406 -3.638401838e-23)
(-0.1029522328 -0.08752585875 5.598809628e-25)
(-0.0797522867 -0.0903764697 0)
(-0.05425915826 -0.08243223309 0)
(-0.02986739643 -0.06396841661 -2.900704197e-24)
(-0.01066132089 -0.03798338828 2.965034554e-24)
(-0.0007349472181 -0.01050000901 1.02760171e-22)
(-0.0004478724477 0.02686574418 0)
(-0.01134708304 0.06479152499 2.001514925e-22)
(-0.02801068248 0.08827493331 8.960179441e-23)
(-0.04798959026 0.1001004416 0)
(-0.06919338194 0.1026854481 1.568907845e-22)
(-0.09042776679 0.09779643514 0)
(-0.1107644113 0.08659597802 -1.427567169e-22)
(-0.1293884819 0.06982969625 6.511051846e-24)
(-0.1454548404 0.0480782645 0)
(-0.1580121528 0.02201935334 0)
(-0.1659903381 -0.007327048845 -1.372970165e-24)
(-0.1682448736 -0.03837600389 -9.30221853e-25)
(-0.1636855999 -0.0688233004 1.49006868e-22)
(-0.1515021135 -0.09556349724 -4.703324876e-23)
(-0.1314974761 -0.1148093919 -2.555319181e-24)
(-0.1045470105 -0.1225505281 1.529321077e-24)
(-0.07308467597 -0.1155346594 -1.553445051e-24)
(-0.04134515101 -0.09281850966 0)
(-0.0152503666 -0.05740058644 3.200710631e-24)
(-0.00104412905 -0.01714534581 -1.012094374e-21)
(-0.0003745002636 0.03345519599 0)
(-0.01174847689 0.07997069396 -1.127549755e-22)
(-0.02920297035 0.1086147016 -6.188805825e-22)
(-0.05031031381 0.1231969878 -3.753922004e-22)
(-0.07295296686 0.1268843043 0)
(-0.09597657565 0.1219034338 4.117692413e-22)
(-0.1185119518 0.1096175878 1.260199469e-22)
(-0.1397974258 0.0907710441 -5.578673589e-24)
(-0.159003702 0.06580889254 5.55106216e-24)
(-0.1751269786 0.03521023559 0)
(-0.186936723 -0.0001891379413 2.910511059e-23)
(-0.1929983246 -0.03888433859 4.692198846e-24)
(-0.1917628703 -0.07842098536 -1.075727093e-22)
(-0.1817706462 -0.1151651371 7.994041036e-23)
(-0.1620421556 -0.14423658 -2.417405601e-22)
(-0.1326938828 -0.1598314552 0)
(-0.0957697708 -0.1562901318 0)
(-0.05601079119 -0.1302816105 0)
(-0.02147633395 -0.0838013979 0)
(-0.001500172037 -0.02665224377 5.567914804e-22)
(-0.0002875086458 0.04015223933 0)
(-0.0116928134 0.09541597286 -3.491792889e-22)
(-0.0292420338 0.1293807579 8.929925249e-22)
(-0.05060508975 0.1469011041 3.615840622e-22)
(-0.07369430729 0.1519471833 0)
(-0.09744302245 0.1472517074 -3.860903805e-22)
(-0.1210968745 0.1344003966 -3.173100911e-23)
(-0.144021184 0.1141268561 3.33178902e-22)
(-0.1655022796 0.0866943843 1.768756068e-22)
(-0.1846124332 0.05229235822 -4.058494389e-23)
(-0.2001200611 0.01142473664 1.656508858e-23)
(-0.2104498047 -0.03470085693 -8.26079449e-24)
(-0.213708619 -0.08374729768 3.370285463e-22)
(-0.2078096756 -0.1318533935 0)
(-0.1908126409 -0.1732507865 2.418573492e-22)
(-0.1616235553 -0.2002336545 5.767695177e-24)
(-0.1211581981 -0.2039879266 -5.853708585e-24)
(-0.07384453446 -0.1771920338 1.546184046e-22)
(-0.02971546676 -0.1188513615 -5.428710867e-24)
(-0.002179304569 -0.04004979941 0)
(-0.0002119206334 0.04670768063 0)
(-0.01125018925 0.1105290507 0)
(-0.02815605893 0.1497079103 -5.021241071e-22)
(-0.04874384646 0.1701217986 -1.880453124e-23)
(-0.07099900107 0.1765969419 2.037715347e-23)
(-0.09399179865 0.1724277036 -2.013655676e-23)
(-0.1171400956 0.1594677528 -2.316056535e-23)
(-0.1400143029 0.1384677844 -3.028619591e-22)
(-0.162129208 0.1095103459 6.69769883e-23)
(-0.1827923606 0.0724530045 4.511309398e-23)
(-0.2009801608 0.02735676975 -4.575784279e-23)
(-0.2152236334 -0.02507389509 0)
(-0.2235525524 -0.08296572501 -7.832899469e-23)
(-0.2234589746 -0.1427041229 0)
(-0.2120629821 -0.1981576378 -3.737964575e-22)
(-0.1867379665 -0.2400513648 5.242102231e-22)
(-0.1464384575 -0.256051723 0)
(-0.09394142923 -0.2330986295 -1.491798025e-22)
(-0.04021777044 -0.1639459557 1.935283024e-22)
(-0.003200844649 -0.05860514181 -3.409272757e-22)
(-0.0002018113237 0.05296751935 0)
(-0.01067381807 0.1247970277 9.180748225e-22)
(-0.02628663347 0.1687152907 -2.440080462e-23)
(-0.04501391771 0.1916158419 9.19115584e-22)
(-0.06494927201 0.1992636102 -2.511424294e-23)
(-0.08536998229 0.1955858712 2.838016408e-23)
(-0.1059347378 0.1827698892 -2.812110023e-23)
(-0.1264972045 0.1616463061 -1.660416739e-23)
(-0.1469051821 0.132171179 -5.258665963e-22)
(-0.166851992 0.09389807165 -8.903959647e-24)
(-0.1857369314 0.04641327272 9.657378143e-24)
(-0.2024848718 -0.01022540091 3.312259641e-22)
(-0.2154216179 -0.07498172689 -5.819069717e-22)
(-0.2220258391 -0.1450114992 0)
(-0.2188061887 -0.2146538144 8.88427165e-22)
(-0.2016265499 -0.2739775364 -4.938206703e-22)
(-0.1668628161 -0.307556478 -1.571367837e-23)
(-0.1140199593 -0.2953583388 0)
(-0.05288318115 -0.2195632486 -1.887954888e-22)
(-0.004748944942 -0.08376614372 3.358369694e-22)
(-0.0003645198899 0.05901580158 1.550668084e-23)
(-0.01049791034 0.1379696836 -8.762173556e-22)
(-0.02441835774 0.1856551195 -1.156829146e-21)
(-0.04027382861 0.2101105752 -8.626939454e-22)
(-0.05631572 0.2182080516 0)
(-0.07215860394 0.2145960592 3.512938022e-23)
(-0.08780372109 0.2018619559 -7.293047943e-23)
(-0.1034691543 0.1809899991 5.866411431e-23)
(-0.119412507 0.1518959473 3.02054444e-22)
(-0.1358082856 0.1139175375 -1.127921072e-23)
(-0.1526239966 0.06622200378 0)
(-0.1694679169 0.008189036418 -3.60302684e-22)
(-0.1852910882 -0.06014502902 7.514075876e-22)
(-0.1980582641 -0.1372576889 8.830064252e-22)
(-0.2043654766 -0.2189074301 -5.295086091e-22)
(-0.1991053047 -0.2959509484 5.161395012e-22)
(-0.1760645421 -0.3513857244 1.077486531e-23)
(-0.1300900831 -0.3583939435 -1.094789589e-23)
(-0.06688748995 -0.2843105385 -8.235207252e-23)
(-0.007083137619 -0.1169890653 0)
(-0.0009099278482 0.06539449878 -1.911125787e-23)
(-0.01167890376 0.1502660134 -1.326742254e-21)
(-0.02389527294 0.2000438996 1.094021137e-21)
(-0.03602329314 0.2243969497 6.733765387e-22)
(-0.04658605678 0.2316348791 6.013554462e-22)
(-0.05578599777 0.2272189895 6.642704431e-22)
(-0.06413025865 0.214162507 -4.457736841e-23)
(-0.07229520352 0.1936408011 -3.460674956e-22)
(-0.08099069273 0.1656005386 2.151759498e-22)
(-0.09089378716 0.129274156 0)
(-0.1025770027 0.08353883852 0)
(-0.1163842532 0.02721137595 2.655008582e-22)
(-0.1321800692 -0.04060683858 8.195420528e-23)
(-0.1489445902 -0.119998605 -2.820816253e-22)
(-0.1641450784 -0.2089152106 -5.410410882e-23)
(-0.1728007493 -0.3006836101 1.302135121e-22)
(-0.167039809 -0.379316141 -3.399479409e-22)
(-0.1365335366 -0.4136278453 -1.602687973e-23)
(-0.08018342064 -0.3538172044 8.223952749e-23)
(-0.01050756979 -0.1594055954 -6.033616779e-22)
(-0.002260848191 0.07348475844 0)
(-0.01580708322 0.1626402557 2.145536934e-21)
(-0.02665829473 0.2117727613 0)
(-0.03423573379 0.2333742646 -1.351597839e-21)
(-0.03761038042 0.2377565975 6.185116135e-23)
(-0.03801665245 0.2312382192 -6.19192149e-22)
(-0.03670503774 0.2171774473 -4.755480804e-22)
(-0.03491458123 0.1968867518 8.299772167e-22)
(-0.03381372726 0.1703331359 -1.885341534e-22)
(-0.03452448677 0.1367260235 0)
(-0.03814121516 0.09480456949 0)
(-0.04567460912 0.04305326324 2.411166432e-23)
(-0.05793143965 -0.02012617367 -6.006407858e-22)
(-0.07516753627 -0.09619477032 -4.308999913e-22)
(-0.09647077498 -0.1855442662 4.637449405e-22)
(-0.1183619253 -0.2853456531 -6.487641724e-22)
(-0.1332831165 -0.3838270222 9.116201626e-23)
(-0.1265419267 -0.4504235762 2.94662091e-23)
(-0.08899390024 -0.4198415266 5.660969362e-22)
(-0.01526931277 -0.2111652557 6.022246775e-22)
(-0.00518119986 0.08597840791 0)
(-0.02525911875 0.1766214006 1.465662916e-22)
(-0.03484242424 0.2205834995 -4.91653173e-23)
(-0.03641352016 0.2354705186 7.641861265e-22)
(-0.03020286279 0.2343250857 -7.004334478e-22)
(-0.01918770664 0.2241468758 4.745768437e-23)
(-0.005639647618 0.2083427545 -1.018544966e-22)
(0.008543424732 0.1881188328 -3.389321397e-22)
(0.02177183721 0.1633905129 2.062535392e-22)
(0.03260111558 0.1333278534 0)
(0.03955889849 0.0966476973 0)
(0.04114601347 0.0517494367 -2.902333451e-22)
(0.03576247256 -0.003245796012 0)
(0.02196150884 -0.07057419181 -5.511820923e-22)
(-0.001282810057 -0.152565037 -1.49091534e-23)
(-0.03311981868 -0.2505874304 2.559431264e-23)
(-0.06910443601 -0.359926869 2.202513475e-22)
(-0.0922861776 -0.4575353522 4.790933375e-24)
(-0.08718411652 -0.469804988 -5.789983353e-22)
(-0.02103160752 -0.2698920383 0)
(-0.01111647469 0.1085973115 0)
(-0.04249197218 0.1947115237 -8.847512118e-22)
(-0.04796259908 0.2258120013 -5.410604083e-22)
(-0.03920754747 0.2282033463 4.543429054e-22)
(-0.01879516339 0.2182218859 -1.710311533e-24)
(0.007643507073 0.2028121696 -4.560538343e-23)
(0.03665636673 0.1847546054 5.695899224e-22)
(0.065804812 0.1647075479 -2.766517321e-23)
(0.09324565268 0.1423120803 -2.06948922e-22)
(0.1173641449 0.1166300079 3.141838989e-23)
(0.1365225816 0.08641654512 -3.425561411e-23)
(0.1489452856 0.05018347493 -3.690292542e-23)
(0.1525082995 0.006166634598 3.205406254e-22)
(0.1449199158 -0.04795411293 6.119207667e-22)
(0.1235015009 -0.1152991726 -5.100871702e-22)
(0.08632340168 -0.2004147651 -1.615973012e-22)
(0.03198046219 -0.3067769507 1.531319614e-22)
(-0.02362868731 -0.423979986 7.293797385e-23)
(-0.06492716383 -0.487157039 1.913298795e-21)
(-0.02510013447 -0.3291511574 2.954999635e-21)
(-0.02004669577 0.1460737296 -4.389948661e-23)
(-0.06416542179 0.2112949635 4.41711986e-23)
(-0.05070666788 0.2177267439 1.000121988e-21)
(-0.01934914113 0.2014624475 -8.261161719e-24)
(0.02413242666 0.1809010145 0)
(0.07152526569 0.1606869504 4.363250427e-23)
(0.1190515541 0.1416444546 -2.273575758e-22)
(0.1644561681 0.1233149968 -9.026802146e-23)
(0.2062038929 0.1048108075 3.680256596e-23)
(0.2429435347 0.08507266177 -1.70145457e-23)
(0.2732013559 0.06296454001 3.429614299e-23)
(0.2952363171 0.03726720432 -6.592111289e-23)
(0.3066820569 0.006539844416 -9.303191422e-23)
(0.3049611455 -0.03087310234 1.516961742e-22)
(0.2863833076 -0.07785909642 0)
(0.247048591 -0.1399274041 1.505523507e-22)
(0.1810855721 -0.2266287792 2.559988817e-22)
(0.09603953384 -0.344388027 0)
(-0.006700156981 -0.4552194569 -3.675641723e-21)
(-0.01922449806 -0.3777523095 -2.892628546e-21)
(-0.02591920614 0.2276839187 -9.514046042e-22)
(-0.03998275903 0.2238223681 -1.388919477e-22)
(0.03656082683 0.1810579023 -2.335419307e-22)
(0.1090475698 0.1451039293 -1.193643817e-22)
(0.1817135008 0.1172416974 -4.295571969e-23)
(0.2490003936 0.09627605662 9.782183979e-23)
(0.3100223254 0.08002252654 -1.408423339e-22)
(0.3646076652 0.06656642973 1.297011207e-22)
(0.4126109868 0.0544911561 -8.619010185e-23)
(0.4536107681 0.04270941699 1.132157114e-25)
(0.4867744966 0.03032437667 1.52759368e-23)
(0.5107333296 0.01653103367 7.996508603e-23)
(0.5236500094 0.0005386557877 -1.810998444e-22)
(0.523172385 -0.01863165098 -1.617063443e-22)
(0.5052268959 -0.04286311075 -4.262619216e-23)
(0.4658676783 -0.07633125909 0)
(0.3952668771 -0.1286086095 -1.84646367e-22)
(0.2916050167 -0.2208467163 8.148742651e-22)
(0.1197442449 -0.3525016041 1.631599255e-21)
(0.02670515229 -0.3775496092 2.172654387e-21)
(0.2142897659 0.1347450326 9.864814217e-22)
(0.2776321119 0.09870543533 0)
(0.4316603361 0.05810433554 -2.594206524e-22)
(0.5304753935 0.0384625856 -1.741575826e-22)
(0.6016957359 0.02623393836 0)
(0.6571174544 0.01831891446 -6.008490941e-23)
(0.7015174075 0.01313573404 6.377198136e-23)
(0.737599165 0.009541976523 -1.799894721e-23)
(0.7669311687 0.006804483872 2.88556659e-23)
(0.7902050111 0.004464933852 2.314732089e-23)
(0.8074504073 0.002221644176 0)
(0.8182580043 -0.0001496680136 -2.87276364e-23)
(0.8216470336 -0.00272342133 0)
(0.8162377182 -0.005712347074 2.737911478e-23)
(0.799132594 -0.009611193845 1.421604633e-23)
(0.7679985661 -0.01500250071 -5.799439335e-23)
(0.7106557569 -0.02502528386 -2.535651371e-22)
(0.6235185143 -0.04204295305 -6.918085426e-22)
(0.4230090903 -0.09182978322 0)
(0.2705674383 -0.1524022305 -2.119482288e-21)
)


// ************************************************************************* //
