/*--------------------------------*- C++ -*----------------------------------*\
  =========                 |
  \\      /  F ield         | OpenFOAM: The Open Source CFD Toolbox
   \\    /   O peration     | Website:  https://openfoam.org
    \\  /    A nd           | Version:  13
     \\/     M anipulation  |
\*---------------------------------------------------------------------------*/
FoamFile
{
    format      ascii;
    class       vectorField;
    location    "14.98";
    object      U_all;
}
// * * * * * * * * * * * * * * * * * * * * * * * * * * * * * * * * * * * * * //


400
(
(1.046296321e-05 -3.715438362e-05 0)
(-0.0006651683924 0.0004122758179 -1.535526374e-23)
(-0.002179342707 0.0009176732685 0)
(-0.004035315371 0.001308504631 0)
(-0.005952617671 0.00152990549 6.747697246e-25)
(-0.007737493868 0.001564551557 4.144349559e-24)
(-0.009254559557 0.001418842127 -7.027193651e-24)
(-0.01040305279 0.001116160146 7.902144078e-24)
(-0.01110311007 0.0006940605605 -2.127744992e-25)
(-0.01129477971 0.000202711132 -4.045831932e-24)
(-0.01094295071 -0.000299074708 5.862856566e-24)
(-0.01004887162 -0.0007452552502 -5.980639369e-23)
(-0.008663073433 -0.001072806877 -6.611448938e-23)
(-0.006893221896 -0.001230496643 -7.849989453e-23)
(-0.004907894498 -0.001190950918 4.619795879e-24)
(-0.002929829293 -0.0009615423678 -4.191446832e-24)
(-0.001211261963 -0.0005922368907 -2.038525893e-22)
(-2.553607946e-05 -0.000171932426 0)
(0.0005135238661 0.0001695927121 1.705305688e-25)
(0.0002215655852 0.0003043373762 -5.131069502e-24)
(-0.000262541808 0.000827280552 1.382092301e-25)
(-0.00269381614 0.003372752719 1.545139757e-23)
(-0.006881721634 0.005584405037 1.532016275e-25)
(-0.01190742308 0.00698247544 -8.367933914e-25)
(-0.01707066373 0.007526202087 1.141574872e-24)
(-0.02189366383 0.007268346639 1.275869588e-23)
(-0.02601564223 0.006300784464 1.70652851e-24)
(-0.02916215623 0.004740108204 -7.645054373e-24)
(-0.03112063129 0.002731442018 1.035458343e-23)
(-0.03173921394 0.0004553007144 4.56895866e-24)
(-0.03093377276 -0.001873134343 -6.383548927e-24)
(-0.02871314409 -0.00400586745 2.929325906e-24)
(-0.02520858923 -0.005687801329 3.923335732e-23)
(-0.0206879692 -0.006686728062 -1.978778737e-24)
(-0.01556390221 -0.006836607513 3.806272446e-24)
(-0.01037490639 -0.006085767764 -9.943117084e-23)
(-0.005730918453 -0.004541789786 9.849266205e-23)
(-0.002238988771 -0.002509873433 -4.34889839e-25)
(-0.0001869496983 -0.0005091504828 4.458580264e-25)
(8.2669249e-05 0.0006045372796 0)
(-0.0004169653883 0.002925152384 -2.89868616e-25)
(-0.004628740255 0.008770841377 1.693472135e-23)
(-0.01132521478 0.01318902246 -8.20200258e-24)
(-0.01924851064 0.01573075656 -2.027382878e-25)
(-0.02736367774 0.01646723168 1.991695271e-25)
(-0.03497938991 0.01558761351 1.563511118e-26)
(-0.04155327907 0.01331519994 -1.527954009e-24)
(-0.0466616698 0.00989143702 -4.764922219e-25)
(-0.04997087062 0.005593096103 -1.084250408e-23)
(-0.05123698552 0.0007546310372 0)
(-0.05031483735 -0.004214029903 0)
(-0.04719394554 -0.008845549335 2.701523225e-23)
(-0.04204147908 -0.01263169361 2.845187202e-23)
(-0.03522484368 -0.0150841357 -1.672285649e-24)
(-0.02732878923 -0.01581501395 4.942240909e-23)
(-0.01913432744 -0.01463753796 9.615524242e-23)
(-0.01154501277 -0.01167282078 4.20929568e-23)
(-0.00546181523 -0.007445489148 4.93023969e-25)
(-0.00145260182 -0.002942267851 6.559440524e-26)
(-9.074207895e-05 0.0002180020131 0)
(-0.0004999765186 0.006022091821 -4.217814319e-23)
(-0.00637487684 0.01630526925 -1.683549759e-23)
(-0.0154686855 0.0234646456 8.127972991e-24)
(-0.02616899058 0.02733291776 0)
(-0.03713453337 0.02821242577 0)
(-0.04749968599 0.02649127139 0)
(-0.0565762229 0.0225563943 -5.653516907e-26)
(-0.06381371512 0.01678966672 -1.886272222e-24)
(-0.06876201553 0.009607910842 0)
(-0.07106250413 0.001509604216 1.715306789e-24)
(-0.07047662418 -0.00688822431 2.855140592e-25)
(-0.06692162569 -0.01485781643 -2.863135014e-25)
(-0.06052107512 -0.02157922091 0)
(-0.05166523183 -0.0262226406 4.227698677e-23)
(-0.04104504216 -0.02807303035 -4.775356129e-23)
(-0.02965037403 -0.02670205945 -2.881345955e-23)
(-0.0186980685 -0.0221671523 -4.198439741e-23)
(-0.009471003082 -0.01519711018 7.764810764e-25)
(-0.002973107026 -0.007297685814 9.482474109e-23)
(-0.0002314052439 -0.0008738038562 0)
(-0.0005289895892 0.01005400185 4.238353337e-23)
(-0.007949136461 0.0258457952 4.781910464e-25)
(-0.01931518045 0.03628101757 -4.672697088e-25)
(-0.03268878731 0.04168954973 0)
(-0.04645988795 0.0427319734 7.696629892e-25)
(-0.05961929315 0.04005758028 -7.589915569e-25)
(-0.07136315152 0.03423701973 3.621083338e-23)
(-0.08103235 0.02578805841 1.791292694e-23)
(-0.08805795183 0.01525113656 6.039800415e-24)
(-0.09194671708 0.003271693281 -1.717305173e-24)
(-0.09230838091 -0.009338171677 0)
(-0.08890402503 -0.02156863819 4.511015663e-25)
(-0.08172183212 -0.03223599693 1.063659223e-23)
(-0.07107169673 -0.04006972118 -4.450155062e-23)
(-0.0576679178 -0.04388189762 2.002226467e-24)
(-0.04267871945 -0.04282913136 4.463172717e-23)
(-0.02768859846 -0.03674591933 -4.24490329e-25)
(-0.01451786457 -0.02647732642 0)
(-0.004849264207 -0.01406913741 5.407921858e-23)
(-0.0003630341327 -0.002850810748 -2.527997012e-22)
(-0.00052489339 0.01493752933 9.825568947e-23)
(-0.009339933633 0.0372372639 -4.904604153e-25)
(-0.02279125907 0.0514949034 0)
(-0.03868047161 0.0587130914 0)
(-0.05517857242 0.06003310495 -8.68489548e-23)
(-0.07116898776 0.05642436103 -8.438847331e-23)
(-0.08576461656 0.04865150984 -4.010884557e-23)
(-0.09821855674 0.03734536353 -1.472775814e-23)
(-0.1078447898 0.02312726777 -5.191589003e-24)
(-0.1139907245 0.006740015127 -8.024976653e-24)
(-0.1160601072 -0.010843534 6.431656032e-24)
(-0.113570977 -0.02834980775 8.499069294e-24)
(-0.106259032 -0.04419375317 -1.876328383e-23)
(-0.09422100878 -0.05655658997 3.198599064e-24)
(-0.07807106488 -0.06358593024 0)
(-0.05908420502 -0.06375805889 -1.707125794e-23)
(-0.03924630018 -0.05639953577 2.092382582e-26)
(-0.0210925979 -0.04226924507 0)
(-0.007301770585 -0.02394361294 -1.486663956e-22)
(-0.0005198850514 -0.005922467024 5.977933666e-22)
(-0.0004974151225 0.02056221509 -9.758581771e-23)
(-0.01049176122 0.05025311044 2.823512177e-22)
(-0.0257384366 0.06885639835 1.521830688e-22)
(-0.04386943075 0.07819904197 3.602843923e-24)
(-0.0628955562 0.08001078706 -7.288976163e-23)
(-0.0816382251 0.07563263813 8.978870224e-23)
(-0.09916707146 0.06602491475 -3.563874245e-24)
(-0.1146787177 0.05189396216 -1.710359413e-24)
(-0.1273868207 0.03387680468 2.494911139e-24)
(-0.1364739229 0.01273325642 7.242946065e-24)
(-0.1411023621 -0.0104831156 -6.33982528e-24)
(-0.1404733142 -0.03429110943 -9.427063494e-24)
(-0.1339522175 -0.05670841051 -3.245325438e-23)
(-0.1212628089 -0.07528267498 -3.419003478e-23)
(-0.1027345856 -0.08728394534 5.147907617e-25)
(-0.07958707035 -0.09015071351 0)
(-0.05414818051 -0.08224581702 0)
(-0.02980642011 -0.06383912101 -2.847535686e-24)
(-0.01063917551 -0.03791757456 2.910687074e-24)
(-0.0007328291091 -0.01048724771 1.023712131e-22)
(-0.0004472198488 0.02676847611 0)
(-0.0113159534 0.0645608007 1.994948981e-22)
(-0.02793373936 0.08796949287 8.930659371e-23)
(-0.04785954038 0.09976868465 0)
(-0.06901039891 0.102365556 1.56228496e-22)
(-0.09019655588 0.09751734962 0)
(-0.1104926975 0.08637857092 -1.419595883e-22)
(-0.129085719 0.06968775213 6.468715046e-24)
(-0.1451312948 0.0480192206 0)
(-0.1576783126 0.02204486433 0)
(-0.1656567651 -0.00722066222 -1.357781155e-24)
(-0.167921812 -0.03819720047 -9.148745931e-25)
(-0.1633830324 -0.06858560833 1.469839931e-22)
(-0.1512301331 -0.09528517901 -4.682251334e-23)
(-0.1312658827 -0.1145134487 -2.496742987e-24)
(-0.1043644722 -0.1222641066 1.474437926e-24)
(-0.07295684908 -0.115286925 -1.497696261e-24)
(-0.04127179701 -0.09263572401 0)
(-0.01522232645 -0.05729813921 3.168252112e-24)
(-0.001041521804 -0.01711937555 -1.003417821e-21)
(-0.0003749720838 0.03334224649 0)
(-0.01172547297 0.07970455868 -1.124756277e-22)
(-0.0291433278 0.1082635362 -6.170467425e-22)
(-0.05020675688 0.1228165145 -3.741564647e-22)
(-0.07280484186 0.126518071 0)
(-0.0957875069 0.1215839499 4.099809082e-22)
(-0.1182884169 0.1093677936 1.253155133e-22)
(-0.1395474084 0.09060565289 -5.54441872e-24)
(-0.1587356722 0.06573550079 5.516976913e-24)
(-0.1748492052 0.0352302739 0)
(-0.1866567024 -7.95964802e-05 2.891593451e-23)
(-0.1927231913 -0.03869373861 4.650808447e-24)
(-0.1914996943 -0.07816232794 -1.063841429e-22)
(-0.1815267735 -0.1148557106 7.883733281e-23)
(-0.1618260912 -0.1438986231 -2.390954458e-22)
(-0.1325151992 -0.1594928581 0)
(-0.0956376528 -0.1559840952 0)
(-0.05593048792 -0.1300429948 0)
(-0.02144361826 -0.08365747413 0)
(-0.001497090276 -0.02661005648 5.522950355e-22)
(-0.0002892078033 0.04002925223 0)
(-0.01168134359 0.09512583825 -3.48173977e-22)
(-0.02920772289 0.1289974008 8.903850328e-22)
(-0.0505411597 0.1464856694 3.603911859e-22)
(-0.07359927871 0.1515476589 0)
(-0.09731929515 0.1469036497 -3.844204072e-22)
(-0.1209495037 0.1341283577 -3.158451943e-23)
(-0.1438564904 0.1139459127 3.31649297e-22)
(-0.1653266286 0.08661154422 1.760228354e-22)
(-0.1844313088 0.05230796636 -4.038484697e-23)
(-0.1999374936 0.0115338038 1.652003137e-23)
(-0.2102684748 -0.03450756076 -8.207584763e-24)
(-0.2135303935 -0.08348214348 3.35124888e-22)
(-0.2076368257 -0.1315316176 0)
(-0.1906495693 -0.1728914951 2.392109517e-22)
(-0.1614779807 -0.199861909 5.68872059e-24)
(-0.121041016 -0.2036370392 -5.773556529e-24)
(-0.07376671099 -0.1769031582 1.521423636e-22)
(-0.02968064087 -0.1186651335 -5.355755244e-24)
(-0.002175815965 -0.03998922955 0)
(-0.0002148066009 0.04658196515 0)
(-0.01125259097 0.1102297484 0)
(-0.02815296319 0.1493100491 -5.006802804e-22)
(-0.04872949109 0.1696894625 -1.87495138e-23)
(-0.07097111907 0.1761813808 2.030492773e-23)
(-0.09395139385 0.1720669556 -2.006518352e-23)
(-0.1170905623 0.159187569 -2.306379838e-23)
(-0.1399600957 0.1382830882 -3.014607618e-22)
(-0.1620744296 0.1094267583 6.684273706e-23)
(-0.182739557 0.07246872401 4.488825232e-23)
(-0.2009295524 0.02746449413 -4.552311299e-23)
(-0.2151731559 -0.02488489048 0)
(-0.2234982274 -0.08270837745 -7.752777435e-23)
(-0.2233964867 -0.1423912893 0)
(-0.2119903242 -0.1978035907 -3.718733178e-22)
(-0.1866578803 -0.2396747833 5.208489494e-22)
(-0.1463602495 -0.255680758 0)
(-0.09387969404 -0.2327754547 -1.467771632e-22)
(-0.04018526269 -0.163722876 1.910488934e-22)
(-0.00319713594 -0.05852569974 -3.384596967e-22)
(-0.0002057056579 0.05284729272 0)
(-0.01069097701 0.1245054506 9.158266312e-22)
(-0.02631754478 0.1683232616 -2.433756714e-23)
(-0.04505429351 0.1911874076 9.167387394e-22)
(-0.06499601576 0.198851783 -2.504184063e-23)
(-0.08542231002 0.1952304669 2.82838154e-23)
(-0.1059937992 0.1824974726 -2.802563073e-23)
(-0.1265650599 0.1614713264 -1.654297521e-23)
(-0.1469833262 0.1320973078 -5.239480748e-22)
(-0.1669399827 0.09392060746 -8.870917175e-24)
(-0.1858315529 0.04652146382 9.622195003e-24)
(-0.2025806669 -0.01004548546 3.302035282e-22)
(-0.2155096405 -0.07474323746 -5.798392114e-22)
(-0.2220953764 -0.1447263785 0)
(-0.2188485456 -0.2143314758 8.847423236e-22)
(-0.2016375024 -0.2736282555 -4.906617705e-22)
(-0.1668464252 -0.3071983688 -1.56134252e-23)
(-0.1139900249 -0.2950273188 0)
(-0.05285934499 -0.2193169138 -1.863578876e-22)
(-0.004745411707 -0.08367007014 3.334122887e-22)
(-0.0003691533863 0.05890928215 1.54694775e-23)
(-0.01052913407 0.1377030913 -8.740721801e-22)
(-0.02448250758 0.1852899519 -1.154330182e-21)
(-0.04036843448 0.2097075094 -8.604641921e-22)
(-0.05643672141 0.2178199454 0)
(-0.07230279822 0.2142635047 3.502698905e-23)
(-0.08796900605 0.2016118866 -7.271329682e-23)
(-0.1036542729 0.1808364382 5.848530399e-23)
(-0.1196157321 0.151840518 3.010391642e-22)
(-0.1360262205 0.1139527918 -1.12450829e-23)
(-0.1528511954 0.06633381196 0)
(-0.1696954552 0.008360154791 -3.591744888e-22)
(-0.1855079006 -0.0599300255 7.494382585e-22)
(-0.1982518017 -0.1370111716 8.810151687e-22)
(-0.2045220323 -0.2186355066 -5.276440994e-22)
(-0.1992140924 -0.2956560441 5.14635754e-22)
(-0.1761222731 -0.3510735847 1.069041987e-23)
(-0.1301046399 -0.3580876754 -1.086209488e-23)
(-0.06687952154 -0.2840626055 -8.444515359e-23)
(-0.007080483903 -0.1168822265 0)
(-0.0009149888041 0.06530900264 -1.907118885e-23)
(-0.01172196604 0.1500402731 -1.324278959e-21)
(-0.02398828004 0.1997252584 1.091669774e-21)
(-0.03616582853 0.2240392611 6.720973344e-22)
(-0.04677300884 0.2312884821 6.001501619e-22)
(-0.05601110605 0.226923782 6.62827835e-22)
(-0.06438688729 0.2139450358 -4.44639071e-23)
(-0.07257775497 0.1935151902 -3.452671454e-22)
(-0.08129340749 0.1655666262 2.146826229e-22)
(-0.09120965622 0.1293230667 0)
(-0.1028986963 0.08365446213 0)
(-0.1167028697 0.02737436373 2.650278591e-22)
(-0.1324854251 -0.04041531103 8.211253773e-23)
(-0.1492246252 -0.1197923984 -2.810716666e-22)
(-0.1643859488 -0.208699741 -5.400218231e-23)
(-0.1729886194 -0.3004567763 1.305005963e-22)
(-0.1671653391 -0.3790729672 -3.388636716e-22)
(-0.1365955881 -0.4133763217 -1.692260836e-23)
(-0.08019665561 -0.3535937727 8.432974782e-23)
(-0.01050678893 -0.1592974869 -6.04687779e-22)
(-0.00226591629 0.07342582052 0)
(-0.01585802093 0.1624679799 2.141820155e-21)
(-0.02677190011 0.211516763 0)
(-0.03441384119 0.2330783603 -1.349317237e-21)
(-0.03784711112 0.2374658995 6.200304058e-23)
(-0.03830269399 0.2309898706 -6.1784156e-22)
(-0.03702812897 0.2169962433 -4.746109951e-22)
(-0.03526442199 0.1967897813 8.282083788e-22)
(-0.03418042299 0.1703166847 -1.880969625e-22)
(-0.03489666564 0.136782235 0)
(-0.03851012831 0.09491767859 0)
(-0.04603195583 0.04320374352 2.419157198e-23)
(-0.05827026598 -0.01995738901 -5.996972838e-22)
(-0.07547970776 -0.09602463635 -4.302363275e-22)
(-0.09674634994 -0.1853795936 4.633293727e-22)
(-0.1185887992 -0.2851842497 -6.475741039e-22)
(-0.1334508474 -0.3836582662 9.064359046e-23)
(-0.1266408278 -0.4502453409 3.040302925e-23)
(-0.08902803568 -0.4196659531 5.664888593e-22)
(-0.01527124381 -0.2110679058 6.03548278e-22)
(-0.005185558971 0.08594872221 0)
(-0.02531134536 0.1765098348 1.466902128e-22)
(-0.03496303967 0.2204005548 -4.910044146e-23)
(-0.03660692524 0.2352475543 7.630399081e-22)
(-0.03046357639 0.2340994423 -6.992999254e-22)
(-0.01950493359 0.2239510995 4.737757591e-23)
(-0.005992984129 0.2082000737 -1.018072751e-22)
(0.00816551097 0.1880420696 -3.382619529e-22)
(0.02138015018 0.1633811234 2.059164962e-22)
(0.03221436979 0.1333792381 0)
(0.0391868016 0.09674633119 0)
(0.04079674449 0.05187766803 -2.898392856e-22)
(0.03543829177 -0.003107041351 0)
(0.02166651797 -0.07043779489 -5.508338562e-22)
(-0.001543274861 -0.152441564 -1.469684196e-23)
(-0.03333898869 -0.2504777807 2.55727635e-23)
(-0.0692796198 -0.3598211085 2.197181989e-22)
(-0.0924008741 -0.4574325111 4.808114357e-24)
(-0.0872306997 -0.4696896849 -5.794321748e-22)
(-0.02103648533 -0.2698167945 0)
(-0.01111878647 0.1085945926 0)
(-0.04253469055 0.194658827 -8.83719916e-22)
(-0.04806830463 0.225702856 -5.406488776e-22)
(-0.0393837792 0.2280557004 4.539968264e-22)
(-0.01903896657 0.2180638045 -1.715158983e-24)
(0.007342445146 0.2026694096 -4.555431805e-23)
(0.0363157185 0.1846482485 5.68730217e-22)
(0.06544076943 0.1646449077 -2.762263375e-23)
(0.09287397537 0.1423008951 -2.066047937e-22)
(0.1170016699 0.1166660142 3.137550071e-23)
(0.1361806269 0.08649018701 -3.421538834e-23)
(0.1486313189 0.05028150705 -3.687039626e-23)
(0.152228674 0.006274516431 3.203126849e-22)
(0.1446766793 -0.04785045781 6.115485263e-22)
(0.1232916123 -0.1152104505 -5.098596796e-22)
(0.08615047633 -0.2003450929 -1.616603992e-22)
(0.03182897587 -0.3067231325 1.52958692e-22)
(-0.02373701546 -0.4239258472 7.293498563e-23)
(-0.06497102521 -0.4870955251 1.913047126e-21)
(-0.02510618212 -0.3291030479 2.95471563e-21)
(-0.02004513617 0.1460880276 -4.387399973e-23)
(-0.0641850963 0.2112859476 4.414555354e-23)
(-0.05076976053 0.2176789427 9.995430104e-22)
(-0.01946723123 0.2013821493 -8.125843452e-24)
(0.02395566578 0.1808054632 0)
(0.07129437661 0.1605945085 4.358731615e-23)
(0.1187797729 0.141570794 -2.270724308e-22)
(0.1641585888 0.1232686059 -9.01465187e-23)
(0.205896488 0.1047972412 3.67504142e-23)
(0.2426425926 0.08509071713 -1.699119184e-23)
(0.2729200611 0.06300874564 3.425586969e-23)
(0.2949855023 0.03732891317 -6.586121727e-23)
(0.3064636819 0.00660911104 -9.295037053e-23)
(0.3047770306 -0.03080642378 1.516453974e-22)
(0.2862335271 -0.07780377717 0)
(0.2469293054 -0.1398892046 1.506351962e-22)
(0.1809889583 -0.226611551 2.559396636e-22)
(0.09596733789 -0.344366619 0)
(-0.00673702505 -0.4551967141 -3.675153889e-21)
(-0.01923053797 -0.3777312654 -2.892349331e-21)
(-0.02591479014 0.2276989615 -9.512626593e-22)
(-0.03997575584 0.2238327346 -1.388452883e-22)
(0.0365529753 0.1810487384 -2.334023399e-22)
(0.109008035 0.1450752981 -1.192717228e-22)
(0.1816322427 0.1172004027 -4.294229367e-23)
(0.2488747802 0.0962323207 9.774721193e-23)
(0.309858137 0.07998523936 -1.406901095e-22)
(0.3644156225 0.06654139821 1.295321163e-22)
(0.4124043909 0.05448191674 -8.606913013e-23)
(0.4534040707 0.0427161055 1.13166778e-25)
(0.4865805202 0.03034446832 1.526014603e-23)
(0.5105619669 0.01656016657 7.989252467e-23)
(0.5235086359 0.0005696199867 -1.809862673e-22)
(0.5230647416 -0.01860151825 -1.616550596e-22)
(0.5051477953 -0.04283877694 -4.262383218e-23)
(0.465812027 -0.07631598098 0)
(0.3952265575 -0.1286038526 -1.845079207e-22)
(0.2915746325 -0.2208453303 8.14724175e-22)
(0.1197258552 -0.3525003463 1.631370361e-21)
(0.02670050053 -0.3775468654 2.172535338e-21)
(0.2142943662 0.1347495551 9.863246793e-22)
(0.2776464476 0.09871123747 0)
(0.4316763238 0.05810705543 -2.593474961e-22)
(0.5304820256 0.03846166414 -1.741180225e-22)
(0.6016836011 0.02623027586 0)
(0.657082118 0.0183142724 -6.004344592e-23)
(0.7014601832 0.01313177196 6.370088525e-23)
(0.737525543 0.009539799478 -1.797228611e-23)
(0.7668489719 0.006804773894 2.881344307e-23)
(0.7901229898 0.004467680435 2.311486615e-23)
(0.8073765068 0.002226341852 0)
(0.8181980177 -0.000143763711 -2.869974628e-23)
(0.8216043318 -0.002717185911 0)
(0.8162129632 -0.0057076584 2.736689957e-23)
(0.7991220633 -0.009608436208 1.422603894e-23)
(0.7679975131 -0.01500175733 -5.797668805e-23)
(0.7106583425 -0.0250265056 -2.53481701e-22)
(0.6235201649 -0.0420443818 -6.916910229e-22)
(0.4230089104 -0.09183126905 0)
(0.2705669935 -0.1524029036 -2.119366122e-21)
)


// ************************************************************************* //
