/*--------------------------------*- C++ -*----------------------------------*\
  =========                 |
  \\      /  F ield         | OpenFOAM: The Open Source CFD Toolbox
   \\    /   O peration     | Website:  https://openfoam.org
    \\  /    A nd           | Version:  13
     \\/     M anipulation  |
\*---------------------------------------------------------------------------*/
FoamFile
{
    format      ascii;
    class       scalarField;
    location    "15.91";
    object      p_all;
}
// * * * * * * * * * * * * * * * * * * * * * * * * * * * * * * * * * * * * * //


400
(
-1.228816537e-06
-0.000546999803
-0.0008874045555
-0.001013362295
-0.0009332361265
-0.0006793851301
-0.000289305734
0.0002010949205
0.0007553696866
0.001333121717
0.001888793577
0.00236966129
0.00272043038
0.002888079221
0.002831081872
0.002531352446
0.002009119041
0.001321370209
0.0006642409053
6.956152202e-05
0.000584707569
5.387339619e-06
-0.000356618097
-0.0004973800268
-0.0004652993912
-0.0002869233259
8.403615593e-06
0.0003914119673
0.0008307109538
0.001289099251
0.001726821895
0.002092813333
0.002336778957
0.002411418792
0.002282852722
0.001942202868
0.001416004688
0.0007690687154
0.0001731497892
-0.0004884817089
0.0009471996875
0.0003050538565
-9.432471209e-05
-0.0002390585535
-0.0002313492365
-0.0001012255176
0.0001272644401
0.0004327893681
0.000791603529
0.001171917636
0.001541260625
0.001846313879
0.002037041738
0.002064775531
0.001894379466
0.001515941127
0.0009532515372
0.0002626461
-0.0004341142662
-0.001269509538
0.0009699042048
0.0002542334921
-0.0001939859639
-0.0003445795873
-0.0003519972871
-0.0002529930114
-6.82729032e-05
0.0001894610869
0.0005065544196
0.0008625507316
0.001216887782
0.001526159101
0.001729842847
0.001767533285
0.00159040993
0.001175039732
0.0005331041201
-0.0002888370803
-0.001202045856
-0.00235030637
0.0004747836104
-0.0002881939826
-0.0007649879385
-0.0009148191478
-0.000933623923
-0.0008626277995
-0.0007169512302
-0.000497248948
-0.0002034167006
0.000155137642
0.0005480495932
0.0009270729829
0.001221165228
0.001349612763
0.001236137863
0.0008275968924
0.0001098934262
-0.0008850238267
-0.002092419944
-0.003617796492
-0.0006894603434
-0.001467919787
-0.001954845198
-0.002103775269
-0.002143800586
-0.002117130009
-0.002029117701
-0.001862883573
-0.001597480399
-0.001222715469
-0.0007541833242
-0.0002363807707
0.000248251336
0.0005901487832
0.0006676811431
0.0003729472836
-0.0003595208083
-0.001527944156
-0.003095732738
-0.005099165725
-0.002659892858
-0.003419679621
-0.00390943833
-0.004072319517
-0.004166192691
-0.004230905558
-0.004257126634
-0.004203301334
-0.004017418026
-0.003656050129
-0.003104863451
-0.002389599346
-0.001596006315
-0.0008661338983
-0.0003877927566
-0.0003614927518
-0.0009500195679
-0.002220264035
-0.004189278066
-0.006780531239
-0.005545584086
-0.006259170311
-0.006755375913
-0.006966313337
-0.007175236402
-0.007417477166
-0.007664879066
-0.007843658074
-0.00785801156
-0.00761208781
-0.007036161157
-0.006107234361
-0.004892121902
-0.003555098135
-0.002366553487
-0.001669202889
-0.001798791863
-0.00296975289
-0.005320385898
-0.008609647112
-0.009416188189
-0.01006191516
-0.01057673589
-0.01088534493
-0.01129512981
-0.01183780388
-0.01246509178
-0.01306536283
-0.01348627902
-0.01355623868
-0.01311187455
-0.0120497738
-0.0103583443
-0.008190606061
-0.005895345119
-0.00400594648
-0.003137951599
-0.003792175081
-0.006373868297
-0.01043483168
-0.014286984
-0.01484620166
-0.01539122324
-0.01584621475
-0.01654726352
-0.01752859393
-0.01872553195
-0.01998769722
-0.02109726976
-0.02178645693
-0.02176616018
-0.02078022634
-0.01868236889
-0.01553596118
-0.01171841358
-0.007968859956
-0.005298566585
-0.00470318004
-0.007124519649
-0.01191942728
-0.02011322974
-0.02056459613
-0.02113304077
-0.02175037049
-0.02279801301
-0.02432615537
-0.02626357831
-0.02842649323
-0.03053024139
-0.03219843155
-0.03298574183
-0.0324305871
-0.03017558775
-0.02607844186
-0.02043391737
-0.01412359218
-0.008621431331
-0.005664130258
-0.007159881849
-0.01240580539
-0.02680492066
-0.02711278162
-0.02765197017
-0.02836774157
-0.02972586801
-0.03181500739
-0.03457251477
-0.03779109208
-0.04112478131
-0.044088234
-0.04606745161
-0.04635882697
-0.04434688208
-0.0395512574
-0.03202224543
-0.02261151928
-0.01319110063
-0.006420420497
-0.00574905566
-0.01070717749
-0.03427504983
-0.0343615348
-0.0347325254
-0.03534367331
-0.03682335481
-0.03933086379
-0.04282865045
-0.04709432858
-0.05172672265
-0.05613855799
-0.05955769451
-0.06107061253
-0.05966551133
-0.05455031892
-0.04534572874
-0.03261523282
-0.01837968511
-0.006182575841
-0.001618294283
-0.004822395384
-0.04254505864
-0.04221862068
-0.04213585725
-0.04223373808
-0.04344514635
-0.04603812753
-0.05000975994
-0.05511953666
-0.06090546317
-0.0666820341
-0.0715263581
-0.07430422169
-0.07373234882
-0.06858498927
-0.05799258626
-0.04199200953
-0.02237891974
-0.003203829431
0.007393172074
0.008381182023
-0.05194428563
-0.05069974181
-0.04961937306
-0.04852022991
-0.04886368081
-0.05104872637
-0.05509045503
-0.06070399696
-0.06733549539
-0.07418715182
-0.0801828879
-0.08398430118
-0.08405055681
-0.0787703757
-0.06678769688
-0.04747729832
-0.02208785817
0.005536737563
0.02474578879
0.03355159927
-0.06359304146
-0.06013182659
-0.05704483744
-0.05371418366
-0.05241292648
-0.05362019997
-0.0572928482
-0.06305972595
-0.07017512146
-0.07771176561
-0.08440799527
-0.08871161149
-0.08883986807
-0.08279562571
-0.06882095601
-0.04560065596
-0.01373823904
0.02442907286
0.05555010514
0.07736278954
-0.0801316211
-0.07102622153
-0.06407948944
-0.05712839668
-0.05339356021
-0.05317049701
-0.0562031488
-0.06184731546
-0.06918430559
-0.07704037146
-0.08394046735
-0.08809094935
-0.08743370041
-0.07962936179
-0.06246903437
-0.03405263763
0.00554880158
0.05859411866
0.105815758
0.1480591069
-0.1104650192
-0.08581872291
-0.07157960241
-0.05895031677
-0.05189233658
-0.04985365867
-0.05206118641
-0.05745494568
-0.0647966731
-0.07264265984
-0.07927843719
-0.08266306936
-0.08048705701
-0.06987026854
-0.04823245038
-0.0127359462
0.03821433061
0.1071114562
0.1779578095
0.2564547733
-0.1684065376
-0.09988314176
-0.07499390092
-0.05478975913
-0.0446096178
-0.04156729331
-0.04368686528
-0.04933753446
-0.05696311077
-0.06491249185
-0.07130610365
-0.07393350804
-0.0700959799
-0.05699893314
-0.03103058078
0.01191385911
0.07557524516
0.1663775247
0.2761347282
0.4376785028
-0.3983985802
-0.1380768606
-0.07495932982
-0.04708477608
-0.03354525157
-0.03001777542
-0.03277723674
-0.03922674985
-0.04751000645
-0.05588539121
-0.06244781065
-0.06498470321
-0.06096270731
-0.04695287987
-0.01875549416
0.02992372455
0.1069349477
0.2334027742
0.4198547867
0.779998855
)


// ************************************************************************* //
