/*--------------------------------*- C++ -*----------------------------------*\
  =========                 |
  \\      /  F ield         | OpenFOAM: The Open Source CFD Toolbox
   \\    /   O peration     | Website:  https://openfoam.org
    \\  /    A nd           | Version:  13
     \\/     M anipulation  |
\*---------------------------------------------------------------------------*/
FoamFile
{
    format      ascii;
    class       scalarField;
    location    "42.89";
    object      p_all;
}
// * * * * * * * * * * * * * * * * * * * * * * * * * * * * * * * * * * * * * //


400
(
3.303982496e-08
-0.0005474698441
-0.0008895210002
-0.00101701522
-0.0009381604527
-0.0006853056905
-0.0002960182073
0.0001937093544
0.0007473464923
0.001324403866
0.001879241267
0.002359002805
0.002708296914
0.002874030904
0.002814673483
0.002512231493
0.001987174815
0.001296640261
0.0006377089029
4.180390092e-05
0.0005881887367
6.887686062e-06
-0.00035685193
-0.0004991833069
-0.00046853464
-0.0002914753337
2.61619389e-06
0.00038445477
0.0008226313413
0.00127987534
0.00171633622
0.002080858406
0.002323072783
0.002395617401
0.00226462461
0.00192132187
0.00139245549
0.0007430789919
0.0001454271816
-0.0005172681603
0.0009524459015
0.0003080349341
-9.322464657e-05
-0.0002395601576
-0.0002334424245
-0.0001049473568
0.000121884286
0.0004257645467
0.000782963112
0.001161473274
0.001529495564
0.00183289501
0.002021742438
0.002047317015
0.001874485227
0.001493430822
0.0009281319309
0.0002351452745
-0.0004633334959
-0.001300314713
0.000976152877
0.0002579853887
-0.0001922696693
-0.0003445718793
-0.0003538389729
-0.0002568619785
-7.427786011e-05
0.0001813197001
0.0004963880162
0.0008506919006
0.00120303687
0.001510507085
0.001712302936
0.001747893596
0.001568410984
0.001150467615
0.0005058829392
-0.0003186075046
-0.00123394928
-0.002384754566
0.0004804878451
-0.000284997478
-0.0007639037249
-0.0009156101185
-0.0009366414032
-0.0008682219844
-0.0007253206271
-0.0005083894753
-0.0002171458401
0.0001391616856
0.0005300993679
0.000907396116
0.001199829585
0.001326515417
0.001211039023
0.0008002017087
7.99518322e-05
-0.0009176503372
-0.002127641427
-0.003656144152
-0.0006863577415
-0.001467144671
-0.00195619271
-0.00210724837
-0.002150031437
-0.002126686949
-0.002042310176
-0.001879689993
-0.001617575811
-0.001245542892
-0.0007791304197
-0.0002628761793
0.0002206004419
0.0005614705411
0.0006378216288
0.0003415181754
-0.0003930396494
-0.001564078145
-0.003134866059
-0.00514210486
-0.00266182169
-0.003423537919
-0.003915404362
-0.004080783912
-0.004178154287
-0.004247211082
-0.004278232999
-0.004229179817
-0.004047576701
-0.003689624474
-0.003140773789
-0.002426779867
-0.001633539917
-0.0009034726198
-0.0004248622055
-0.0003987244687
-0.0009882690365
-0.002260608239
-0.004232768858
-0.006828348918
-0.005555020921
-0.006269947621
-0.006768236286
-0.006982185135
-0.007195577108
-0.007443477958
-0.007697186732
-0.007882254132
-0.007902221203
-0.007660664039
-0.007087399567
-0.006159547372
-0.004943803238
-0.003604927019
-0.00241399603
-0.001714576349
-0.001843260543
-0.003015072593
-0.005368507432
-0.008662303646
-0.009435249883
-0.0100815832
-0.01059845256
-0.01091069518
-0.01132610176
-0.01187599007
-0.01251137004
-0.01311974648
-0.01354790668
-0.01362347761
-0.01318260145
-0.01212124804
-0.01042815611
-0.00825669066
-0.00595646416
-0.004062040634
-0.003190304395
-0.003843204346
-0.006426600674
-0.01049179041
-0.01431702416
-0.01487601281
-0.01542300064
-0.01588224594
-0.0165900879
-0.01758022535
-0.01878709087
-0.02005922536
-0.02117771395
-0.02187376851
-0.0218575478
-0.02087243194
-0.01877209193
-0.01562026643
-0.01179524001
-0.008037502291
-0.005360060448
-0.004760319287
-0.007181341103
-0.01197942343
-0.02015453382
-0.02060476168
-0.02117494952
-0.02179695356
-0.02285231202
-0.02439057492
-0.02633945029
-0.02851384114
-0.03062778523
-0.03230372089
-0.03309547822
-0.03254092749
-0.03028270559
-0.026178905
-0.02052510025
-0.01420412933
-0.008691738217
-0.005726808512
-0.007219455584
-0.0124666033
-0.02685656144
-0.0271623212
-0.02770275583
-0.02842317062
-0.02978937236
-0.03188931574
-0.03465910839
-0.03788987741
-0.04123416658
-0.04420529401
-0.04618836878
-0.04647901721
-0.04446331708
-0.03966026442
-0.03212124965
-0.02269897249
-0.01326677881
-0.006486138615
-0.005808830731
-0.01076542676
-0.03433492284
-0.03441833184
-0.03478966827
-0.03540474957
-0.03689206147
-0.03941021778
-0.04292026771
-0.04719790919
-0.05184030806
-0.05625862593
-0.05967998413
-0.06119114754
-0.05977977074
-0.05465601545
-0.04544129064
-0.03269993049
-0.01845330931
-0.006246116204
-0.001674159857
-0.004873794402
-0.04261006648
-0.04227963644
-0.04219585322
-0.04229617133
-0.04351391785
-0.04611661648
-0.05009983776
-0.05522061459
-0.06101530242
-0.0667964181
-0.07164036557
-0.07441326636
-0.07383282558
-0.06867514315
-0.05807220378
-0.04206207487
-0.02244028327
-0.003257450473
0.007346843709
0.008341239801
-0.05201057383
-0.05076122605
-0.04967804596
-0.04857914204
-0.04892700716
-0.05112043781
-0.05517313817
-0.06079649143
-0.06743580382
-0.07429017519
-0.0802830563
-0.0840765113
-0.08413094381
-0.07883782885
-0.06684308988
-0.04752369709
-0.02212772479
0.005501538765
0.02471514126
0.03352718158
-0.06365617348
-0.0601894697
-0.05709761273
-0.05376466022
-0.05246580339
-0.05368047467
-0.05736532444
-0.0631385267
-0.07026300224
-0.07780146778
-0.08449315931
-0.08878637364
-0.08889869286
-0.08283996689
-0.06885104996
-0.04562107122
-0.01375174858
0.02441668394
0.05553943724
0.0773556777
-0.08018672785
-0.07107528368
-0.06412154053
-0.05716584498
-0.05343200681
-0.05321609541
-0.05625985801
-0.06191488825
-0.06926003784
-0.07711802871
-0.08401329321
-0.08815275033
-0.08748118148
-0.07965689927
-0.0624797446
-0.03405065651
0.005564734345
0.05859391254
0.1058229523
0.14806766
-0.1105081108
-0.08585541553
-0.0716073846
-0.05897242381
-0.05191483414
-0.0498845905
-0.05210441012
-0.05751057384
-0.06486140507
-0.07271028984
-0.07934170841
-0.08271500344
-0.08052072619
-0.06988762565
-0.04823268862
-0.01272272167
0.03823605696
0.1071320251
0.1779785876
0.2564764261
-0.1684382851
-0.0999095747
-0.07500966617
-0.05479929817
-0.04462045293
-0.04158699972
-0.04371964541
-0.04938358816
-0.05701925374
-0.06497282709
-0.07136369402
-0.07398196292
-0.07013075485
-0.05701422841
-0.03102882627
0.01192921713
0.0755994081
0.1664041759
0.2761619542
0.4377042172
-0.398429565
-0.1381007243
-0.07497183175
-0.04708985044
-0.03355093219
-0.03003175205
-0.03280397306
-0.03926679931
-0.04756059858
-0.05594115487
-0.06250216826
-0.0650312314
-0.06099646253
-0.0469702518
-0.01875703952
0.02993534416
0.1069556007
0.2334271896
0.4198801444
0.780023326
)


// ************************************************************************* //
