/*--------------------------------*- C++ -*----------------------------------*\
  =========                 |
  \\      /  F ield         | OpenFOAM: The Open Source CFD Toolbox
   \\    /   O peration     | Website:  https://openfoam.org
    \\  /    A nd           | Version:  13
     \\/     M anipulation  |
\*---------------------------------------------------------------------------*/
FoamFile
{
    format      ascii;
    class       vectorField;
    location    "25.58";
    object      U_all;
}
// * * * * * * * * * * * * * * * * * * * * * * * * * * * * * * * * * * * * * //


400
(
(1.090496369e-05 -3.789128831e-05 0)
(-0.000666187838 0.0004130215684 -1.544986619e-23)
(-0.002185341023 0.0009203617977 0)
(-0.004047712714 0.00131273207 0)
(-0.005971665654 0.001535008492 6.835623961e-25)
(-0.007762509821 0.001569790161 4.152365722e-24)
(-0.009284217349 0.001423512713 -7.34222319e-24)
(-0.01043557936 0.001119684717 7.562685246e-24)
(-0.01113644195 0.0006960600192 -2.097882999e-25)
(-0.01132675397 0.0002030725688 -3.998450558e-24)
(-0.01097145449 -0.0003002216923 5.807681757e-24)
(-0.01007206976 -0.0007474916984 -5.932842903e-23)
(-0.008679695577 -0.001075531797 -6.556089024e-23)
(-0.006902747291 -0.001233015408 -7.787936877e-23)
(-0.004910706596 -0.001192619236 4.575878654e-24)
(-0.002927260028 -0.0009619161138 -4.140322549e-24)
(-0.001205364518 -0.0005912232643 -2.000349262e-22)
(-1.913988531e-05 -0.0001699058996 0)
(0.0005181025745 0.0001720579729 1.516464673e-25)
(0.0002227381386 0.0003059608211 -2.642077555e-24)
(-0.0002634008018 0.0008288571416 1.387892887e-25)
(-0.00270325547 0.003383677818 1.554675302e-23)
(-0.006907032162 0.005604253874 1.545461906e-25)
(-0.01195185036 0.007007908126 -8.475516817e-25)
(-0.01713435038 0.007553462697 1.159199889e-24)
(-0.02197446344 0.007293909972 1.303705306e-23)
(-0.0261097185 0.006321660159 1.419841548e-24)
(-0.02926451033 0.004754038204 -7.313607703e-24)
(-0.03122556207 0.002737089221 1.016834572e-23)
(-0.03184087598 0.000452437413 4.51439324e-24)
(-0.03102657797 -0.001884023822 -6.323305362e-24)
(-0.02879228228 -0.004022840347 2.960891359e-24)
(-0.0252706906 -0.005708127064 3.897281865e-23)
(-0.02073146443 -0.006707180044 -1.955918184e-24)
(-0.01558934384 -0.006853945565 3.756848889e-24)
(-0.01038502222 -0.006097334984 -9.749256027e-23)
(-0.005730279916 -0.00454613868 9.646066623e-23)
(-0.002233429359 -0.002507447113 -3.974984927e-25)
(-0.0001818326011 -0.0005024477425 4.075234678e-25)
(8.34267934e-05 0.0006098661717 0)
(-0.0004188148548 0.002934935787 -2.915159218e-25)
(-0.004647696499 0.008803614609 1.70835341e-23)
(-0.01137147621 0.01323982786 -8.222849204e-24)
(-0.01932644863 0.01579134354 -2.06543213e-25)
(-0.0274729178 0.01652929229 2.029071785e-25)
(-0.03511627364 0.01564377885 7.812740092e-27)
(-0.04171168851 0.01335947473 -1.251374875e-24)
(-0.04683380178 0.009919454876 -4.571195565e-25)
(-0.0501479177 0.005602329567 -1.064733643e-23)
(-0.05141038696 0.0007445341713 0)
(-0.05047613439 -0.004241473377 0)
(-0.04733548432 -0.008886727141 2.672808101e-23)
(-0.04215797959 -0.01268121664 2.814742228e-23)
(-0.03531338681 -0.01513547842 -1.64734233e-24)
(-0.02738928844 -0.01586137743 4.849908976e-23)
(-0.01916966571 -0.01467294566 9.427311324e-23)
(-0.01156073302 -0.01169337377 3.984160246e-23)
(-0.005465373099 -0.007450684718 4.169667482e-25)
(-0.001451116489 -0.002936112047 1.059376187e-25)
(-9.072745574e-05 0.0002257900103 0)
(-0.0005024418549 0.00604507192 -4.25482107e-23)
(-0.006402450822 0.01637000092 -1.698566934e-23)
(-0.01553431429 0.02355825897 8.149728809e-24)
(-0.02627792723 0.02744040054 0)
(-0.03728579856 0.02831980394 0)
(-0.04768828454 0.02658664682 0)
(-0.05679420769 0.02263036769 -4.57025997e-26)
(-0.06405119704 0.01683557373 -2.118776578e-24)
(-0.06900807433 0.009622022389 0)
(-0.07130557106 0.00149125343 1.63981051e-24)
(-0.07070598038 -0.006935971071 2.805540896e-25)
(-0.06712809411 -0.0149293892 -2.813396344e-25)
(-0.06069709507 -0.02166630929 0)
(-0.05180593768 -0.02631502633 4.137192218e-23)
(-0.04114876128 -0.02815974076 -4.685504328e-23)
(-0.02971893869 -0.02677293081 -2.766291502e-23)
(-0.01873673658 -0.02221477288 -3.969442105e-23)
(-0.009487841535 -0.01521897697 7.795556141e-25)
(-0.002976838913 -0.007298188423 9.78078567e-23)
(-0.0002318746157 -0.0008662521491 0)
(-0.0005315868892 0.01009454997 4.275518346e-23)
(-0.007983222562 0.02595099459 4.775421983e-25)
(-0.01939598709 0.03642716603 -4.666353032e-25)
(-0.03282235024 0.04185335063 0)
(-0.04664484216 0.04289303243 7.772753192e-25)
(-0.05984973972 0.04019914446 -7.664980975e-25)
(-0.07162994903 0.03434618758 3.668912258e-23)
(-0.08132426519 0.02585587691 1.844651384e-23)
(-0.08836261938 0.01527273781 6.229044169e-24)
(-0.09225130382 0.003246426162 -1.641720904e-24)
(-0.09260054429 -0.009407064923 0)
(-0.08917256459 -0.02167360913 4.376578648e-25)
(-0.08195717177 -0.03236599975 1.011078845e-23)
(-0.07126668299 -0.04021092555 -4.353477003e-23)
(-0.05781851111 -0.0440189341 1.935483189e-24)
(-0.04278465006 -0.04294697837 4.225875965e-23)
(-0.02775377772 -0.03683250266 -3.855583048e-25)
(-0.01455026278 -0.02652665858 0)
(-0.004859350372 -0.01408437421 5.436275703e-23)
(-0.0003641361265 -0.002846995662 -2.564045904e-22)
(-0.0005271968252 0.01499858636 9.835028087e-23)
(-0.009377512134 0.03738851333 -4.902795418e-25)
(-0.02288083781 0.05169991432 0)
(-0.03882879232 0.05893927921 0)
(-0.05538428569 0.06025326557 -8.728627691e-23)
(-0.07142591381 0.05661684475 -8.495596386e-23)
(-0.08606322352 0.04880001848 -4.063832994e-23)
(-0.0985472063 0.03743875563 -1.502618619e-23)
(-0.1081906842 0.02315947598 -5.36021333e-24)
(-0.1143405808 0.00671001161 -8.169758119e-24)
(-0.1164008296 -0.01093193655 6.595462148e-24)
(-0.1138901877 -0.02848791031 8.8161787e-24)
(-0.1065455097 -0.04436851309 -1.892143882e-23)
(-0.09446532128 -0.05675116688 4.563265371e-24)
(-0.07826639479 -0.06378081237 0)
(-0.05922736078 -0.06393300224 -1.577405495e-23)
(-0.03933878946 -0.05653663287 -2.285112924e-26)
(-0.0211413456 -0.04235711035 0)
(-0.007318516494 -0.02398186678 -1.519650779e-22)
(-0.0005215974751 -0.005925510729 6.054157485e-22)
(-0.0004990643822 0.02064481578 -9.768041568e-23)
(-0.01052909708 0.05045214199 2.831263795e-22)
(-0.02582857637 0.06912212744 1.526497719e-22)
(-0.04401971687 0.07848931496 3.618152135e-24)
(-0.06310506679 0.08029160838 -7.318912669e-23)
(-0.08190113155 0.07587767757 9.039819663e-23)
(-0.09947422481 0.06621477638 -3.589022025e-24)
(-0.1150189571 0.05201558603 -1.728515121e-24)
(-0.1277479049 0.03392306443 2.523169601e-24)
(-0.1368431556 0.01270267071 7.377725715e-24)
(-0.1414669979 -0.01058666955 -6.495520539e-24)
(-0.1408209521 -0.03445837894 -9.776556202e-24)
(-0.1342710506 -0.05692529882 -3.261684092e-23)
(-0.1215419191 -0.07553039987 -3.654307951e-23)
(-0.1029647055 -0.08753975292 5.631351111e-25)
(-0.07976175537 -0.09038943414 0)
(-0.05426551915 -0.08244293853 0)
(-0.02987089203 -0.06397584315 -2.904463078e-24)
(-0.01066259099 -0.03798717053 2.968876804e-24)
(-0.0007350688078 -0.01050074414 1.027827227e-22)
(-0.0004479087699 0.02687135655 0)
(-0.01134886744 0.06480483564 2.001893606e-22)
(-0.02801509542 0.08829254621 8.961814768e-23)
(-0.04799704931 0.1001195575 0)
(-0.06920387447 0.1027038613 1.569502848e-22)
(-0.09044102004 0.09781247848 0)
(-0.1107799804 0.08660845537 -1.428138664e-22)
(-0.1294058239 0.06983782307 6.514151719e-24)
(-0.1454733668 0.04808162221 0)
(-0.1580312632 0.02201785479 0)
(-0.1660094295 -0.00733318637 -1.374006094e-24)
(-0.168263362 -0.03838629018 -9.312704525e-25)
(-0.1637029157 -0.06883695736 1.491446203e-22)
(-0.1515176805 -0.09557947745 -4.704474193e-23)
(-0.1315107336 -0.1148263777 -2.559356901e-24)
(-0.1045574617 -0.1225669648 1.533144354e-24)
(-0.07309199594 -0.115548876 -1.557328615e-24)
(-0.04134935233 -0.09282900055 0)
(-0.01525197307 -0.05740646837 3.202934038e-24)
(-0.001044278484 -0.01714683845 -1.012684647e-21)
(-0.0003744719255 0.03346170715 0)
(-0.01174979126 0.07998603282 -1.127941864e-22)
(-0.02920638132 0.1086349321 -6.190313058e-22)
(-0.05031623849 0.123218891 -3.754856707e-22)
(-0.07296144094 0.1269053664 0)
(-0.09598738886 0.1219217831 4.118940332e-22)
(-0.1185247314 0.1096319102 1.260704447e-22)
(-0.1398117146 0.09078050364 -5.58097766e-24)
(-0.1590190163 0.06581306369 5.553354819e-24)
(-0.1751428469 0.0352090456 0)
(-0.1869527177 -0.0001954572571 2.911727971e-23)
(-0.1930140401 -0.03889529843 4.694900098e-24)
(-0.1917779051 -0.07843583862 -1.076518895e-22)
(-0.1817845822 -0.115182893 8.001447958e-23)
(-0.1620545071 -0.1442559652 -2.419139438e-22)
(-0.1327041015 -0.1598508737 0)
(-0.09577732929 -0.1563076825 0)
(-0.05601538681 -0.1302952963 0)
(-0.02147820681 -0.08380965476 0)
(-0.001500348437 -0.02665466565 5.570954481e-22)
(-0.0002874101299 0.04015932286 0)
(-0.01169346318 0.09543268136 -3.492590119e-22)
(-0.0292439836 0.1294028251 8.931871681e-22)
(-0.05060872828 0.1469250005 3.616743687e-22)
(-0.07369971917 0.1519701417 0)
(-0.0974500691 0.1472716819 -3.862070479e-22)
(-0.1211052655 0.1344159815 -3.174074361e-23)
(-0.144030558 0.1141371956 3.332774928e-22)
(-0.1655122746 0.08669908803 1.769299818e-22)
(-0.1846227387 0.05229141756 -4.05975905e-23)
(-0.2001304497 0.01141844545 1.656768922e-23)
(-0.2104601257 -0.03471196611 -8.264171172e-24)
(-0.2137187685 -0.08376251469 3.371485011e-22)
(-0.2078195261 -0.1318718465 0)
(-0.1908219422 -0.1732713832 2.420308171e-22)
(-0.1616318658 -0.2002549615 5.772911832e-24)
(-0.1211648931 -0.2040080377 -5.859003036e-24)
(-0.07384898372 -0.1772085923 1.547837325e-22)
(-0.02971745899 -0.1188620383 -5.43361413e-24)
(-0.002179504196 -0.04005327361 0)
(-0.0002117541723 0.04671491486 0)
(-0.01125004149 0.1105462745 0)
(-0.02815621333 0.1497307961 -5.022286162e-22)
(-0.04874463272 0.1701466494 -1.880837759e-23)
(-0.07100055025 0.1766208042 2.038199893e-23)
(-0.09399405443 0.172448391 -2.0141345e-23)
(-0.1171428643 0.1594837923 -2.316678061e-23)
(-0.140017331 0.1384783297 -3.029522093e-22)
(-0.1621322632 0.1095150856 6.698456597e-23)
(-0.1827953006 0.07245205376 4.512733022e-23)
(-0.2009829772 0.02735055567 -4.577264413e-23)
(-0.2152264478 -0.02508475379 0)
(-0.2235555953 -0.08298048561 -7.838013737e-23)
(-0.2234624952 -0.1427220519 0)
(-0.2120670965 -0.1981779211 -3.739179587e-22)
(-0.1867425183 -0.2400729364 5.244250971e-22)
(-0.1464429138 -0.2560729731 0)
(-0.09394495274 -0.2331171443 -1.493401979e-22)
(-0.04021962807 -0.1639587383 1.936938401e-22)
(-0.003201056745 -0.05860969551 -3.410920001e-22)
(-0.0002015868804 0.05297443179 0)
(-0.01067282304 0.124813795 9.182281521e-22)
(-0.02628483608 0.168737827 -2.440514593e-23)
(-0.04501156238 0.1916404535 9.192746358e-22)
(-0.06494653757 0.1992872429 -2.511907576e-23)
(-0.08536691646 0.1956062379 2.838638681e-23)
(-0.1059312774 0.1827854719 -2.812726615e-23)
(-0.1264932357 0.1616562882 -1.660800675e-23)
(-0.1469006225 0.1321753592 -5.259865831e-22)
(-0.1668468686 0.09389673061 -8.9060148e-24)
(-0.185731432 0.04640703491 9.659557845e-24)
(-0.2024793105 -0.01023573219 3.312892462e-22)
(-0.2154165099 -0.07499539903 -5.820357048e-22)
(-0.2220218004 -0.1450278306 0)
(-0.2188037171 -0.2146722699 8.886596173e-22)
(-0.2016258875 -0.2739975321 -4.940226027e-22)
(-0.1668637304 -0.3075769804 -1.572010619e-23)
(-0.1140216593 -0.2953772936 0)
(-0.05288454048 -0.2195773568 -1.889582381e-22)
(-0.004749146707 -0.0837716479 3.359988327e-22)
(-0.0003642529977 0.0590219213 1.550917772e-23)
(-0.01049610891 0.1379850036 -8.763636419e-22)
(-0.02441465549 0.1856760993 -1.156997089e-21)
(-0.04026836635 0.2101337175 -8.628431616e-22)
(-0.05630873189 0.2182303118 0)
(-0.07215027655 0.2146151052 3.513592988e-23)
(-0.0877941773 0.2018762485 -7.294429081e-23)
(-0.103458474 0.1809987514 5.867538792e-23)
(-0.1194007944 0.1518990711 3.021177577e-22)
(-0.1357957342 0.1139154711 -1.12813319e-23)
(-0.1526109194 0.06621556383 0)
(-0.1694548274 0.008179214717 -3.603725271e-22)
(-0.1852786216 -0.06015734974 7.515301693e-22)
(-0.1980471382 -0.1372718029 8.831315843e-22)
(-0.2043564761 -0.2189229909 -5.29626118e-22)
(-0.1990990472 -0.2959678219 5.162364146e-22)
(-0.1760612162 -0.3514035853 1.078038908e-23)
(-0.1300892367 -0.3584114725 -1.095350834e-23)
(-0.06688794015 -0.2843247315 -8.22093588e-23)
(-0.007083288829 -0.1169951834 0)
(-0.0009096370433 0.06539940801 -1.911390965e-23)
(-0.0116764255 0.1502789783 -1.326905753e-21)
(-0.02388991937 0.2000621963 1.094179157e-21)
(-0.03601508883 0.2244174767 6.734619383e-22)
(-0.04657529748 0.2316547391 6.014350905e-22)
(-0.05577304585 0.2272358899 6.643640501e-22)
(-0.0641154914 0.2141749266 -4.458453153e-23)
(-0.07227895489 0.1936479572 -3.461179717e-22)
(-0.08097330278 0.165602432 2.152068438e-22)
(-0.09087565044 0.1292713104 0)
(-0.1025585399 0.08353218394 0)
(-0.1163659731 0.02720202303 2.65530537e-22)
(-0.132162556 -0.04061780952 8.194512296e-23)
(-0.1489285328 -0.120010407 -2.821441164e-22)
(-0.1641312674 -0.2089275356 -5.411060107e-23)
(-0.1727899767 -0.3006965824 1.301976341e-22)
(-0.1670326105 -0.3793300484 -3.40021632e-22)
(-0.1365299758 -0.4136422352 -1.596444197e-23)
(-0.08018265791 -0.3538299891 8.209700882e-23)
(-0.01050761383 -0.1594117836 -6.032630846e-22)
(-0.002260557958 0.07348814132 0)
(-0.01580415709 0.1626501462 2.145783904e-21)
(-0.02665176579 0.2117874545 0)
(-0.03422549765 0.2333912375 -1.35175088e-21)
(-0.03759677871 0.2377732558 6.184234798e-23)
(-0.0380002273 0.231252427 -6.19279804e-22)
(-0.03668647405 0.2171877719 -4.756083614e-22)
(-0.03489449232 0.1968922999 8.300896938e-22)
(-0.03379270104 0.1703340426 -1.885615105e-22)
(-0.03450315071 0.1367227678 0)
(-0.03812007412 0.09479806554 0)
(-0.04565413491 0.04304463396 2.410709442e-23)
(-0.05791203434 -0.02013583077 -6.007006217e-22)
(-0.07514966224 -0.09620450286 -4.309425228e-22)
(-0.09645499605 -0.1855536814 4.63773993e-22)
(-0.1183489344 -0.2853548787 -6.488436817e-22)
(-0.1332735139 -0.3838366676 9.119242959e-23)
(-0.1265362638 -0.4504337717 2.94007311e-23)
(-0.08899194324 -0.4198515693 5.660638701e-22)
(-0.01526920202 -0.2111708262 6.0212627e-22)
(-0.005180950677 0.08598011051 0)
(-0.02525612212 0.1766278044 1.465594543e-22)
(-0.03483550094 0.2205939983 -4.916971648e-23)
(-0.03640241804 0.2354833058 7.642634502e-22)
(-0.0301879028 0.2343380151 -7.005095756e-22)
(-0.01916952875 0.2241580806 4.746295305e-23)
(-0.005619326778 0.2083509035 -1.018586194e-22)
(0.008565143104 0.1881232034 -3.389750286e-22)
(0.02179425343 0.1633910161 2.062751461e-22)
(0.03262326096 0.1333248777 0)
(0.03958020362 0.09664202215 0)
(0.04116601728 0.05174207338 -2.902585152e-22)
(0.03578102169 -0.003253762803 0)
(0.02197837599 -0.07058200355 -5.512072752e-22)
(-0.001267912093 -0.1525720985 -1.492128239e-23)
(-0.03310727959 -0.2505936951 2.559621481e-23)
(-0.06909441974 -0.3599329077 2.202927441e-22)
(-0.09227961975 -0.4575412393 4.789259555e-24)
(-0.08718144824 -0.4698115824 -5.789621764e-22)
(-0.02103132876 -0.2698963428 0)
(-0.01111634251 0.108597466 0)
(-0.04248952107 0.1947145467 -8.848211265e-22)
(-0.04795653356 0.2258182644 -5.410903753e-22)
(-0.03919743523 0.2282118149 4.543689813e-22)
(-0.01878117558 0.218230949 -1.710032718e-24)
(0.007660767878 0.2028203506 -4.560897176e-23)
(0.03667591631 0.1847607161 5.696471814e-22)
(0.06582569331 0.1647110887 -2.766794937e-23)
(0.09326693334 0.1423126876 -2.069709441e-22)
(0.1173848933 0.1166279182 3.142117731e-23)
(0.1365421441 0.08641230577 -3.425824474e-23)
(0.1489632333 0.05017784428 -3.690510522e-23)
(0.152524287 0.006160438611 3.205565712e-22)
(0.1449338365 -0.04796005041 6.119479832e-22)
(0.1235135064 -0.1153042472 -5.101061469e-22)
(0.08633329607 -0.2004187453 -1.615990481e-22)
(0.03198911123 -0.3067800253 1.531363903e-22)
(-0.02362250506 -0.4239830768 7.293746197e-23)
(-0.06492464863 -0.4871605538 1.913303011e-21)
(-0.02509978826 -0.3291539074 2.955004365e-21)
(-0.02004678626 0.1460729093 -4.390129843e-23)
(-0.06416429298 0.2112954797 4.417302144e-23)
(-0.05070304646 0.2177294849 1.000165984e-21)
(-0.01934236327 0.2014670522 -8.269024233e-24)
(0.0241425673 0.1809064916 0)
(0.07153850178 0.1606922451 4.363576918e-23)
(0.1190671383 0.1416486786 -2.273772755e-22)
(0.1644732269 0.1233176365 -9.027632319e-23)
(0.2062214965 0.1048115693 3.680605211e-23)
(0.2429607595 0.08507161297 -1.701604804e-23)
(0.273217447 0.06296199655 3.429877673e-23)
(0.2952506587 0.0372636637 -6.592519855e-23)
(0.3066945362 0.006535881348 -9.303719435e-23)
(0.3049716643 -0.03087691683 1.517010571e-22)
(0.2863918619 -0.07786225921 0)
(0.2470554038 -0.1399295873 1.505536395e-22)
(0.1810910865 -0.2266297705 2.560016415e-22)
(0.09604365303 -0.3443892435 0)
(-0.006698050261 -0.4552207538 -3.675652817e-21)
(-0.01922415308 -0.3777535108 -2.892633372e-21)
(-0.02591946124 0.2276830571 -9.5141547e-22)
(-0.03998316269 0.2238217748 -1.38895655e-22)
(0.03656127949 0.1810584293 -2.335525226e-22)
(0.1090498415 0.1451055715 -1.193712254e-22)
(0.1817181635 0.117244063 -4.295715578e-23)
(0.249007595 0.09627856107 9.78281739e-23)
(0.310031737 0.08002466402 -1.40853781e-22)
(0.3646186716 0.06656785855 1.297128204e-22)
(0.4126228174 0.05449167984 -8.61981974e-23)
(0.4536225973 0.04270902774 1.132184871e-25)
(0.48678559 0.03032322045 1.527700537e-23)
(0.5107431209 0.01652936125 7.997006156e-23)
(0.5236580826 0.0005368789759 -1.811083137e-22)
(0.5231785337 -0.01863337772 -1.617112613e-22)
(0.5052314104 -0.04286450313 -4.262765666e-23)
(0.4658708525 -0.07633213197 0)
(0.3952691749 -0.1286088819 -1.846508916e-22)
(0.2916067471 -0.2208467935 8.148794163e-22)
(0.1197452939 -0.3525016752 1.631606754e-21)
(0.0267054178 -0.3775497655 2.172658417e-21)
(0.2142895016 0.1347447737 9.864934187e-22)
(0.2776312882 0.09870510452 0)
(0.4316594184 0.05810418115 -2.594273283e-22)
(0.5304750138 0.03846263842 -1.741624275e-22)
(0.601696433 0.02623414779 0)
(0.6571194806 0.01831917997 -6.008862757e-23)
(0.7015206871 0.01313596158 6.377739142e-23)
(0.7376033835 0.00954210071 -1.800080618e-23)
(0.7669358744 0.006804466927 2.885857901e-23)
(0.7902097035 0.004464776104 2.3149506e-23)
(0.8074546316 0.002221374955 0)
(0.8182614298 -0.0001500057538 -2.87295558e-23)
(0.8216494691 -0.002723775606 0)
(0.816239128 -0.00571261384 2.738046225e-23)
(0.7991331905 -0.009611350553 1.421612492e-23)
(0.7679986217 -0.01500254239 -5.799474915e-23)
(0.7106556056 -0.02502521384 -2.535679181e-22)
(0.6235184173 -0.04204287091 -6.918125783e-22)
(0.4230090998 -0.09182969827 0)
(0.2705674637 -0.152402192 -2.119486221e-21)
)


// ************************************************************************* //
