/*--------------------------------*- C++ -*----------------------------------*\
  =========                 |
  \\      /  F ield         | OpenFOAM: The Open Source CFD Toolbox
   \\    /   O peration     | Website:  https://openfoam.org
    \\  /    A nd           | Version:  13
     \\/     M anipulation  |
\*---------------------------------------------------------------------------*/
FoamFile
{
    format      ascii;
    class       vectorField;
    location    "49.31";
    object      U_all;
}
// * * * * * * * * * * * * * * * * * * * * * * * * * * * * * * * * * * * * * //


400
(
(1.100875238e-05 -3.782986479e-05 0)
(-0.0006660921539 0.000413043368 -1.551458842e-23)
(-0.002185373422 0.0009203944875 0)
(-0.004047831731 0.001312781461 0)
(-0.005971867057 0.001535064945 6.845923333e-25)
(-0.007762782815 0.001569845953 4.150961968e-24)
(-0.009284546536 0.001423562351 -7.374433549e-24)
(-0.0104359441 0.001119724264 7.529675693e-24)
(-0.01113681679 0.0006960857343 -2.095323247e-25)
(-0.01132711213 0.0002030812297 -3.994551206e-24)
(-0.01097177133 -0.000300231493 5.803515763e-24)
(-0.01007232568 -0.0007475165281 -5.929486265e-23)
(-0.008679878376 -0.001075564398 -6.552610436e-23)
(-0.006902852768 -0.001233046242 -7.784203349e-23)
(-0.00491073906 -0.001192639545 4.573523356e-24)
(-0.002927232829 -0.0009619206157 -4.13786902e-24)
(-0.001205298848 -0.0005912116717 -1.998715185e-22)
(-1.906691055e-05 -0.0001698833088 0)
(0.0005181556306 0.000172084796 1.509386046e-25)
(0.0002227519834 0.0003059785956 -2.550052034e-24)
(-0.0002633612167 0.0008289725405 1.382849026e-25)
(-0.002703302861 0.003383842988 1.561258665e-23)
(-0.006907275612 0.00560450289 1.555603211e-25)
(-0.01195232045 0.007008209567 -8.49613486e-25)
(-0.01713504552 0.007553777161 1.16224352e-24)
(-0.02197535425 0.007294199121 1.306998656e-23)
(-0.02611075952 0.006321892699 1.387376175e-24)
(-0.02926564652 0.004754192422 -7.281428256e-24)
(-0.03122673132 0.002737152969 1.015221869e-23)
(-0.03184201292 0.0004524083597 4.509880109e-24)
(-0.03102761762 -0.001884142378 -6.31877947e-24)
(-0.02879316794 -0.004023028405 2.961715515e-24)
(-0.0252713836 -0.005708354918 3.895490518e-23)
(-0.02073194818 -0.006707410912 -1.954740565e-24)
(-0.01558962627 -0.006854141782 3.754422242e-24)
(-0.01038513456 -0.006097465983 -9.74079228e-23)
(-0.005730272406 -0.004546188458 9.637463764e-23)
(-0.002233366119 -0.002507421249 -3.960866781e-25)
(-0.0001817733068 -0.0005023742554 4.060760563e-25)
(8.34366842e-05 0.00060992467 0)
(-0.0004188231337 0.002935081114 -2.910285094e-25)
(-0.004647873384 0.008804015813 1.70189946e-23)
(-0.01137195866 0.01324042444 -8.285197728e-24)
(-0.01932729095 0.01579204292 -2.075712011e-25)
(-0.02747411892 0.0165300038 2.039170331e-25)
(-0.03511779084 0.01564442019 6.790964527e-27)
(-0.04171344993 0.0133599774 -1.219888494e-24)
(-0.04683571765 0.009919769756 -4.550939978e-25)
(-0.05014988916 0.005602430447 -1.063039328e-23)
(-0.05141231954 0.0007444178749 0)
(-0.05047793382 -0.004241781422 0)
(-0.04733706447 -0.008887186521 2.670969175e-23)
(-0.04215928096 -0.01268176856 2.812981773e-23)
(-0.03531437592 -0.01513605172 -1.646138696e-24)
(-0.02738996393 -0.01586189679 4.845787404e-23)
(-0.01917005976 -0.01467334367 9.419101264e-23)
(-0.01156090737 -0.01169360582 3.975551118e-23)
(-0.005465410746 -0.00745074459 4.141342058e-25)
(-0.001451097663 -0.002936044463 1.074049768e-25)
(-9.072607606e-05 0.0002258757619 0)
(-0.0005024636817 0.006045352098 -4.248719737e-23)
(-0.006402740317 0.01637075832 -1.692123564e-23)
(-0.01553502372 0.02355933704 8.212042015e-24)
(-0.02627911974 0.02744162666 0)
(-0.0372874679 0.02832102309 0)
(-0.04769037691 0.02658772817 0)
(-0.0567966337 0.0226312068 -4.464658577e-26)
(-0.06405384386 0.01683609524 -2.137120517e-24)
(-0.06901081792 0.009622184025 0)
(-0.07130828032 0.001491048564 1.63533961e-24)
(-0.07070853584 -0.006936505867 2.802699465e-25)
(-0.06713039522 -0.01493019022 -2.810546959e-25)
(-0.0606990582 -0.02166728284 0)
(-0.05180750833 -0.02631605853 4.133191051e-23)
(-0.04114991966 -0.02816070979 -4.681502598e-23)
(-0.02971970398 -0.0267737234 -2.761870692e-23)
(-0.01873716685 -0.02221530589 -3.960694461e-23)
(-0.009488027179 -0.01521922206 7.795931069e-25)
(-0.002976878577 -0.007298194897 9.79051088e-23)
(-0.0002318790209 -0.0008661687455 0)
(-0.0005316136209 0.01009501702 4.269379842e-23)
(-0.007983593818 0.02595219951 4.785552132e-25)
(-0.01939687609 0.03642883242 -4.676251685e-25)
(-0.03282382525 0.04185520987 0)
(-0.04664689056 0.04289485381 7.783108475e-25)
(-0.05985229802 0.04020074162 -7.675192847e-25)
(-0.07163291669 0.03434741851 3.672341535e-23)
(-0.08132751665 0.02585664302 1.848264476e-23)
(-0.08836601498 0.01527298512 6.23899536e-24)
(-0.0922546985 0.003246147764 -1.637244803e-24)
(-0.09260379961 -0.009407833136 0)
(-0.08917555618 -0.02167478186 4.370489443e-25)
(-0.08195979403 -0.03236745244 1.00896711e-23)
(-0.07126885693 -0.04021250288 -4.349217884e-23)
(-0.05782019118 -0.04402046425 1.932852676e-24)
(-0.04278583188 -0.04294829392 4.217133009e-23)
(-0.02775450389 -0.03683346917 -3.841560901e-25)
(-0.0145506225 -0.02652720946 0)
(-0.004859461579 -0.0140845449 5.436538414e-23)
(-0.0003641479784 -0.002846953656 -2.565092473e-22)
(-0.0005272206602 0.01499927688 9.841649125e-23)
(-0.009377925286 0.03739022516 -4.907871545e-25)
(-0.02288182931 0.05170223452 0)
(-0.03883043729 0.05894183612 0)
(-0.05538656969 0.06025575006 -8.732173574e-23)
(-0.07142876869 0.05661901294 -8.499138752e-23)
(-0.08606654411 0.04880168902 -4.067601613e-23)
(-0.09855086366 0.0374398061 -1.504394272e-23)
(-0.1081945355 0.02315984047 -5.369018757e-24)
(-0.114344477 0.006709679781 -8.175050035e-24)
(-0.116404624 -0.01093292173 6.601188863e-24)
(-0.1138937423 -0.0284894515 8.826836964e-24)
(-0.1065486999 -0.04437046426 -1.892318868e-23)
(-0.09446804276 -0.05675333936 4.608346773e-24)
(-0.07826857163 -0.06378298779 0)
(-0.05922895657 -0.06393495458 -1.572809225e-23)
(-0.03933982009 -0.05653816268 -2.431036056e-26)
(-0.02114188824 -0.04235809103 0)
(-0.007318702591 -0.02398229419 -1.520661493e-22)
(-0.0005216163813 -0.005925545045 6.056299234e-22)
(-0.0004990814537 0.02064574603 -9.774599809e-23)
(-0.01052950926 0.05045438255 2.831995867e-22)
(-0.02582957512 0.06912511983 1.526867317e-22)
(-0.04402138491 0.07849258344 3.619301661e-24)
(-0.06310739429 0.08029476888 -7.31936193e-23)
(-0.08190405361 0.07588043311 9.043598137e-23)
(-0.09947763968 0.06621690948 -3.590233289e-24)
(-0.1150227408 0.05201695179 -1.72917936e-24)
(-0.1277519213 0.03392358511 2.524174346e-24)
(-0.1368472633 0.01270233153 7.382680741e-24)
(-0.1414710549 -0.01058782411 -6.500932115e-24)
(-0.1408248203 -0.03446024516 -9.788273795e-24)
(-0.1342745988 -0.05692771923 -3.261728504e-23)
(-0.1215450261 -0.07553316467 -3.661600539e-23)
(-0.102967268 -0.08754260788 5.646180247e-25)
(-0.07976370111 -0.09039209821 0)
(-0.05426682623 -0.08244513834 0)
(-0.02987161013 -0.06397736917 -2.906087722e-24)
(-0.01066285174 -0.03798794762 2.970537463e-24)
(-0.0007350936945 -0.01050089503 1.027873123e-22)
(-0.0004479164865 0.02687251322 0)
(-0.01134923247 0.06480757737 2.001982411e-22)
(-0.02801599694 0.08829617491 8.96204893e-23)
(-0.04799857428 0.1001234978 0)
(-0.06920602171 0.1027076592 1.569891158e-22)
(-0.09044373466 0.09781579042 0)
(-0.1107831716 0.08661103405 -1.428393238e-22)
(-0.1294093805 0.06983950616 6.51558524e-24)
(-0.1454771679 0.04808232317 0)
(-0.1580351853 0.02201755561 0)
(-0.1660133489 -0.007334440973 -1.37441678e-24)
(-0.1682671586 -0.03838839944 -9.316839108e-25)
(-0.1637064724 -0.06883976143 1.491988152e-22)
(-0.1515208789 -0.09558276086 -4.704627122e-23)
(-0.1315134581 -0.1148298692 -2.560998688e-24)
(-0.1045596098 -0.1225703441 1.534755599e-24)
(-0.07309350057 -0.115551799 -1.558965266e-24)
(-0.04135021589 -0.09283115751 0)
(-0.0152523032 -0.05740767747 3.203826e-24)
(-0.00104430913 -0.01714714512 -1.01291769e-21)
(-0.0003744669988 0.03346304672 0)
(-0.01175006144 0.07998919068 -1.128298015e-22)
(-0.02920707973 0.1086390979 -6.191166389e-22)
(-0.05031745068 0.1232234026 -3.75531523e-22)
(-0.07296317529 0.1269097069 0)
(-0.09598960373 0.1219255676 4.119466325e-22)
(-0.1185273514 0.1096348678 1.260929322e-22)
(-0.1398146463 0.09078246159 -5.581849356e-24)
(-0.15902216 0.06581393349 5.5542222e-24)
(-0.1751461051 0.03520881153 0)
(-0.1869560026 -0.0001967479554 2.912135728e-23)
(-0.1930172683 -0.0388975454 4.69585204e-24)
(-0.1917809945 -0.07843888828 -1.076813147e-22)
(-0.1817874466 -0.1151865414 8.004254701e-23)
(-0.1620570463 -0.1442599504 -2.41975518e-22)
(-0.1327062025 -0.1598548668 0)
(-0.09577888334 -0.1563112921 0)
(-0.05601633157 -0.130298111 0)
(-0.02147859172 -0.08381135267 0)
(-0.001500384612 -0.02665516348 5.572134629e-22)
(-0.0002873901929 0.04016077813 0)
(-0.01169359675 0.09543611845 -3.493025057e-22)
(-0.02924438355 0.1294073669 8.932817528e-22)
(-0.05060947316 0.1469299209 3.617187273e-22)
(-0.07370082652 0.151974871 0)
(-0.09745151166 0.1472757995 -3.862563552e-22)
(-0.121106985 0.1344191979 -3.17443631e-23)
(-0.1440324811 0.1141393344 3.333110251e-22)
(-0.165514327 0.08670006811 1.769477322e-22)
(-0.1846248558 0.05229123606 -4.060157213e-23)
(-0.2001325843 0.01141716194 1.65682203e-23)
(-0.2104622468 -0.03471424266 -8.26526171e-24)
(-0.2137208549 -0.0837656384 3.371862982e-22)
(-0.2078215516 -0.131875638 0)
(-0.1908238552 -0.1732756174 2.42092421e-22)
(-0.1616335752 -0.2002593433 5.774804984e-24)
(-0.1211662702 -0.2040121744 -5.860924408e-24)
(-0.07384989866 -0.1772119985 1.548457405e-22)
(-0.02971786848 -0.1188642345 -5.435489422e-24)
(-0.002179545114 -0.04005398801 0)
(-0.0002117197282 0.04671640087 0)
(-0.01125001085 0.1105498153 0)
(-0.02815624491 0.1497355041 -5.022765892e-22)
(-0.04874479303 0.1701517645 -1.881000742e-23)
(-0.07100086582 0.1766257186 2.03838148e-23)
(-0.09399451424 0.1724526545 -2.014313944e-23)
(-0.1171434297 0.1594871015 -2.316886727e-23)
(-0.1400179508 0.1384805104 -3.029828324e-22)
(-0.1621328901 0.1095160731 6.698614849e-23)
(-0.1827959049 0.07245187079 4.513183787e-23)
(-0.2009835567 0.02734928898 -4.577726297e-23)
(-0.215227027 -0.02508697786 0)
(-0.2235562216 -0.08298351477 -7.839704079e-23)
(-0.22346322 -0.1427257352 0)
(-0.2120679436 -0.1981820909 -3.739567503e-22)
(-0.1867434555 -0.2400773729 5.244964308e-22)
(-0.1464438311 -0.2560773447 0)
(-0.09394567777 -0.2331209535 -1.494003204e-22)
(-0.04022001011 -0.1639613681 1.937560127e-22)
(-0.003201100252 -0.05861063214 -3.411539657e-22)
(-0.0002015407753 0.0529758524 0)
(-0.01067261877 0.1248172414 9.182880944e-22)
(-0.02628446683 0.1687424616 -2.440688629e-23)
(-0.04501107775 0.1916455178 9.193349223e-22)
(-0.064945974 0.199292109 -2.512089452e-23)
(-0.08536628399 0.1956104349 2.83884757e-23)
(-0.1059305636 0.1827886867 -2.812933599e-23)
(-0.1264924179 0.1616583525 -1.660919754e-23)
(-0.1468996841 0.132176231 -5.260234493e-22)
(-0.1668458153 0.09389646695 -8.906637256e-24)
(-0.185730302 0.04640576323 9.660204462e-24)
(-0.2024781681 -0.01023784769 3.313080367e-22)
(-0.2154154608 -0.07499820421 -5.820745276e-22)
(-0.2220209711 -0.1450311855 0)
(-0.21880321 -0.2146760641 8.887334104e-22)
(-0.2016257524 -0.2740016452 -4.940896332e-22)
(-0.1668639195 -0.3075811989 -1.572226297e-23)
(-0.1140220097 -0.2953811942 0)
(-0.05288482037 -0.2195802601 -1.890193664e-22)
(-0.004749188179 -0.08377278033 3.360597265e-22)
(-0.0003641987084 0.05902317926 1.551012132e-23)
(-0.01049573984 0.1379881528 -8.764208069e-22)
(-0.02441389543 0.1856804134 -1.157060303e-21)
(-0.04026724365 0.2101384786 -8.628997502e-22)
(-0.05630729458 0.2182348945 0)
(-0.07214856334 0.2146190298 3.513808939e-23)
(-0.08779221379 0.2018791977 -7.294873914e-23)
(-0.1034562768 0.1810005624 5.867890271e-23)
(-0.1193983852 0.1518997249 3.02136972e-22)
(-0.1357931528 0.1139150571 -1.128196718e-23)
(-0.1526082304 0.06621424932 0)
(-0.1694521361 0.008177202916 -3.60393269e-22)
(-0.1852760586 -0.06015987781 7.515673934e-22)
(-0.1980448508 -0.1372747024 8.831710472e-22)
(-0.2043546257 -0.2189261904 -5.296632808e-22)
(-0.1990977609 -0.2959712934 5.162695224e-22)
(-0.176060533 -0.3514072614 1.07823605e-23)
(-0.1300890633 -0.358415081 -1.095551141e-23)
(-0.06688803325 -0.2843276532 -8.215232746e-23)
(-0.007083319985 -0.1169964426 0)
(-0.0009095779616 0.06540041671 -1.911488738e-23)
(-0.01167591779 0.1502816435 -1.326966769e-21)
(-0.02388882074 0.2000659589 1.094238621e-21)
(-0.03601340328 0.2244216999 6.734935942e-22)
(-0.04657308548 0.2316588276 6.014636908e-22)
(-0.05577038226 0.2272393723 6.643962482e-22)
(-0.0641124542 0.2141774895 -4.458681246e-23)
(-0.07227561288 0.1936494391 -3.461339696e-22)
(-0.08096972587 0.1656028318 2.152163919e-22)
(-0.09087191969 0.1292707349 0)
(-0.102554742 0.0835308237 0)
(-0.1163622127 0.02720010598 2.655398414e-22)
(-0.1321589534 -0.04062006146 8.194326143e-23)
(-0.1489252296 -0.1200128321 -2.821626033e-22)
(-0.1641284264 -0.2089300702 -5.411275288e-23)
(-0.1727877607 -0.300699252 1.301952243e-22)
(-0.1670311298 -0.3793329118 -3.40051004e-22)
(-0.1365292437 -0.4136451987 -1.593801098e-23)
(-0.08018250146 -0.3538326219 8.20400554e-23)
(-0.01050762298 -0.1594130576 -6.032152524e-22)
(-0.002260498716 0.07348883576 0)
(-0.0158035571 0.162652179 2.145876398e-21)
(-0.02665042591 0.2117904763 0)
(-0.03422339526 0.2333947301 -1.351809019e-21)
(-0.0375939833 0.2377766855 6.184055265e-23)
(-0.03799685021 0.2312553546 -6.193099767e-22)
(-0.03668265625 0.2171899025 -4.756287598e-22)
(-0.03489036026 0.1968934497 8.301260505e-22)
(-0.03378837577 0.170334238 -1.88569934e-22)
(-0.03449876105 0.1367221067 0)
(-0.03811572399 0.09479673496 0)
(-0.04564992149 0.04304286446 2.410615322e-23)
(-0.05790804061 -0.02013781359 -6.007201769e-22)
(-0.07514598349 -0.09620650321 -4.309569467e-22)
(-0.09645174835 -0.1855556182 4.637865135e-22)
(-0.1183462605 -0.285356778 -6.488740722e-22)
(-0.1332715375 -0.3838386543 9.119950154e-23)
(-0.1265350984 -0.4504358724 2.937283612e-23)
(-0.08899154077 -0.4198536386 5.660441066e-22)
(-0.01526917933 -0.2111719737 6.02078528e-22)
(-0.005180899678 0.08598045948 0)
(-0.02525550737 0.1766291199 1.46557945e-22)
(-0.03483407988 0.2205961571 -4.917147858e-23)
(-0.03640013807 0.235485937 7.642935971e-22)
(-0.03018482916 0.2343406774 -7.005382905e-22)
(-0.01916579245 0.22416039 4.746483824e-23)
(-0.00561514785 0.2083525856 -1.018610351e-22)
(0.008569610677 0.1881241092 -3.389890618e-22)
(0.02179886498 0.1633911268 2.062823778e-22)
(0.032627818 0.1333242725 0)
(0.03958458872 0.09664086085 0)
(0.04117013547 0.05174056331 -2.902668982e-22)
(0.03578484083 -0.003255398918 0)
(0.02198184913 -0.07058360938 -5.512189465e-22)
(-0.001264844058 -0.1525735515 -1.49237769e-23)
(-0.03310469716 -0.2505949853 2.559743341e-23)
(-0.06909235691 -0.3599341522 2.20314652e-22)
(-0.09227826923 -0.4575424532 4.788065783e-24)
(-0.08718089893 -0.4698129421 -5.789409316e-22)
(-0.02103127146 -0.26989723 0)
(-0.01111631555 0.1085974967 0)
(-0.04248901857 0.1947151672 -8.848484184e-22)
(-0.04795528907 0.2258195517 -5.411042573e-22)
(-0.03919535898 0.2282135568 4.543819468e-22)
(-0.0187783021 0.2182328149 -1.709983819e-24)
(0.007664315089 0.2028220369 -4.561052586e-23)
(0.03667993555 0.1847619781 5.696685399e-22)
(0.06582998788 0.1647118225 -2.76689183e-23)
(0.09327131133 0.1423128184 -2.069782665e-22)
(0.1173891633 0.1166274941 3.142214926e-23)
(0.1365461712 0.08641143878 -3.425918587e-23)
(0.148966929 0.05017668991 -3.690595568e-23)
(0.15252758 0.006159166389 3.205634845e-22)
(0.1449367047 -0.04796127084 6.119608908e-22)
(0.1235159804 -0.1153052914 -5.101174212e-22)
(0.08633533534 -0.2004195653 -1.616060284e-22)
(0.03199089373 -0.3067806594 1.53130602e-22)
(-0.02362123099 -0.4239837148 7.293650798e-23)
(-0.0649241303 -0.4871612792 1.913291373e-21)
(-0.025099717 -0.3291544746 2.954991191e-21)
(-0.02004680477 0.1460727391 -4.390209205e-23)
(-0.06416406205 0.2112955842 4.417381965e-23)
(-0.05070230509 0.2177300481 1.000189075e-21)
(-0.01934097307 0.2014679991 -8.270562224e-24)
(0.02414465 0.1809076191 0)
(0.07154122149 0.1606933362 4.363725209e-23)
(0.1190703417 0.1416495509 -2.273853396e-22)
(0.1644767346 0.1233181837 -9.027963105e-23)
(0.2062251175 0.1048117307 3.680736834e-23)
(0.242964304 0.08507140176 -1.701655695e-23)
(0.2732207597 0.06296147727 3.429971897e-23)
(0.2952536125 0.03726293836 -6.592684264e-23)
(0.3066971075 0.006535068026 -9.303908895e-23)
(0.3049738326 -0.03087770077 1.517045014e-22)
(0.286393626 -0.07786291004 0)
(0.2470568093 -0.1399300372 1.505613546e-22)
(0.1810922242 -0.2266299754 2.560013739e-22)
(0.09604450293 -0.3443894949 0)
(-0.006697615647 -0.455221022 -3.675634431e-21)
(-0.01922408198 -0.3777537589 -2.892620673e-21)
(-0.02591951355 0.2276828791 -9.514205468e-22)
(-0.03998324536 0.2238216517 -1.388976901e-22)
(0.03656137032 0.1810585356 -2.335583192e-22)
(0.109050305 0.1451059094 -1.193742795e-22)
(0.18171912 0.1172445503 -4.295829438e-23)
(0.2490090741 0.09627907742 9.783191773e-23)
(0.3100336712 0.08002510547 -1.40859358e-22)
(0.3646209344 0.06656815467 1.297176299e-22)
(0.4126252507 0.05449179004 -8.620126306e-23)
(0.4536250314 0.04270895008 1.132188942e-25)
(0.4867878738 0.03032298466 1.527742584e-23)
(0.5107451379 0.01652901872 7.997209087e-23)
(0.5236597469 0.0005365142788 -1.811124819e-22)
(0.5231798024 -0.01863373272 -1.617147151e-22)
(0.5052323429 -0.04286478983 -4.262959789e-23)
(0.4658715088 -0.07633231206 0)
(0.3952696503 -0.1286089385 -1.846476383e-22)
(0.2916071051 -0.2208468099 8.148762389e-22)
(0.1197455108 -0.3525016903 1.631601418e-21)
(0.02670547264 -0.377549798 2.172655831e-21)
(0.2142894469 0.1347447205 9.864990543e-22)
(0.277631119 0.09870503555 0)
(0.4316592299 0.05810414791 -2.594322154e-22)
(0.5304749352 0.0384626495 -1.741667919e-22)
(0.6016965757 0.02623419133 0)
(0.6571198965 0.01831923505 -6.009098921e-23)
(0.7015213609 0.01313600883 6.378008436e-23)
(0.7376042507 0.009542126694 -1.800158236e-23)
(0.7669368423 0.006804463886 2.885976707e-23)
(0.7902106691 0.004464744069 2.31503484e-23)
(0.8074555016 0.00222131991 0)
(0.818262136 -0.0001500750076 -2.873034547e-23)
(0.8216499719 -0.002723848363 0)
(0.8162394199 -0.005712668735 2.738153751e-23)
(0.799133315 -0.009611382894 1.421694517e-23)
(0.7679986346 -0.01500255109 -5.799401158e-23)
(0.7106555756 -0.02502519954 -2.535660334e-22)
(0.6235183981 -0.04204285407 -6.918100946e-22)
(0.4230091021 -0.0918296808 0)
(0.2705674689 -0.1524021841 -2.119483697e-21)
)


// ************************************************************************* //
