/*--------------------------------*- C++ -*----------------------------------*\
  =========                 |
  \\      /  F ield         | OpenFOAM: The Open Source CFD Toolbox
   \\    /   O peration     | Website:  https://openfoam.org
    \\  /    A nd           | Version:  13
     \\/     M anipulation  |
\*---------------------------------------------------------------------------*/
FoamFile
{
    format      ascii;
    class       scalarField;
    location    "21.15";
    object      p_all;
}
// * * * * * * * * * * * * * * * * * * * * * * * * * * * * * * * * * * * * * //


400
(
1.501522847e-06
-0.0005455695089
-0.0008874431949
-0.001014764188
-0.0009357692002
-0.0006828074494
-0.0002934353437
0.0001963673889
0.0007500766786
0.001327206368
0.001882124026
0.002361995307
0.002711445975
0.002877389669
0.002818288418
0.002516135547
0.001991379029
0.001301145744
0.0006424140258
4.664560363e-05
0.0005896635023
8.586356778e-06
-0.0003549747252
-0.0004971399943
-0.0004663317513
-0.000289124002
5.100527266e-06
0.0003870613943
0.0008253588314
0.001282729359
0.001719325737
0.002083998694
0.002326392215
0.002399158128
0.002268427872
0.001925412417
0.001396832691
0.0007477191133
0.0001502575172
-0.0005123175193
0.0009537285036
0.0003095692458
-9.149105007e-05
-0.0002376573897
-0.0002313645809
-0.000102685318
0.0001243293557
0.0004283827947
0.0007857495016
0.001164455301
0.001532620874
0.00183619879
0.002025243139
0.002051041803
0.001878466274
0.001497691356
0.0009326733161
0.0002399448174
-0.0004583442576
-0.00129515051
0.0009773319138
0.0002594323591
-0.0001906004183
-0.0003427191161
-0.0003517873411
-0.0002545872781
-7.176664514e-05
0.0001840619137
0.000499342792
0.0008538218857
0.001206383142
0.001514049576
0.001716047243
0.001751857134
0.001572620284
0.001154949369
0.0005106504025
-0.0003135618635
-0.001228669405
-0.002379199667
0.0004817288747
-0.0002834909968
-0.0007621640697
-0.0009136648446
-0.000934457755
-0.0008657615866
-0.0007225580228
-0.0005053255229
-0.0002138050824
0.0001427399785
0.0005338893171
0.0009113743387
0.001203987002
0.001330856817
0.001215585816
0.000804987992
8.501185549e-05
-0.0009122956622
-0.002122001352
-0.003650167958
-0.0006848299577
-0.00146537189
-0.001954189474
-0.002105011471
-0.002147497486
-0.002123798028
-0.002039030054
-0.001876018357
-0.001613550525
-0.001241227875
-0.0007745900284
-0.0002581665099
0.0002254394496
0.0005664203033
0.0006428908155
0.0003467453495
-0.0003875938386
-0.001558349066
-0.003128807752
-0.005135634573
-0.002659745834
-0.003421258097
-0.00391290158
-0.00407800967
-0.004175001774
-0.004243594595
-0.004274103341
-0.004224534812
-0.004042467887
-0.003684150025
-0.003135054276
-0.002420927704
-0.001627647237
-0.0008975954105
-0.0004190125495
-0.0003928628764
-0.0009823067326
-0.002254426546
-0.004226248185
-0.006821359776
-0.005552134638
-0.006266917686
-0.006764989762
-0.006978615564
-0.007191522296
-0.007438814864
-0.007691852512
-0.007876248067
-0.007895607644
-0.007653574829
-0.007080024259
-0.006152064513
-0.004936396106
-0.003597720744
-0.002407042682
-0.001707841871
-0.001836624379
-0.003008350664
-0.005361489541
-0.008654799697
-0.009431328682
-0.01007759445
-0.01059425171
-0.0109061101
-0.01132090704
-0.01187001143
-0.0125045243
-0.01311204211
-0.01353943195
-0.0136143956
-0.01317313506
-0.0121116977
-0.01041879126
-0.008247737318
-0.005948051344
-0.004054167577
-0.00318282944
-0.00383586985
-0.006419085053
-0.01048382392
-0.01431192417
-0.01487093314
-0.01541771337
-0.0158765134
-0.01658362865
-0.01757280738
-0.01877859401
-0.02004966206
-0.02116721086
-0.02186254118
-0.02184588064
-0.0208606653
-0.01876058404
-0.01560934324
-0.01178513043
-0.008028281715
-0.005351611723
-0.004752336997
-0.00717338976
-0.01197113029
-0.0201482244
-0.02059857407
-0.02116856933
-0.02179007765
-0.0228446216
-0.02438179907
-0.02632942901
-0.02850257224
-0.03061542437
-0.03229054689
-0.03308184377
-0.03252723145
-0.03026934705
-0.02616625136
-0.02051344082
-0.01419361932
-0.008682336245
-0.005718232219
-0.00721121267
-0.01245822677
-0.02684913719
-0.0271551352
-0.02769543075
-0.02841533679
-0.02978067772
-0.03187947708
-0.03464795688
-0.03787740481
-0.04122053973
-0.04419083965
-0.04617351266
-0.04646425672
-0.04444896749
-0.03964671043
-0.03210876251
-0.02268772112
-0.01325679366
-0.006477229149
-0.005800563457
-0.01075732497
-0.0343266025
-0.03441036346
-0.03478167758
-0.03539632488
-0.03688280197
-0.0393998162
-0.04290856772
-0.04718493876
-0.05182626223
-0.05624387101
-0.05966498176
-0.06117633513
-0.05976564339
-0.05464281753
-0.04542918419
-0.03268898796
-0.01844355193
-0.006237440962
-0.001666309974
-0.004866427626
-0.04260118873
-0.04227119395
-0.04218755219
-0.04228762327
-0.04350467847
-0.04610631217
-0.05008828399
-0.0552078915
-0.0610016614
-0.06678229884
-0.07162628338
-0.07439970886
-0.0738201835
-0.06866361195
-0.05806180897
-0.04205270889
-0.02243185071
-0.003249846916
0.007353666334
0.008347374393
-0.05200157349
-0.05075272355
-0.04966985965
-0.04857095815
-0.04891837049
-0.05111089644
-0.0551624049
-0.06078468152
-0.06742316797
-0.07427726517
-0.08027046872
-0.08406478516
-0.08412048331
-0.07882875273
-0.06683530493
-0.04751687708
-0.02212160465
0.005507160174
0.02472027678
0.03353164616
-0.06364752978
-0.06018140535
-0.0570900603
-0.05375735409
-0.0524582599
-0.05367216339
-0.05735574989
-0.06312818553
-0.07025171523
-0.07778998359
-0.08448217055
-0.08877651356
-0.08889053663
-0.08283338103
-0.06884599236
-0.04561705003
-0.01374846306
0.02441985194
0.05554242549
0.07735828243
-0.08017893539
-0.07106815892
-0.06411517849
-0.05715996143
-0.05342599928
-0.05320932352
-0.05625191735
-0.0619057923
-0.06925007718
-0.07710785607
-0.08400363694
-0.08814428221
-0.08747426855
-0.07965211686
-0.06247677037
-0.03404904321
0.00556486271
0.05859575824
0.1058240177
0.1480685799
-0.1105015945
-0.08584959016
-0.0716025566
-0.05896822941
-0.05191058196
-0.04987941348
-0.05209790557
-0.05750274066
-0.06485260643
-0.07270118763
-0.07933307784
-0.08270759048
-0.080515272
-0.0698839269
-0.04823083253
-0.0127223129
0.0382355565
0.1071316479
0.1779781936
0.2564759389
-0.16843302
-0.09990484163
-0.0750060871
-0.05479642164
-0.04461745514
-0.04158304778
-0.04371427845
-0.04937678425
-0.05701136479
-0.06496449208
-0.07135566095
-0.0739749177
-0.07012518531
-0.05701074827
-0.03102717904
0.01192940131
0.0755986487
0.1664031499
0.2761608688
0.4377032949
-0.3984244266
-0.1380963315
-0.07496863818
-0.04708744994
-0.0335484705
-0.03002840355
-0.0327992545
-0.03926064622
-0.04755330971
-0.05593330931
-0.06249447615
-0.06502438509
-0.06099099284
-0.04696654499
-0.01875503492
0.02993593235
0.1069552192
0.2334264051
0.4198792605
0.780022538
)


// ************************************************************************* //
