/*--------------------------------*- C++ -*----------------------------------*\
  =========                 |
  \\      /  F ield         | OpenFOAM: The Open Source CFD Toolbox
   \\    /   O peration     | Website:  https://openfoam.org
    \\  /    A nd           | Version:  13
     \\/     M anipulation  |
\*---------------------------------------------------------------------------*/
FoamFile
{
    format      ascii;
    class       vectorField;
    location    "44.15";
    object      U_all;
}
// * * * * * * * * * * * * * * * * * * * * * * * * * * * * * * * * * * * * * //


400
(
(1.100696037e-05 -3.783113041e-05 0)
(-0.0006660942083 0.0004130430638 -1.551349296e-23)
(-0.002185373952 0.0009203936813 0)
(-0.004047831862 0.001312780307 0)
(-0.005971867908 0.001535065013 6.845795032e-25)
(-0.007762784161 0.001569848071 4.150902103e-24)
(-0.009284546871 0.001423565271 -7.373822723e-24)
(-0.01043594243 0.001119725572 7.530187495e-24)
(-0.01113681395 0.0006960840529 -2.095371847e-25)
(-0.01132711013 0.0002030774912 -3.994631106e-24)
(-0.01097177162 -0.0003002348246 5.803581416e-24)
(-0.01007232815 -0.000747517684 -5.929512895e-23)
(-0.008679881456 -0.00107556316 -6.552648636e-23)
(-0.006902854491 -0.001233043979 -7.784275839e-23)
(-0.004910738455 -0.001192637966 4.573575575e-24)
(-0.002927230514 -0.0009619204559 -4.13791761e-24)
(-0.001205296348 -0.0005912124397 -1.998736751e-22)
(-1.90653585e-05 -0.0001698840382 0)
(0.0005181564421 0.0001720846168 1.509331454e-25)
(0.0002227524435 0.0003059781784 -2.549139864e-24)
(-0.0002633621368 0.0008289709125 1.382935109e-25)
(-0.002703304596 0.003383843035 1.561147445e-23)
(-0.006907277002 0.005604502531 1.555410126e-25)
(-0.01195231956 0.007008207635 -8.495677651e-25)
(-0.01713504321 0.007553774898 1.162184945e-24)
(-0.02197535322 0.007294198807 1.306965921e-23)
(-0.02611076128 0.006321895037 1.3876222e-24)
(-0.02926564979 0.004754195654 -7.281940656e-24)
(-0.03122673328 0.002737154534 1.015237854e-23)
(-0.03184201182 0.0004524072966 4.509972534e-24)
(-0.03102761447 -0.00188414495 -6.31885228e-24)
(-0.02879316529 -0.004023030638 2.961567217e-24)
(-0.02527138315 -0.00570835542 3.895500995e-23)
(-0.02073194968 -0.006707409885 -1.954756536e-24)
(-0.01558962782 -0.006854140616 3.75445946e-24)
(-0.01038513445 -0.006097465849 -9.740964295e-23)
(-0.005730270683 -0.004546189388 9.637580782e-23)
(-0.00223336412 -0.002507422438 -3.960873231e-25)
(-0.0001817722868 -0.0005023752243 4.060767177e-25)
(8.343712137e-05 0.0006099234201 0)
(-0.0004188227889 0.002935080049 -2.910361093e-25)
(-0.004647873904 0.008804015645 1.702000363e-23)
(-0.01137196084 0.01324042582 -8.284388733e-24)
(-0.01932729268 0.01579204363 -2.075452626e-25)
(-0.02747411841 0.01653000195 2.038915513e-25)
(-0.03511778834 0.0156444164 6.810817967e-27)
(-0.04171344738 0.01335997439 -1.22013607e-24)
(-0.04683571691 0.009919769814 -4.551116742e-25)
(-0.05014989032 0.005602433527 -1.063056566e-23)
(-0.0514123212 0.0007444220315 0)
(-0.05047793479 -0.004241778949 0)
(-0.04733706429 -0.008887186472 2.671004327e-23)
(-0.04215928009 -0.01268177006 2.813009962e-23)
(-0.03531437531 -0.01513605318 -1.646163914e-24)
(-0.0273899638 -0.01586189736 4.845883223e-23)
(-0.01917005943 -0.01467334371 9.419269068e-23)
(-0.01156090629 -0.01169360618 3.975743598e-23)
(-0.0054654093 -0.007450745643 4.141698062e-25)
(-0.001451096459 -0.002936046 1.07391907e-25)
(-9.072525811e-05 0.0002258741768 0)
(-0.0005024629292 0.006045350973 -4.248843338e-23)
(-0.006402739394 0.01637075569 -1.692224737e-23)
(-0.01553502399 0.02355933616 8.211235445e-24)
(-0.02627912143 0.02744162795 0)
(-0.03728746952 0.02832102474 0)
(-0.04769037686 0.02658772812 0)
(-0.05679663158 0.02263120456 -4.466781161e-26)
(-0.06405384084 0.01683609229 -2.136792499e-24)
(-0.06901081552 0.009622182332 0)
(-0.0713082798 0.001491048943 1.635375949e-24)
(-0.07070853699 -0.006936504036 2.80272448e-25)
(-0.06713039661 -0.01493018808 -2.810572043e-25)
(-0.06069905893 -0.02166728144 0)
(-0.05180750826 -0.02631605802 4.13326461e-23)
(-0.04114991921 -0.02816070965 -4.681595912e-23)
(-0.0297197035 -0.02677372332 -2.761984125e-23)
(-0.01873716627 -0.0222153061 -3.960888688e-23)
(-0.009488026348 -0.01521922289 7.79600806e-25)
(-0.002976877544 -0.007298196092 9.790368252e-23)
(-0.0002318781181 -0.0008661701848 0)
(-0.0005316137107 0.01009501756 4.269504202e-23)
(-0.007983593597 0.02595219737 4.785314048e-25)
(-0.01939687474 0.03642882921 -4.67601904e-25)
(-0.03282382455 0.04185520792 0)
(-0.04664689095 0.04289485399 7.7829828e-25)
(-0.05985229882 0.040200743 -7.675068913e-25)
(-0.07163291664 0.03434741936 3.672295074e-23)
(-0.08132751507 0.02585664237 1.848203978e-23)
(-0.08836601242 0.01527298341 6.23883844e-24)
(-0.09225469616 0.003246146008 -1.637281184e-24)
(-0.09260379844 -0.009407833566 0)
(-0.08917555634 -0.0216747808 4.3705347e-25)
(-0.08195979488 -0.03236745057 1.008981327e-23)
(-0.07126885761 -0.04021250113 -4.349295398e-23)
(-0.05782019134 -0.04402046309 1.932907288e-24)
(-0.04278583173 -0.04294829335 4.217338604e-23)
(-0.02775450366 -0.03683346904 -3.841906224e-25)
(-0.01455062204 -0.02652720971 0)
(-0.004859460895 -0.01408454538 5.436517619e-23)
(-0.0003641473768 -0.002846954488 -2.565076841e-22)
(-0.0005272217667 0.01499927793 9.841574492e-23)
(-0.009377926669 0.03739022579 -4.907796921e-25)
(-0.02288182895 0.0517022329 0)
(-0.03883043584 0.05894183325 0)
(-0.05538656824 0.06025574759 -8.732105548e-23)
(-0.07142876801 0.0566190119 -8.499086875e-23)
(-0.08606654399 0.04880168921 -4.067550493e-23)
(-0.0985508632 0.03743980653 -1.504365949e-23)
(-0.1081945341 0.02315984035 -5.368879849e-24)
(-0.1143444748 0.006709679061 -8.174981445e-24)
(-0.1164046218 -0.01093292243 6.601134735e-24)
(-0.1138937409 -0.02848945143 8.826780021e-24)
(-0.1065486996 -0.04437046314 -1.892324536e-23)
(-0.0944680432 -0.05675333758 4.608113324e-24)
(-0.07826857216 -0.06378298602 0)
(-0.05922895689 -0.06393495326 -1.572907243e-23)
(-0.0393398202 -0.05653816184 -2.428261989e-26)
(-0.02114188804 -0.04235809053 0)
(-0.00731870224 -0.02398229397 -1.52064496e-22)
(-0.0005216161661 -0.005925545137 6.056268118e-22)
(-0.0004990821634 0.02064574512 -9.774526059e-23)
(-0.01052951035 0.05045438317 2.83198719e-22)
(-0.02582957602 0.06912512006 1.526861891e-22)
(-0.04402138461 0.0784925824 3.619277686e-24)
(-0.06310739298 0.08029476675 -7.319355855e-23)
(-0.08190405203 0.07588043081 9.043543118e-23)
(-0.09947763842 0.06621690788 -3.590215364e-24)
(-0.1150227399 0.05201695111 -1.729171219e-24)
(-0.1277519202 0.03392358499 2.524161979e-24)
(-0.1368472617 0.0127023315 7.382616328e-24)
(-0.1414710528 -0.01058782426 -6.500880232e-24)
(-0.1408248183 -0.03446024519 -9.78821136e-24)
(-0.1342745974 -0.05692771869 -3.261727469e-23)
(-0.1215450256 -0.07553316339 -3.661567849e-23)
(-0.1029672682 -0.08754260613 5.646107583e-25)
(-0.07976370149 -0.09039209645 0)
(-0.05426682653 -0.08244513684 0)
(-0.02987161015 -0.06397736801 -2.906064081e-24)
(-0.01066285167 -0.03798794691 2.970513298e-24)
(-0.0007350937476 -0.01050089461 1.027874672e-22)
(-0.0004479160528 0.02687251125 0)
(-0.01134923201 0.06480757573 2.0019796e-22)
(-0.02801599743 0.0882961743 8.962051755e-23)
(-0.04799857468 0.1001234975 0)
(-0.06920602149 0.1027076584 1.569883981e-22)
(-0.09044373373 0.09781578886 0)
(-0.1107831703 0.08661103219 -1.428389766e-22)
(-0.129409379 0.06983950456 6.515565097e-24)
(-0.1454771663 0.04808232215 0)
(-0.1580351837 0.02201755515 0)
(-0.1660133471 -0.007334441101 -1.374413204e-24)
(-0.1682671567 -0.03838839938 -9.316826362e-25)
(-0.1637064707 -0.06883976105 1.491985506e-22)
(-0.1515208777 -0.09558275997 -4.704623071e-23)
(-0.1315134576 -0.1148298678 -2.560992209e-24)
(-0.1045596098 -0.1225703423 1.534741954e-24)
(-0.07309350074 -0.1155517973 -1.558951406e-24)
(-0.04135021603 -0.09283115602 0)
(-0.01525230333 -0.0574076765 3.203815811e-24)
(-0.001044309307 -0.0171471445 -1.012915072e-21)
(-0.0003744663488 0.03346304595 0)
(-0.01175006049 0.07998918821 -1.128293402e-22)
(-0.02920707918 0.1086390958 -6.191154849e-22)
(-0.05031745061 0.1232234012 -3.755309512e-22)
(-0.07296317543 0.1269097061 0)
(-0.09598960368 0.1219255667 4.119460691e-22)
(-0.1185273509 0.1096348667 1.260926243e-22)
(-0.1398146452 0.09078246028 -5.58183788e-24)
(-0.1590221585 0.06581393227 5.554210782e-24)
(-0.1751461034 0.03520881066 0)
(-0.1869560009 -0.0001967483769 2.912131063e-23)
(-0.1930172667 -0.03889754542 4.695844312e-24)
(-0.1917809929 -0.07843888794 -1.0768114e-22)
(-0.1817874453 -0.1151865407 8.004241825e-23)
(-0.1620570454 -0.1442599493 -2.419751371e-22)
(-0.132706202 -0.1598548653 0)
(-0.09577888319 -0.1563112904 0)
(-0.05601633165 -0.1302981095 0)
(-0.02147859193 -0.08381135163 0)
(-0.001500384812 -0.02665516288 5.572122483e-22)
(-0.000287390229 0.0401607784 0)
(-0.01169359659 0.09543611692 -3.493018584e-22)
(-0.02924438282 0.1294073646 8.932804546e-22)
(-0.05060947258 0.1469299187 3.617181755e-22)
(-0.07370082637 0.1519748694 0)
(-0.09745151184 0.1472757984 -3.862558273e-22)
(-0.1211069852 0.1344191972 -3.174432831e-23)
(-0.144032481 0.1141393338 3.333107271e-22)
(-0.1655143263 0.0867000675 1.769475503e-22)
(-0.1846248546 0.05229123552 -4.060152867e-23)
(-0.2001325829 0.0114171616 1.656821696e-23)
(-0.2104622455 -0.03471424268 -8.265251453e-24)
(-0.2137208537 -0.08376563805 3.371859729e-22)
(-0.2078215506 -0.1318756373 0)
(-0.1908238543 -0.1732756164 2.4209204e-22)
(-0.1616335746 -0.2002593419 5.774791595e-24)
(-0.1211662698 -0.2040121729 -5.86091082e-24)
(-0.07384989859 -0.1772119971 1.548452678e-22)
(-0.02971786863 -0.1188642335 -5.43547426e-24)
(-0.002179545269 -0.04005398749 0)
(-0.0002117201616 0.0467164007 0)
(-0.01125001129 0.1105498145 0)
(-0.02815624471 0.1497355024 -5.022759371e-22)
(-0.04874479259 0.1701517623 -1.880998677e-23)
(-0.07100086553 0.1766257166 2.038379848e-23)
(-0.09399451432 0.1724526531 -2.014312332e-23)
(-0.1171434301 0.1594871007 -2.31688524e-23)
(-0.1400179514 0.1384805102 -3.029825563e-22)
(-0.1621328904 0.1095160732 6.6986187e-23)
(-0.1827959048 0.07245187097 4.513178811e-23)
(-0.2009835562 0.02734928918 -4.577721287e-23)
(-0.2152270263 -0.02508697758 0)
(-0.223556221 -0.0829835143 -7.839688467e-23)
(-0.2234632194 -0.1427257345 0)
(-0.2120679432 -0.1981820899 -3.739564782e-22)
(-0.1867434551 -0.2400773717 5.244959347e-22)
(-0.1464438307 -0.2560773433 0)
(-0.09394567759 -0.2331209523 -1.493998629e-22)
(-0.04022001013 -0.1639613671 1.937555347e-22)
(-0.003201100328 -0.05861063171 -3.41153481e-22)
(-0.000201540938 0.05297585143 0)
(-0.01067261901 0.1248172403 9.182875305e-22)
(-0.02628446702 0.1687424601 -2.440686834e-23)
(-0.04501107774 0.191645516 9.193342455e-22)
(-0.06494597398 0.1992921072 -2.512087493e-23)
(-0.08536628417 0.1956104334 2.838846226e-23)
(-0.1059305642 0.1827886858 -2.812932268e-23)
(-0.1264924188 0.1616583523 -1.660919098e-23)
(-0.1468996852 0.1321762314 -5.260232222e-22)
(-0.1668458161 0.09389646764 -8.906633213e-24)
(-0.1857303025 0.04640576398 9.660199405e-24)
(-0.2024781683 -0.01023784699 3.313079056e-22)
(-0.2154154608 -0.07499820352 -5.820742354e-22)
(-0.2220209711 -0.1450311847 0)
(-0.2188032101 -0.2146760632 8.887328966e-22)
(-0.2016257524 -0.2740016441 -4.940891674e-22)
(-0.1668639193 -0.3075811977 -1.57222479e-23)
(-0.1140220095 -0.295381193 0)
(-0.05288482028 -0.2195802591 -1.890188964e-22)
(-0.004749188178 -0.08377277993 3.3605925e-22)
(-0.0003641985064 0.05902317833 1.551011244e-23)
(-0.0104957397 0.1379881513 -8.764202716e-22)
(-0.02441389562 0.1856804118 -1.157059647e-21)
(-0.0402672439 0.2101384769 -8.62899113e-22)
(-0.05630729488 0.2182348928 0)
(-0.07214856381 0.2146190284 3.513807583e-23)
(-0.08779221456 0.2018791967 -7.294871499e-23)
(-0.1034562779 0.1810005619 5.867888707e-23)
(-0.1193983867 0.1518997251 3.021368752e-22)
(-0.1357931544 0.1139150578 -1.128196435e-23)
(-0.1526082318 0.06621425022 0)
(-0.1694521373 0.008177203831 -3.603931229e-22)
(-0.1852760595 -0.06015987699 7.515671377e-22)
(-0.1980448515 -0.1372747016 8.831707675e-22)
(-0.2043546263 -0.2189261897 -5.296630239e-22)
(-0.1990977613 -0.2959712925 5.16269262e-22)
(-0.1760605331 -0.3514072604 1.078234531e-23)
(-0.1300890633 -0.3584150799 -1.095549597e-23)
(-0.06688803312 -0.2843276522 -8.215283003e-23)
(-0.007083319936 -0.1169964422 0)
(-0.0009095777264 0.06540041647 -1.911487871e-23)
(-0.01167591766 0.1502816423 -1.326966248e-21)
(-0.02388882096 0.2000659574 1.094238004e-21)
(-0.03601340364 0.2244216982 6.734932427e-22)
(-0.04657308594 0.2316588259 6.01463401e-22)
(-0.05577038296 0.2272393709 6.64395983e-22)
(-0.06411245524 0.2141774884 -4.458680053e-23)
(-0.0722756143 0.1936494384 -3.461338799e-22)
(-0.08096972759 0.1656028317 2.152163421e-22)
(-0.09087192157 0.1292707353 0)
(-0.1025547439 0.08353082438 0)
(-0.1163622144 0.02720010679 2.655397795e-22)
(-0.1321589549 -0.0406200607 8.194325819e-23)
(-0.1489252309 -0.1200128314 -2.821624955e-22)
(-0.1641284274 -0.2089300697 -5.41127361e-23)
(-0.1727877614 -0.3006992514 1.301951838e-22)
(-0.1670311302 -0.379332911 -3.400507076e-22)
(-0.1365292438 -0.4136451977 -1.593828357e-23)
(-0.08018250137 -0.3538326211 8.204055727e-23)
(-0.01050762292 -0.1594130572 -6.032157763e-22)
(-0.002260498646 0.07348883607 0)
(-0.01580355728 0.1626521783 2.145875636e-21)
(-0.0266504264 0.2117904751 0)
(-0.03422339588 0.2333947285 -1.351808358e-21)
(-0.03759398391 0.2377766838 6.184053711e-23)
(-0.03799685102 0.2312553531 -6.193097277e-22)
(-0.03668265744 0.2171899012 -4.756285917e-22)
(-0.03489036183 0.1968934489 8.301258085e-22)
(-0.03378837761 0.1703342377 -1.885698914e-22)
(-0.034498763 0.1367221067 0)
(-0.03811572593 0.09479673537 0)
(-0.04564992332 0.04304286505 2.410614289e-23)
(-0.05790804228 -0.02013781297 -6.007200266e-22)
(-0.07514598495 -0.09620650267 -4.309568256e-22)
(-0.09645174954 -0.1855556177 4.637863588e-22)
(-0.1183462614 -0.2853567775 -6.488737696e-22)
(-0.133271538 -0.3838386538 9.119950318e-23)
(-0.1265350987 -0.4504358717 2.93731258e-23)
(-0.08899154076 -0.4198536378 5.660443713e-22)
(-0.01526917928 -0.2111719733 6.020790509e-22)
(-0.005180899741 0.0859804599 0)
(-0.02525550779 0.1766291196 1.465579553e-22)
(-0.03483408064 0.2205961563 -4.91714598e-23)
(-0.03640013901 0.2354859359 7.642932493e-22)
(-0.03018483003 0.2343406759 -7.005379654e-22)
(-0.01916579338 0.2241603886 4.746481879e-23)
(-0.005615149023 0.2083525844 -1.018609723e-22)
(0.008569609196 0.1881241084 -3.389889571e-22)
(0.02179886327 0.1633911264 2.062823057e-22)
(0.03262781622 0.1333242725 0)
(0.03958458699 0.09664086114 0)
(0.04117013385 0.05174056378 -2.902668259e-22)
(0.03578483934 -0.003255398386 0)
(0.02198184781 -0.07058360887 -5.512187865e-22)
(-0.00126484516 -0.152573551 -1.492378174e-23)
(-0.033104698 -0.2505949849 2.559741403e-23)
(-0.0690923575 -0.3599341518 2.203143534e-22)
(-0.09227826956 -0.4575424528 4.788084781e-24)
(-0.087180899 -0.4698129415 -5.789412135e-22)
(-0.02103127143 -0.2698972297 0)
(-0.01111631572 0.108597497 0)
(-0.0424890191 0.1947151672 -8.848482116e-22)
(-0.04795528978 0.2258195513 -5.411041065e-22)
(-0.03919535994 0.2282135562 4.543817878e-22)
(-0.01877830316 0.2182328142 -1.709985471e-24)
(0.007664314001 0.2028220361 -4.56105053e-23)
(0.0366799344 0.1847619773 5.696682957e-22)
(0.06582998662 0.1647118219 -2.766890741e-23)
(0.09327131 0.1423128181 -2.069781957e-22)
(0.1173891619 0.1166274941 3.142213898e-23)
(0.1365461699 0.08641143904 -3.425917591e-23)
(0.1489669277 0.05017669036 -3.690594552e-23)
(0.1525275789 0.006159166924 3.205633978e-22)
(0.1449367037 -0.04796127029 6.119607107e-22)
(0.1235159796 -0.1153052909 -5.101172415e-22)
(0.0863353347 -0.2004195649 -1.616058764e-22)
(0.0319908932 -0.3067806591 1.531307527e-22)
(-0.02362123135 -0.4239837145 7.293652636e-23)
(-0.06492413042 -0.4871612789 1.91329164e-21)
(-0.025099717 -0.3291544744 2.95499149e-21)
(-0.02004680509 0.1460727395 -4.390208406e-23)
(-0.06416406276 0.2112955847 4.417381161e-23)
(-0.05070230557 0.2177300477 1.000188788e-21)
(-0.01934097351 0.2014679988 -8.270558418e-24)
(0.02414464922 0.1809076188 0)
(0.07154122053 0.160693336 4.363723298e-23)
(0.1190703407 0.1416495506 -2.273852382e-22)
(0.1644767336 0.1233181833 -9.027959422e-23)
(0.2062251165 0.1048117305 3.680735496e-23)
(0.2429643031 0.08507140178 -1.701655165e-23)
(0.2732207588 0.06296147752 3.4299709e-23)
(0.2952536117 0.03726293879 -6.592682606e-23)
(0.3066971068 0.006535068568 -9.30390633e-23)
(0.3049738319 -0.03087770021 1.517044525e-22)
(0.2863936254 -0.07786290954 0)
(0.2470568088 -0.1399300368 1.505611842e-22)
(0.1810922238 -0.2266299752 2.560013858e-22)
(0.09604450263 -0.3443894947 0)
(-0.006697615806 -0.4552210218 -3.675634871e-21)
(-0.019224082 -0.3777537588 -2.892620962e-21)
(-0.02591951384 0.2276828793 -9.514204887e-22)
(-0.03998324655 0.2238216525 -1.388976607e-22)
(0.03656136938 0.1810585359 -2.335582412e-22)
(0.109050305 0.1451059094 -1.193742433e-22)
(0.1817191198 0.1172445501 -4.295827806e-23)
(0.2490090736 0.09627907725 9.783187282e-23)
(0.3100336706 0.08002510529 -1.40859296e-22)
(0.3646209338 0.06656815452 1.297175769e-22)
(0.4126252501 0.05449178998 -8.620123282e-23)
(0.4536250308 0.04270895015 1.132186105e-25)
(0.4867878733 0.03032298487 1.527742206e-23)
(0.5107451373 0.01652901904 7.997207091e-23)
(0.5236597464 0.0005365146621 -1.811124337e-22)
(0.523179802 -0.01863373235 -1.617146633e-22)
(0.5052323425 -0.04286478951 -4.262956589e-23)
(0.4658715085 -0.07633231184 0)
(0.39526965 -0.1286089384 -1.846477302e-22)
(0.291607105 -0.2208468098 8.148763285e-22)
(0.1197455106 -0.3525016903 1.631601564e-21)
(0.0267054726 -0.377549798 2.172655903e-21)
(0.214289447 0.1347447206 9.864989888e-22)
(0.2776311188 0.09870503584 0)
(0.4316592293 0.0581041485 -2.594321444e-22)
(0.5304749348 0.03846264974 -1.741667288e-22)
(0.6016965752 0.02623419136 0)
(0.657119896 0.01831923501 -6.009096055e-23)
(0.7015213604 0.01313600878 6.378005472e-23)
(0.7376042502 0.009542126672 -1.800157519e-23)
(0.766936842 0.006804463895 2.885975583e-23)
(0.7902106689 0.00446474411 2.315034118e-23)
(0.8074555014 0.00222131998 0)
(0.8182621358 -0.0001500749165 -2.873033845e-23)
(0.8216499717 -0.002723848261 0)
(0.8162394198 -0.005712668642 2.738152258e-23)
(0.7991333149 -0.00961138282 1.421692885e-23)
(0.7679986346 -0.01500255104 -5.799402815e-23)
(0.7106555755 -0.02502519951 -2.535660851e-22)
(0.6235183981 -0.04204285406 -6.918101647e-22)
(0.4230091021 -0.09182968081 0)
(0.2705674689 -0.1524021841 -2.119483768e-21)
)


// ************************************************************************* //
