/*--------------------------------*- C++ -*----------------------------------*\
  =========                 |
  \\      /  F ield         | OpenFOAM: The Open Source CFD Toolbox
   \\    /   O peration     | Website:  https://openfoam.org
    \\  /    A nd           | Version:  13
     \\/     M anipulation  |
\*---------------------------------------------------------------------------*/
FoamFile
{
    format      ascii;
    class       vectorField;
    location    "8.78";
    object      U_all;
}
// * * * * * * * * * * * * * * * * * * * * * * * * * * * * * * * * * * * * * //


400
(
(5.03855118e-06 -2.773122847e-05 0)
(-0.0006540924796 0.0004041845549 -1.442004613e-23)
(-0.002109213585 0.0008862015266 0)
(-0.003888657658 0.001258315473 0)
(-0.005725600234 0.001468901465 5.711155645e-25)
(-0.007437701598 0.001501600318 4.036617468e-24)
(-0.008897554809 0.001362476866 -3.269142565e-24)
(-0.01001010976 0.001073480216 1.196975243e-23)
(-0.01069935502 0.0006698158816 -2.489539005e-25)
(-0.01090716931 0.0001986168113 -4.621131631e-24)
(-0.01059786193 -0.0002849564659 6.537981311e-24)
(-0.009769131695 -0.0007178550479 -6.56887781e-23)
(-0.008464822039 -0.001039581488 -7.296720825e-23)
(-0.006783112668 -0.00120011483 -8.622714082e-23)
(-0.004881110583 -0.00117145756 5.16866544e-24)
(-0.002969494361 -0.0009584263565 -4.831940367e-24)
(-0.00129131503 -0.0006064517629 -2.517458911e-22)
(-0.0001095197841 -0.0001985824302 0)
(0.0004536067516 0.0001383914194 4.074269909e-25)
(0.000206141569 0.0002825245274 -3.635725426e-23)
(-0.0002522460817 0.0008103516245 1.294826391e-25)
(-0.002582233257 0.003244177632 1.451212388e-23)
(-0.006580016751 0.00534764758 1.402467096e-25)
(-0.0113750879 0.00667689828 -7.128876578e-25)
(-0.01630408455 0.007196637233 9.37485081e-25)
(-0.02091703636 0.006957433397 9.476996614e-24)
(-0.02487413696 0.006045279235 5.086418541e-24)
(-0.0279158432 0.004568358387 -1.161694452e-23)
(-0.02983891845 0.0026609196 1.259396363e-23)
(-0.03049546282 0.0004902342536 5.231290523e-24)
(-0.0297980143 -0.001739444827 -7.120884454e-24)
(-0.02774510825 -0.003796651506 2.541051941e-24)
(-0.0244515145 -0.005436907853 4.24601155e-23)
(-0.02016214717 -0.006434654636 -2.263519253e-24)
(-0.01526258872 -0.006624210149 4.422957084e-24)
(-0.01026355017 -0.005946537289 -1.236854971e-22)
(-0.005751359159 -0.004493738463 1.239787803e-22)
(-0.002316102391 -0.002546851503 -9.029707977e-25)
(-0.0002579119194 -0.0005990118382 9.257455605e-25)
(6.915677882e-05 0.0005349181613 0)
(-0.0003944687739 0.002810523628 -2.677000961e-25)
(-0.004400883508 0.008379745927 1.481284391e-23)
(-0.01076692255 0.01257775927 -8.233443685e-24)
(-0.01830454799 0.01499705225 -1.604391565e-25)
(-0.02603565714 0.01571074483 1.576184969e-25)
(-0.03330893732 0.01489803299 1.069812009e-25)
(-0.03961271717 0.01276688196 -4.788410012e-24)
(-0.04454509155 0.009539896918 -7.053931494e-25)
(-0.04778594212 0.005471635749 -1.318944907e-23)
(-0.04909253254 0.0008714109657 0)
(-0.04831758997 -0.003878803362 0)
(-0.04543903905 -0.008337015222 3.054931808e-23)
(-0.04059749643 -0.01201738264 3.221930356e-23)
(-0.03413002947 -0.01444652759 -1.982933922e-24)
(-0.02658502815 -0.01524044533 6.093817788e-23)
(-0.01870531044 -0.01420198494 1.197028497e-22)
(-0.01136024334 -0.01142558092 7.032240103e-23)
(-0.005426050614 -0.007392171032 1.447681639e-24)
(-0.001476785527 -0.00303124272 -4.409973525e-25)
(-9.303859545e-05 0.0001166266182 0)
(-0.0004696208596 0.005747872001 -3.725952562e-23)
(-0.006039021346 0.01552542085 -1.469610665e-23)
(-0.01466724926 0.02232956153 8.147274781e-24)
(-0.02483468294 0.02602144586 0)
(-0.03527537688 0.02689301148 0)
(-0.04517295037 0.02530964663 0)
(-0.05387645062 0.02163027828 -1.842578853e-25)
(-0.06086132809 0.01620513702 8.726151923e-25)
(-0.06569285986 0.009415646953 0)
(-0.06801942943 0.001721685666 2.631554783e-24)
(-0.06759646192 -0.006304153615 3.461956665e-25)
(-0.06432511323 -0.01397066122 -3.471651997e-25)
(-0.05830569828 -0.02049323918 0)
(-0.04989475951 -0.02506758821 5.350657595e-23)
(-0.03974213487 -0.02698906602 -5.89604626e-23)
(-0.02879228034 -0.02581924411 -4.321183178e-23)
(-0.01821763018 -0.02158000707 -7.069940109e-23)
(-0.009264701731 -0.01493652494 7.371285395e-25)
(-0.002929772884 -0.00730553618 5.724456874e-23)
(-0.0002259742646 -0.0009755745368 0)
(-0.0004964290236 0.009564607902 3.744373714e-23)
(-0.007528512064 0.02456767622 4.924209626e-25)
(-0.01831615005 0.034495323 -4.81180424e-25)
(-0.03103297936 0.03967551442 0)
(-0.0441591968 0.04073672394 6.828960667e-25)
(-0.05674165384 0.03828770276 -6.73430502e-25)
(-0.06801791469 0.0328557806 3.055927209e-23)
(-0.07735719691 0.02491306785 1.155933482e-23)
(-0.08420768596 0.01495092183 3.762964398e-24)
(-0.08808382481 0.003562279855 -2.634621196e-24)
(-0.08859232019 -0.008493762596 0)
(-0.08548145613 -0.02026199119 6.163651716e-25)
(-0.07871827706 -0.03060569999 1.712638056e-23)
(-0.06858185994 -0.03829227338 -5.649644504e-23)
(-0.05574572573 -0.04215485201 2.83400754e-24)
(-0.04132864801 -0.0413460275 7.433733598e-23)
(-0.02686035157 -0.03566198777 -9.126171071e-25)
(-0.01410824415 -0.02586839774 0)
(-0.004723272324 -0.01389205959 5.038181944e-23)
(-0.0003492020191 -0.002907761702 -2.071511922e-22)
(-0.0004953100432 0.01419349439 9.778595842e-23)
(-0.008869708248 0.03538475051 -4.971338374e-25)
(-0.02166892782 0.04897080183 0)
(-0.03681755089 0.05591036795 0)
(-0.05258618656 0.05728315486 -8.173336591e-23)
(-0.06791852896 0.05399593168 -7.766418165e-23)
(-0.08197088273 0.04675292121 -3.385018867e-23)
(-0.09402550787 0.03612518559 -1.116335377e-23)
(-0.1034143438 0.02267270004 -3.162004019e-24)
(-0.1094937078 0.00707468461 -6.255256429e-24)
(-0.1116682639 -0.009759912076 4.420176589e-24)
(-0.1094481286 -0.02662363835 4.585935466e-24)
(-0.1025539111 -0.04198935125 -1.678053355e-23)
(-0.09105950494 -0.05409033069 -1.377367082e-23)
(-0.0755440121 -0.06111044011 0)
(-0.05723411958 -0.06153604968 -3.331468729e-23)
(-0.0380533869 -0.05466295477 5.703991817e-25)
(-0.0204658468 -0.04116419231 0)
(-0.007087804084 -0.02347193097 -1.069879262e-22)
(-0.0004980462794 -0.005892759612 5.010766109e-22)
(-0.0004753045891 0.01954664251 -9.711029198e-23)
(-0.01001709317 0.04779609849 2.734790086e-22)
(-0.02459209491 0.06555994582 1.467323967e-22)
(-0.04195432616 0.07457464205 3.423181194e-24)
(-0.06021734177 0.07647477731 -6.921545248e-23)
(-0.07826437148 0.07251403028 8.256399192e-23)
(-0.09520862524 0.06357413915 -3.262470578e-24)
(-0.1102752265 0.05028794758 -1.489558716e-24)
(-0.1226951241 0.03322047364 2.150479563e-24)
(-0.1316596285 0.01305975265 5.595616319e-24)
(-0.1363360986 -0.009211615484 -4.427748413e-24)
(-0.1359217291 -0.03219033769 -5.113724544e-24)
(-0.1297732526 -0.05395560693 -3.03515119e-23)
(-0.1176039085 -0.0721205324 -4.859557604e-24)
(-0.09971974053 -0.08400929513 -8.861042789e-26)
(-0.07730158503 -0.08709264538 0)
(-0.05261618371 -0.07972412967 0)
(-0.02896712804 -0.06209727789 -2.125848801e-24)
(-0.01033582807 -0.03703945374 2.172994571e-24)
(-0.000703916434 -0.01032322903 9.691209418e-23)
(-0.0004365650747 0.0254927575 0)
(-0.01088912189 0.06152505997 1.909549821e-22)
(-0.02688032483 0.08393230812 8.545132897e-23)
(-0.0460771349 0.09535501554 0)
(-0.06649580181 0.09807255329 1.476134262e-22)
(-0.08700749149 0.09372981858 0)
(-0.1067292155 0.08338406011 -1.314751917e-22)
(-0.1248742109 0.06768651507 5.913018272e-24)
(-0.1406125072 0.04712955146 0)
(-0.1529988503 0.02230567496 0)
(-0.1609732453 -0.005847916805 -1.156122738e-24)
(-0.1633826454 -0.03581425946 -7.089133972e-25)
(-0.1591282856 -0.06537653514 1.198853647e-22)
(-0.1474073649 -0.09150222474 -4.39192997e-23)
(-0.1280153591 -0.1104770638 -1.710326957e-24)
(-0.101808053 -0.1183528926 7.332070675e-25)
(-0.07117170599 -0.1119063162 -7.447732397e-25)
(-0.04025095475 -0.09014812067 0)
(-0.01483401768 -0.05591208526 2.725461001e-24)
(-0.001005611668 -0.01677365673 -8.848927512e-22)
(-0.0003789605458 0.03184875735 0)
(-0.01140049571 0.07617711498 -1.08949682e-22)
(-0.02830590234 0.1035893358 -5.931144909e-22)
(-0.04875455838 0.1177191544 -3.579555498e-22)
(-0.0707246098 0.121567325 0)
(-0.09312406526 0.1172144411 3.863893317e-22)
(-0.1151269243 0.1058981901 1.16049944e-22)
(-0.1359963931 0.08825281911 -5.089434625e-24)
(-0.1549141753 0.06462406239 5.064246078e-24)
(-0.1708775811 0.03539952898 0)
(-0.1826409452 0.001331096899 2.636172527e-23)
(-0.1887717887 -0.03614238057 4.093393069e-24)
(-0.1877244094 -0.07464832836 -9.041534359e-23)
(-0.1780359393 -0.1106199602 6.398635961e-23)
(-0.1587432666 -0.1392542407 -2.031611414e-22)
(-0.1299759602 -0.1548327311 0)
(-0.09376860042 -0.1517736745 0)
(-0.05480004885 -0.1267669069 0)
(-0.02098583257 -0.08168998412 0)
(-0.001454277491 -0.02603890142 4.907759673e-22)
(-0.0003096385137 0.0383902903 0)
(-0.01150669828 0.09125330457 -3.35082082e-22)
(-0.02869996848 0.1238608497 8.561804046e-22)
(-0.04960504504 0.1408834183 3.447527647e-22)
(-0.07221194108 0.146110447 0)
(-0.09551105315 0.1421091357 -3.623940062e-22)
(-0.1187882993 0.1303200117 -2.963628972e-23)
(-0.1414298155 0.1113492016 3.111281098e-22)
(-0.162725782 0.08534717213 1.645226105e-22)
(-0.1817389061 0.05240447153 -3.767029836e-23)
(-0.1972163232 0.01294178514 1.588575652e-23)
(-0.2075653038 -0.03190848492 -7.484261091e-24)
(-0.2108821586 -0.0798576962 3.090710984e-22)
(-0.2050839321 -0.1270956154 0)
(-0.18826029 -0.1679165038 2.032592264e-22)
(-0.15936386 -0.1947056448 4.611605105e-24)
(-0.1193539661 -0.1987713942 -4.68037983e-24)
(-0.07265560755 -0.1729047287 1.18226592e-22)
(-0.02918768464 -0.1160970269 -4.357415432e-24)
(-0.002126876242 -0.03915981161 0)
(-0.0002516235659 0.04489416939 0)
(-0.01126364526 0.1062085601 0)
(-0.02806248143 0.1439464257 -4.816998976e-22)
(-0.04845683387 0.1638243633 -1.802323268e-23)
(-0.07048473849 0.1704913131 1.934434362e-23)
(-0.09326515424 0.1670649169 -1.91159393e-23)
(-0.1162522067 0.1552355123 -2.176377854e-23)
(-0.13903306 0.1356066729 -2.826581845e-22)
(-0.1611196229 0.1081307073 6.49226708e-23)
(-0.1817991767 0.0725538126 4.184074137e-23)
(-0.2000144935 0.0288499791 -4.232789467e-23)
(-0.2142630514 -0.02233723002 0)
(-0.2225470741 -0.07917216371 -6.671455348e-23)
(-0.2223531868 -0.1380495745 0)
(-0.2108337858 -0.1928645346 -3.452565632e-22)
(-0.1854312465 -0.2344107636 4.743964145e-22)
(-0.1451950586 -0.2504965149 0)
(-0.09297821565 -0.2282670601 -1.138658698e-22)
(-0.03971805767 -0.1606220164 1.568638134e-22)
(-0.003144450504 -0.05742780188 -3.043357048e-22)
(-0.0002569499326 0.05122197317 0)
(-0.01090402517 0.1205644637 8.859956942e-22)
(-0.0266914144 0.1630090237 -2.350004653e-23)
(-0.04552958303 0.1853443979 8.85066865e-22)
(-0.06553212086 0.1931826563 -2.407749518e-23)
(-0.08601151131 0.1902739678 2.69878683e-23)
(-0.1066559926 0.1786280282 -2.674151082e-23)
(-0.1273317496 0.1589085068 -1.570978147e-23)
(-0.1478796236 0.1309217742 -4.977498371e-22)
(-0.1679669584 0.09409400949 -8.418362002e-24)
(-0.1869515981 0.04791609026 9.135069065e-24)
(-0.2037215273 -0.007610171473 3.159548736e-22)
(-0.216553302 -0.07145029207 -5.510793754e-22)
(-0.2229007784 -0.1407444639 0)
(-0.2192987689 -0.2098020202 8.334531003e-22)
(-0.2016775843 -0.2687078818 -4.470046027e-22)
(-0.1665353616 -0.3021546914 -1.422308654e-23)
(-0.1135230571 -0.2903730921 0)
(-0.05250737465 -0.2158665768 -1.527490527e-22)
(-0.004694267826 -0.08233130278 2.998797291e-22)
(-0.0004314720084 0.05746018849 1.497495583e-23)
(-0.01093866775 0.1340806868 -8.456087916e-22)
(-0.02531886594 0.1803161776 -1.120982455e-21)
(-0.04159829791 0.2041858823 -8.307529407e-22)
(-0.05800841187 0.2124538194 0)
(-0.0741781438 0.2096036903 3.364287548e-23)
(-0.09012680123 0.1980384252 -6.976673177e-23)
(-0.1060798687 0.1785593928 5.604542535e-23)
(-0.12228843 0.1509162801 2.871230934e-22)
(-0.1389060136 0.1143036962 -1.077419626e-23)
(-0.1558656789 0.06778423296 0)
(-0.1727268573 0.01068239513 -3.434579218e-22)
(-0.1884030656 -0.05695201381 7.217850822e-22)
(-0.2008339713 -0.1335511781 8.528630254e-22)
(-0.2066029354 -0.2147894088 -5.015568384e-22)
(-0.2006447414 -0.2914703432 4.934396503e-22)
(-0.1768571426 -0.3466433397 9.513222664e-24)
(-0.1302603088 -0.3537466618 -9.665998153e-24)
(-0.06674678135 -0.2805637775 -1.135559414e-22)
(-0.007040574425 -0.1153816999 0)
(-0.0009841670919 0.06413952396 -1.85363287e-23)
(-0.01230018615 0.1469594151 -1.291347705e-21)
(-0.02523337902 0.1953682745 1.060288969e-21)
(-0.03807373577 0.2191218505 6.549440963e-22)
(-0.04927921323 0.2264827291 5.839206669e-22)
(-0.05903735527 0.2227726745 6.433014905e-22)
(-0.06785572747 0.2108251451 -4.291368156e-23)
(-0.07641033244 0.1916256229 -3.342457088e-22)
(-0.08540881908 0.1649490703 2.078595673e-22)
(-0.09552150251 0.1298744032 0)
(-0.1073052952 0.08516848041 0)
(-0.1210814658 0.02959061722 2.583401147e-22)
(-0.1366893003 -0.03775847232 8.424569889e-23)
(-0.1530824969 -0.1168881693 -2.668952962e-22)
(-0.1677038843 -0.205635892 -5.255221587e-23)
(-0.1755711058 -0.2972150052 1.343921178e-22)
(-0.1688762933 -0.3755963599 -3.235154099e-22)
(-0.1374284839 -0.4097800324 -2.950934025e-23)
(-0.08036383007 -0.3504172091 1.134007339e-22)
(-0.0104920624 -0.1577673626 -6.231081481e-22)
(-0.002336017972 0.07261609312 0)
(-0.01655139216 0.1601092846 2.092113829e-21)
(-0.02831493048 0.2080068538 0)
(-0.03683433719 0.229001186 -1.318755883e-21)
(-0.04107038619 0.2334257416 6.406210396e-23)
(-0.04220671299 0.2274957513 -5.995628226e-22)
(-0.04147230867 0.2144094112 -4.620520075e-22)
(-0.04009442089 0.1952906397 8.036966098e-22)
(-0.03924543141 0.1699553479 -1.820494905e-22)
(-0.04006240059 0.13745227 0)
(-0.04364957451 0.09641128148 0)
(-0.05102982291 0.04525372987 2.529216696e-23)
(-0.06301485249 -0.01762595566 -5.862630078e-22)
(-0.07985322506 -0.09362772551 -4.207654851e-22)
(-0.1006111267 -0.1830308188 4.573165477e-22)
(-0.1217710643 -0.2828663557 -6.306386414e-22)
(-0.1357872275 -0.3812334685 8.340779525e-23)
(-0.1280098632 -0.4476642438 4.356846495e-23)
(-0.08949826817 -0.4171488056 5.719987452e-22)
(-0.01529355506 -0.2096783328 6.219339054e-22)
(-0.005246296782 0.08553948417 0)
(-0.02602770195 0.174979675 1.483761782e-22)
(-0.03661425528 0.2178883619 -4.823310065e-23)
(-0.03925642411 0.2321711935 7.476908364e-22)
(-0.03403944097 0.2309583693 -6.840536245e-22)
(-0.02385356959 0.2211887979 4.631394761e-23)
(-0.01093279647 0.2061438229 -1.011957229e-22)
(0.002863114143 0.1868759741 -3.288600037e-22)
(0.01593558193 0.1631535233 2.012723169e-22)
(0.02679371976 0.1340124496 0)
(0.03394161898 0.09806660276 0)
(0.03583575639 0.05365002921 -2.842384118e-22)
(0.03084438072 -0.001131234028 0)
(0.01749703393 -0.06849455382 -5.457426983e-22)
(-0.005238511631 -0.1506732854 -1.168223631e-23)
(-0.03646076923 -0.2489020342 2.525918718e-23)
(-0.07174071484 -0.3583067045 2.120648254e-22)
(-0.0940046781 -0.4559000869 5.056353535e-24)
(-0.08789506695 -0.4680166178 -5.855323731e-22)
(-0.02110013712 -0.2687325242 0)
(-0.01115139064 0.1085567611 0)
(-0.04312306185 0.1939368708 -8.699404038e-22)
(-0.04952145655 0.2242046675 -5.352174929e-22)
(-0.04180986452 0.2260194705 4.494726907e-22)
(-0.02240273201 0.2158601778 -1.785166163e-24)
(0.003181377394 0.2006492116 -4.48717154e-23)
(0.03156183384 0.1830878069 5.572794898e-22)
(0.06033692535 0.1637315542 -2.703814175e-23)
(0.087662961 0.1420852044 -2.018490451e-22)
(0.1118911832 0.1171135386 3.077881874e-23)
(0.1313419241 0.08748260833 -3.365067257e-23)
(0.1441878105 0.0516442158 -3.641726982e-23)
(0.1482352297 0.007826034097 3.171637139e-22)
(0.141157308 -0.0463647324 6.061033523e-22)
(0.1202608448 -0.1139342402 -5.065040748e-22)
(0.08363113407 -0.1993364811 -1.625328574e-22)
(0.02970554779 -0.3059308839 1.506846383e-22)
(-0.02523908393 -0.4231399616 7.285365673e-23)
(-0.06562674029 -0.4862033176 1.909307982e-21)
(-0.02519164406 -0.328410029 2.95038984e-21)
(-0.02002397945 0.1462849683 -4.353712655e-23)
(-0.06445570354 0.2111647017 4.380659106e-23)
(-0.05163557847 0.217025395 9.920015802e-22)
(-0.02109565387 0.2002769579 -6.247154501e-24)
(0.02151275057 0.1794789775 0)
(0.06809922767 0.1592958086 4.298852293e-23)
(0.1149920308 0.1405079113 -2.232487562e-22)
(0.1599877228 0.1225899216 -8.850032983e-23)
(0.2015737789 0.1045670375 3.60374682e-23)
(0.2383882538 0.08530423119 -1.666439625e-23)
(0.2689246852 0.0635950118 3.369048662e-23)
(0.2914171307 0.03816717331 -6.501156098e-23)
(0.3033281647 0.00753925051 -9.188260495e-23)
(0.3021108617 -0.02987383237 1.509044946e-22)
(0.2840647223 -0.07701121996 0)
(0.2451975348 -0.1393278244 1.517912987e-22)
(0.1796060367 -0.2263155146 2.548506223e-22)
(0.09494635976 -0.3440737649 0)
(-0.007269109229 -0.454871405 -3.667879248e-21)
(-0.0193157323 -0.3774313609 -2.888099404e-21)
(-0.02585412067 0.227906047 -9.493985909e-22)
(-0.03987861627 0.223977112 -1.38245374e-22)
(0.0364479891 0.1809256419 -2.315911771e-22)
(0.108466705 0.1446814465 -1.180550447e-22)
(0.1805137531 0.1166311311 -4.278638872e-23)
(0.2471400984 0.09562231935 9.680487403e-23)
(0.3075753629 0.07945350963 -1.38691778e-22)
(0.361727459 0.06617817191 1.272518657e-22)
(0.4094983827 0.0543346824 -8.441127444e-23)
(0.4504781104 0.04279194718 1.134008251e-25)
(0.4838152395 0.03061087774 1.503740128e-23)
(0.5080964811 0.01695915358 7.886353274e-23)
(0.5214650818 0.000988917051 -1.793497864e-22)
(0.5215138259 -0.01817836118 -1.609195565e-22)
(0.5039981923 -0.04248827778 -4.25948268e-23)
(0.4649967286 -0.07609105545 0)
(0.3946426755 -0.1285224313 -1.82510794e-22)
(0.2911444002 -0.2208268331 8.124983629e-22)
(0.119461939 -0.3524813181 1.627984859e-21)
(0.02663408838 -0.3775077196 2.17077223e-21)
(0.2143575526 0.1348116699 9.842683035e-22)
(0.2778439362 0.0987913131 0)
(0.4318980288 0.05814516418 -2.584491968e-22)
(0.530576237 0.0384493038 -1.736859577e-22)
(0.6015192415 0.02618016162 0)
(0.6565964226 0.01824979349 -5.952961429e-23)
(0.7006663536 0.01307493899 6.27718018e-23)
(0.7364954085 0.009507880499 -1.761161223e-23)
(0.7656912683 0.006806624328 2.824114182e-23)
(0.7889586689 0.004504288798 2.266800437e-23)
(0.8063181122 0.002291605571 0)
(0.8173301125 -5.919804234e-05 -2.830570165e-23)
(0.8209793883 -0.002620041686 0)
(0.8158446806 -0.005635617426 2.719701171e-23)
(0.7989578838 -0.009565056405 1.436879527e-23)
(0.7679721846 -0.01498826412 -5.771671016e-23)
(0.7106917018 -0.02504055999 -2.522635744e-22)
(0.6235456633 -0.0420651452 -6.899452366e-22)
(0.4230067436 -0.09185259694 0)
(0.2705608594 -0.152412846 -2.117645739e-21)
)


// ************************************************************************* //
