/*--------------------------------*- C++ -*----------------------------------*\
  =========                 |
  \\      /  F ield         | OpenFOAM: The Open Source CFD Toolbox
   \\    /   O peration     | Website:  https://openfoam.org
    \\  /    A nd           | Version:  13
     \\/     M anipulation  |
\*---------------------------------------------------------------------------*/
FoamFile
{
    format      ascii;
    class       scalarField;
    location    "16.84";
    object      p_all;
}
// * * * * * * * * * * * * * * * * * * * * * * * * * * * * * * * * * * * * * //


400
(
-3.602600518e-08
-0.0005457157592
-0.0008862058472
-0.001012366203
-0.000932484751
-0.0006787977276
-0.0002887959182
0.0002015454995
0.000755718766
0.001333311705
0.00188875582
0.002369294427
0.002719610694
0.002886659263
0.0028289104
0.002528311841
0.002005170846
0.00131652062
0.0006588044839
6.372249021e-05
0.0005872650702
7.633847485e-06
-0.0003546605586
-0.0004957558821
-0.0004639762019
-0.0002858354897
9.275715778e-06
0.0003920465288
0.000831066491
0.001289137048
0.001726490723
0.002092037549
0.002335463292
0.00240944745
0.002280110134
0.001938607667
0.001411545792
0.0007638160879
0.0001673320389
-0.0004946454123
0.000950777548
0.0003080652998
-9.180511741e-05
-0.0002369296737
-0.0002295637375
-9.978032896e-05
0.0001283310923
0.0004334393516
0.0007918041254
0.001171587908
0.001540536496
0.001845082119
0.002035226643
0.002062284334
0.001891115524
0.001511837544
0.0009483010048
0.0002569178192
-0.0004404029532
-0.001276308084
0.0009740884658
0.0002576589307
-0.0001911359819
-0.0003421455859
-0.0003499966047
-0.000251493163
-6.734306939e-05
0.0001897902438
0.0005062902432
0.0008617818492
0.001215515257
0.001524232158
0.0017273297
0.00176436192
0.001586487197
0.001170286692
0.0005274888797
-0.0002952831012
-0.001209188628
-0.002358270877
0.0004789500285
-0.0002848050601
-0.0007621839738
-0.0009124879377
-0.0009318796164
-0.0008616007774
-0.0007167322837
-0.0004978555391
-0.0002048090504
0.0001530598892
0.0005453686936
0.0009238614126
0.00121744207
0.001345338043
0.001231223414
0.000821938252
0.0001034045498
-0.0008923828887
-0.002100623592
-0.003627015886
-0.0006859895559
-0.001465145079
-0.001952665001
-0.002102180407
-0.002143006352
-0.002117329768
-0.002030425192
-0.001865302133
-0.001600920438
-0.001227004991
-0.0007591269748
-0.0002417995017
0.0002424846532
0.0005840661068
0.0006612198212
0.0003659746543
-0.0003671742202
-0.001536443106
-0.003105205226
-0.005109879841
-0.002657897285
-0.003418252194
-0.003908631854
-0.004072258215
-0.004167205423
-0.004233266695
-0.004260988942
-0.00420865955
-0.004024125238
-0.003663835257
-0.003113376025
-0.002398499867
-0.001604996475
-0.0008750467945
-0.0003966160185
-0.0003703707595
-0.0009592269018
-0.002230149435
-0.004200188823
-0.006792855501
-0.005545904766
-0.006259892839
-0.006756741031
-0.006968616833
-0.00717894964
-0.00742297993
-0.007672383493
-0.007853161327
-0.007869303404
-0.007624772872
-0.007049682365
-0.00612108242
-0.004905740851
-0.003568103294
-0.002378783307
-0.001680761294
-0.001810051359
-0.002981287796
-0.005332841875
-0.008623583286
-0.009419573693
-0.01006548809
-0.0105809563
-0.01089071786
-0.01130229902
-0.01184727738
-0.01247715522
-0.01308002492
-0.01350326594
-0.01357502903
-0.01313177702
-0.01206989933
-0.01037791008
-0.008208945002
-0.005912064264
-0.00402103054
-0.003151816196
-0.003805610467
-0.006387872378
-0.01045020934
-0.01429392
-0.01485306368
-0.01539871375
-0.01585506609
-0.0165583002
-0.01754246203
-0.01874259486
-0.02000797349
-0.02112042088
-0.02181182344
-0.02179283525
-0.02080714923
-0.01870847164
-0.01556028896
-0.01174029297
-0.00798806408
-0.005315439899
-0.00471863848
-0.00713988962
-0.01193582295
-0.02012382687
-0.02057482398
-0.02114382912
-0.02176266417
-0.02281279943
-0.02434420858
-0.02628533011
-0.02845195718
-0.03055900489
-0.03222969851
-0.03301844547
-0.03246347019
-0.03020740366
-0.02610807819
-0.02046051493
-0.01414670603
-0.008641206149
-0.005681420926
-0.007176171162
-0.0124224795
-0.0268188746
-0.02712605317
-0.02766564386
-0.02838291867
-0.02974366183
-0.03183629637
-0.03459777872
-0.03782030668
-0.04115743764
-0.04412337531
-0.04610384062
-0.04639497156
-0.04438177946
-0.03958371158
-0.0320514174
-0.0226369089
-0.01321264446
-0.00643871844
-0.00576542848
-0.01072304193
-0.03429166561
-0.03437715381
-0.03474825545
-0.03536067881
-0.03684283614
-0.03935379281
-0.0428555523
-0.0471251086
-0.05176075825
-0.05617469979
-0.0595945506
-0.06110688657
-0.05969972371
-0.0545817163
-0.04537379952
-0.03263974686
-0.01840058068
-0.0062001773
-0.001633403996
-0.004836049035
-0.0425633159
-0.04223558503
-0.04215248992
-0.04225115763
-0.04346462009
-0.04606074556
-0.05003613607
-0.0551494751
-0.06093826063
-0.06671632002
-0.07156052
-0.07433675893
-0.07376207663
-0.06861132976
-0.05801547182
-0.04201176934
-0.02239583681
-0.003218210381
0.007381166137
0.008371250176
-0.05196291932
-0.05071681544
-0.0496355313
-0.0485364563
-0.04888133168
-0.05106908436
-0.05511438899
-0.06073108893
-0.06736514844
-0.07421770108
-0.08021251521
-0.08401133415
-0.08407372217
-0.07878931089
-0.06680268775
-0.04748935141
-0.02209777889
0.005528352582
0.02473889018
0.03354673037
-0.0636105983
-0.06014759278
-0.05705901615
-0.05372760473
-0.05242711857
-0.05363677375
-0.05731348772
-0.06308221682
-0.07020068019
-0.07773792862
-0.08443268694
-0.08873290929
-0.08885592443
-0.08280698656
-0.06882767036
-0.04560421477
-0.01373954502
0.02442813391
0.05554972485
0.07736356867
-0.08014651441
-0.07103913656
-0.06409011472
-0.05713751157
-0.05340299994
-0.05318223298
-0.05621849437
-0.06186618927
-0.06920586105
-0.07706255475
-0.0839610837
-0.08810797638
-0.08744608635
-0.07963520523
-0.06246939419
-0.03404886092
0.005557146947
0.05859713599
0.1058212206
0.1480650113
-0.1104759543
-0.08582756773
-0.07158554642
-0.05895440086
-0.05189652885
-0.04986058305
-0.05207209215
-0.05746987769
-0.064814572
-0.07266149981
-0.07929585873
-0.08267679633
-0.08049482409
-0.06987273235
-0.04822934677
-0.01272846567
0.03822456256
0.1071212941
0.1779677268
0.2564649766
-0.1684137424
-0.09988861682
-0.07499592888
-0.05478974557
-0.04460999758
-0.04157053464
-0.04369433526
-0.04934930157
-0.05697815452
-0.06492889548
-0.07132161499
-0.07394605049
-0.07010408349
-0.05700069384
-0.03102680121
0.0119220527
0.07558629245
0.1663893677
0.2761467582
0.4376900405
-0.3984055106
-0.1380814849
-0.07496026902
-0.04708329153
-0.03354393938
-0.0300191349
-0.03278272203
-0.03923654384
-0.04752321938
-0.05590028004
-0.06246224382
-0.06499659557
-0.06097044954
-0.04695530236
-0.01875277288
0.02993071586
0.106944869
0.2334139068
0.4198662183
0.7800099926
)


// ************************************************************************* //
