/*--------------------------------*- C++ -*----------------------------------*\
  =========                 |
  \\      /  F ield         | OpenFOAM: The Open Source CFD Toolbox
   \\    /   O peration     | Website:  https://openfoam.org
    \\  /    A nd           | Version:  13
     \\/     M anipulation  |
\*---------------------------------------------------------------------------*/
FoamFile
{
    format      ascii;
    class       vectorField;
    location    "39.31";
    object      U_all;
}
// * * * * * * * * * * * * * * * * * * * * * * * * * * * * * * * * * * * * * //


400
(
(1.100245429e-05 -3.783427389e-05 0)
(-0.0006660991001 0.0004130425649 -1.551052666e-23)
(-0.002185375867 0.0009203943029 0)
(-0.004047832888 0.001312781113 0)
(-0.005971867003 0.001535064598 6.845320822e-25)
(-0.007762781908 0.001569845769 4.151142436e-24)
(-0.009284545372 0.001423562375 -7.372703077e-24)
(-0.01043594317 0.001119724371 7.531436486e-24)
(-0.01113681622 0.0006960857434 -2.095474816e-25)
(-0.01132711169 0.000203081065 -3.994771042e-24)
(-0.01097177079 -0.0003002316914 5.803758763e-24)
(-0.0100723251 -0.0007475166897 -5.929680204e-23)
(-0.00867987783 -0.001075564328 -6.552801746e-23)
(-0.00690285237 -0.001233045877 -7.784389411e-23)
(-0.004910739195 -0.001192638999 4.573638419e-24)
(-0.002927234104 -0.0009619200125 -4.137990807e-24)
(-0.001205301532 -0.0005912109026 -1.998798537e-22)
(-1.907066123e-05 -0.0001698821094 0)
(0.0005181519446 0.0001720867521 1.509820973e-25)
(0.0002227505915 0.0003059790982 -2.555805347e-24)
(-0.0002633642549 0.0008289662391 1.383174406e-25)
(-0.002703306365 0.003383840045 1.560845367e-23)
(-0.006907277824 0.005604500842 1.554970895e-25)
(-0.01195232129 0.007008207896 -8.494826e-25)
(-0.01713504479 0.007553775455 1.16205005e-24)
(-0.0219753522 0.007294197353 1.306802029e-23)
(-0.02611075666 0.006321891272 1.389357257e-24)
(-0.02926564347 0.004754191828 -7.283143253e-24)
(-0.03122672856 0.00273715334 1.015306614e-23)
(-0.03184201046 0.0004524093148 4.510133903e-24)
(-0.03102761542 -0.001884141492 -6.319043164e-24)
(-0.02879316585 -0.004023028115 2.961700267e-24)
(-0.02527138136 -0.005708354889 3.895587919e-23)
(-0.02073194606 -0.006707410401 -1.954799273e-24)
(-0.01558962514 -0.006854140247 3.75453941e-24)
(-0.01038513531 -0.00609746341 -9.741161726e-23)
(-0.005730275231 -0.004546185199 9.637892967e-23)
(-0.002233370105 -0.002507417751 -3.961615584e-25)
(-0.0001817788659 -0.0005023709333 4.061528252e-25)
(8.34331083e-05 0.0006099266182 0)
(-0.0004188237946 0.002935078569 -2.910612165e-25)
(-0.004647875042 0.008804012525 1.702333078e-23)
(-0.01137195978 0.01324042116 -8.281173379e-24)
(-0.01932729111 0.01579203996 -2.075087274e-25)
(-0.02747411769 0.01653000096 2.038556592e-25)
(-0.03511778778 0.01564441727 6.856036862e-27)
(-0.04171344498 0.01335997469 -1.221805219e-24)
(-0.04683571155 0.00991976795 -4.552193309e-25)
(-0.05014988322 0.005602430133 -1.063128267e-23)
(-0.0514123148 0.0007444190767 0)
(-0.05047793056 -0.004241779858 0)
(-0.0473370617 -0.008887185156 2.671072188e-23)
(-0.04215927729 -0.0126817674 2.813079961e-23)
(-0.03531437124 -0.01513605017 -1.646197227e-24)
(-0.02738995972 -0.01586189423 4.845970859e-23)
(-0.01917005808 -0.01467334003 9.419458825e-23)
(-0.0115609092 -0.01169360171 3.975883176e-23)
(-0.00546541527 -0.007450740911 4.142611816e-25)
(-0.001451103154 -0.002936041912 1.073361025e-25)
(-9.072944641e-05 0.0002258786801 0)
(-0.0005024640532 0.006045350182 -4.249125314e-23)
(-0.006402740962 0.01637075407 -1.69255683e-23)
(-0.01553502354 0.02355933181 8.208023028e-24)
(-0.02627911842 0.02744162153 0)
(-0.0372874652 0.02832101867 0)
(-0.04769037244 0.02658772462 0)
(-0.05679662721 0.02263120401 -4.470855661e-26)
(-0.06405383581 0.01683609319 -2.136099651e-24)
(-0.06901080948 0.009622182854 0)
(-0.07130827321 0.00149104845 1.635576224e-24)
(-0.07070853043 -0.006936504979 2.80285225e-25)
(-0.06713039021 -0.01493018825 -2.810700171e-25)
(-0.06069905235 -0.02166728007 0)
(-0.05180750143 -0.02631605539 4.133386008e-23)
(-0.04114991319 -0.02816070667 -4.681680218e-23)
(-0.02971970023 -0.02677372058 -2.76203698e-23)
(-0.01873716711 -0.02221530352 -3.961032526e-23)
(-0.009488030669 -0.01521922014 7.795861492e-25)
(-0.002976882958 -0.007298193083 9.790100333e-23)
(-0.0002318815251 -0.0008661662137 0)
(-0.0005316139121 0.01009501514 4.269787964e-23)
(-0.007983593963 0.02595219471 4.784885823e-25)
(-0.01939687501 0.03642882582 -4.675600594e-25)
(-0.0328238226 0.04185520264 0)
(-0.04664688614 0.04289484704 7.782476836e-25)
(-0.0598522917 0.04020073618 -7.674569966e-25)
(-0.07163290851 0.03434741479 3.672155341e-23)
(-0.0813275072 0.0258566409 1.848072676e-23)
(-0.08836600543 0.01527298427 6.238504995e-24)
(-0.09225468992 0.003246147794 -1.637481693e-24)
(-0.09260379204 -0.009407831901 0)
(-0.08917554872 -0.02167477939 4.370816226e-25)
(-0.08195978581 -0.03236744905 1.009077598e-23)
(-0.07126884808 -0.04021249934 -4.349425173e-23)
(-0.05782018317 -0.04402046143 1.932964379e-24)
(-0.04278582665 -0.04294829229 4.217467685e-23)
(-0.02775450237 -0.0368334685 -3.842076062e-25)
(-0.01455062393 -0.02652720902 0)
(-0.004859463847 -0.01408454406 5.436550938e-23)
(-0.0003641492529 -0.002846952137 -2.565050608e-22)
(-0.0005272209169 0.01499927437 9.841231378e-23)
(-0.009377925014 0.03739021962 -4.907554523e-25)
(-0.02288182783 0.05170222691 0)
(-0.03883043405 0.05894182749 0)
(-0.05538656432 0.0602557414 -8.731964088e-23)
(-0.07142876105 0.0566190053 -8.498939121e-23)
(-0.08606653448 0.0488016833 -4.067397217e-23)
(-0.09855085289 0.03743980275 -1.504304377e-23)
(-0.1081945248 0.02315983945 -5.36858559e-24)
(-0.1143444674 0.006709680744 -8.174814948e-24)
(-0.1164046153 -0.01093291908 6.600918751e-24)
(-0.1138937335 -0.02848944758 8.826308685e-24)
(-0.1065486904 -0.04437045965 -1.892314287e-23)
(-0.09446803281 -0.05675333491 4.606158361e-24)
(-0.07826856263 -0.06378298432 0)
(-0.05922895011 -0.06393495248 -1.572988557e-23)
(-0.03933981671 -0.05653816167 -2.425257417e-26)
(-0.02114188734 -0.04235809047 0)
(-0.00731870285 -0.02398229364 -1.520621176e-22)
(-0.0005216166785 -0.005925544591 6.05621558e-22)
(-0.0004990815275 0.02064574283 -9.774185993e-23)
(-0.01052950854 0.05045437561 2.831954134e-22)
(-0.02582957336 0.06912511066 1.526846871e-22)
(-0.0440213816 0.07849257334 3.619236683e-24)
(-0.06310738891 0.08029475879 -7.319357917e-23)
(-0.08190404575 0.07588042388 9.043385759e-23)
(-0.0994776295 0.06621690203 -3.590170131e-24)
(-0.1150227293 0.05201694695 -1.729150407e-24)
(-0.1277519099 0.03392358334 2.524131152e-24)
(-0.136847253 0.01270233289 7.382459734e-24)
(-0.1414710457 -0.01058782 -6.500678207e-24)
(-0.1408248113 -0.03446023905 -9.787693617e-24)
(-0.1342745892 -0.05692771205 -3.261738544e-23)
(-0.1215450161 -0.07553315745 -3.661253514e-23)
(-0.1029672587 -0.08754260146 5.645482496e-25)
(-0.07976369382 -0.09039209302 0)
(-0.0542668214 -0.08244513443 0)
(-0.02987160748 -0.06397736649 -2.906023175e-24)
(-0.0106628507 -0.03798794617 2.970471485e-24)
(-0.0007350935144 -0.01050089485 1.027872257e-22)
(-0.000447916361 0.0268725098 0)
(-0.01134923161 0.06480756902 2.00198119e-22)
(-0.02801599513 0.08829616383 8.962051093e-23)
(-0.04799857119 0.1001234858 0)
(-0.06920601693 0.1027076474 1.569870441e-22)
(-0.09044372757 0.09781577973 0)
(-0.1107831621 0.08661102525 -1.428382484e-22)
(-0.1294093693 0.06983950007 6.515524166e-24)
(-0.1454771565 0.04808232049 0)
(-0.158035175 0.02201755675 0)
(-0.1660133399 -0.007334436107 -1.374401102e-24)
(-0.1682671502 -0.03838839147 -9.316659249e-25)
(-0.1637064638 -0.06883975142 1.491965733e-22)
(-0.1515208698 -0.09558275004 -4.70463636e-23)
(-0.1315134494 -0.1148298586 -2.560926841e-24)
(-0.1045596025 -0.1225703344 1.534686983e-24)
(-0.07309349516 -0.1155517909 -1.558895568e-24)
(-0.04135021251 -0.09283115161 0)
(-0.01525230171 -0.05740767422 3.203792178e-24)
(-0.001044308882 -0.01714714445 -1.012909062e-21)
(-0.000374466929 0.03346304318 0)
(-0.0117500609 0.07998918144 -1.128276742e-22)
(-0.02920707834 0.1086390855 -6.191124549e-22)
(-0.0503174483 0.1232233889 -3.755294141e-22)
(-0.07296317167 0.1269096935 0)
(-0.0959895982 0.1219255555 4.119444429e-22)
(-0.1185273435 0.1096348578 1.260919819e-22)
(-0.1398146366 0.09078245449 -5.581819837e-24)
(-0.1590221498 0.0658139299 5.554192828e-24)
(-0.1751460958 0.03520881193 0)
(-0.1869559947 -0.0001967434066 2.912124521e-23)
(-0.1930172613 -0.03889753705 4.69582062e-24)
(-0.1917809876 -0.07843887699 -1.076802029e-22)
(-0.1817874394 -0.1151865284 8.004142672e-23)
(-0.1620570391 -0.1442599368 -2.419733617e-22)
(-0.132706196 -0.1598548537 0)
(-0.09577887831 -0.1563112805 0)
(-0.05601632834 -0.1302981022 0)
(-0.02147859034 -0.08381134744 0)
(-0.001500384471 -0.02665516198 5.572091335e-22)
(-0.0002873903225 0.04016077413 0)
(-0.01169359667 0.09543610864 -3.493004838e-22)
(-0.02924438294 0.1294073539 8.932775777e-22)
(-0.05060947207 0.1469299066 3.617166842e-22)
(-0.07370082475 0.1519748569 0)
(-0.0974515085 0.1472757866 -3.862542965e-22)
(-0.1211069799 0.1344191872 -3.174423231e-23)
(-0.1440324742 0.1141393265 3.333099654e-22)
(-0.1655143195 0.0867000636 1.769472361e-22)
(-0.184624849 0.0522912353 -4.060147285e-23)
(-0.2001325787 0.01141716511 1.656822108e-23)
(-0.2104622423 -0.03471423569 -8.265232386e-24)
(-0.2137208507 -0.08376562813 3.371853155e-22)
(-0.2078215472 -0.1318756253 0)
(-0.1908238504 -0.1732756034 2.420902637e-22)
(-0.1616335706 -0.200259329 5.774739087e-24)
(-0.1211662662 -0.2040121612 -5.860857528e-24)
(-0.07384989602 -0.1772119878 1.548435448e-22)
(-0.02971786735 -0.1188642276 -5.435421239e-24)
(-0.002179545048 -0.04005398574 0)
(-0.0002117199042 0.04671639635 0)
(-0.01125001092 0.1105498051 0)
(-0.028156245 0.1497354911 -5.02274581e-22)
(-0.04874479353 0.1701517503 -1.880994325e-23)
(-0.07100086653 0.1766257046 2.038374658e-23)
(-0.09399451431 0.1724526418 -2.014307203e-23)
(-0.1171434283 0.1594870908 -2.316879996e-23)
(-0.140017948 0.1384805022 -3.029818722e-22)
(-0.1621328866 0.109516068 6.698611686e-23)
(-0.1827959019 0.07245186892 4.513172423e-23)
(-0.2009835548 0.02734929047 -4.577715142e-23)
(-0.2152270261 -0.02508697303 0)
(-0.223556221 -0.08298350685 -7.839656446e-23)
(-0.223463219 -0.1427257247 0)
(-0.212067942 -0.1981820786 -3.739556824e-22)
(-0.1867434533 -0.2400773596 5.244943231e-22)
(-0.1464438287 -0.2560773316 0)
(-0.09394567592 -0.2331209421 -1.493981932e-22)
(-0.04022000916 -0.1639613603 1.937538239e-22)
(-0.003201100171 -0.05861062933 -3.411517795e-22)
(-0.0002015408236 0.05297584776 0)
(-0.01067261872 0.1248172312 9.182859075e-22)
(-0.02628446735 0.1687424487 -2.440682246e-23)
(-0.0450110798 0.1916455042 9.193328686e-22)
(-0.06494597746 0.1992920958 -2.512083073e-23)
(-0.0853662878 0.195610423 2.838840607e-23)
(-0.1059305667 0.1827886768 -2.8129267e-23)
(-0.1264924198 0.161658345 -1.660916352e-23)
(-0.1468996856 0.1321762263 -5.260224394e-22)
(-0.166845817 0.09389646493 -8.906621077e-24)
(-0.1857303045 0.04640576399 9.660189345e-24)
(-0.2024781713 -0.01023784423 3.313075835e-22)
(-0.2154154641 -0.07499819823 -5.820735806e-22)
(-0.2220209739 -0.1450311773 0)
(-0.2188032119 -0.2146760541 8.887313861e-22)
(-0.2016257531 -0.2740016339 -4.940876527e-22)
(-0.1668639191 -0.307581187 -1.572219826e-23)
(-0.1140220088 -0.2953811831 0)
(-0.05288481964 -0.2195802517 -1.890172142e-22)
(-0.004749188051 -0.08377277712 3.360575779e-22)
(-0.0003641986387 0.05902317492 1.551008782e-23)
(-0.01049573967 0.1379881431 -8.764187198e-22)
(-0.02441389623 0.1856804011 -1.157058162e-21)
(-0.04026724702 0.2101384656 -8.628978232e-22)
(-0.05630730053 0.2182348821 0)
(-0.07214857069 0.2146190191 3.513802035e-23)
(-0.08779222117 0.2018791892 -7.294859945e-23)
(-0.1034562835 0.1810005565 5.867879634e-23)
(-0.1193983915 0.1518997216 3.021364424e-22)
(-0.1357931593 0.1139150564 -1.12819499e-23)
(-0.1526082373 0.06621425091 0)
(-0.1694521434 0.008177206553 -3.603927699e-22)
(-0.1852760658 -0.06015987242 7.515664378e-22)
(-0.1980448573 -0.1372746955 8.831699451e-22)
(-0.204354631 -0.2189261823 -5.296622614e-22)
(-0.1990977646 -0.2959712841 5.162684777e-22)
(-0.1760605349 -0.3514072512 1.078229512e-23)
(-0.1300890638 -0.3584150708 -1.095544497e-23)
(-0.06688803293 -0.2843276449 -8.215448399e-23)
(-0.007083319854 -0.116996439 0)
(-0.0009095778439 0.06540041291 -1.911485317e-23)
(-0.01167591763 0.1502816349 -1.326964591e-21)
(-0.02388882184 0.2000659477 1.094236608e-21)
(-0.03601340766 0.2244216879 6.734925768e-22)
(-0.04657309319 0.2316588162 6.014627902e-22)
(-0.05577039215 0.2272393629 6.643952388e-22)
(-0.06411246485 0.2141774829 -4.458674244e-23)
(-0.07227562348 0.1936494354 -3.461334878e-22)
(-0.08096973627 0.1656028309 2.152161143e-22)
(-0.09087193005 0.1292707364 0)
(-0.1025547524 0.08353082708 0)
(-0.1163622232 0.02720011076 2.655395755e-22)
(-0.1321589635 -0.04062005572 8.194325593e-23)
(-0.148925239 -0.1200128258 -2.821621531e-22)
(-0.1641284344 -0.2089300635 -5.411268705e-23)
(-0.172787767 -0.3006992446 1.30195157e-22)
(-0.1670311339 -0.3793329037 -3.400498854e-22)
(-0.1365292457 -0.4136451901 -1.59390725e-23)
(-0.0801825018 -0.3538326143 8.204220897e-23)
(-0.01050762291 -0.159413054 -6.032173828e-22)
(-0.002260498504 0.07348883282 0)
(-0.01580355692 0.1626521722 2.145873061e-21)
(-0.02665042732 0.2117904669 0)
(-0.03422340028 0.2333947197 -1.35180711e-21)
(-0.03759399187 0.2377766756 6.184057568e-23)
(-0.03799686128 0.2312553467 -6.193090302e-22)
(-0.03668266861 0.2171898975 -4.75628131e-22)
(-0.03489037313 0.1968934479 8.301249529e-22)
(-0.03378838879 0.170334239 -1.885696897e-22)
(-0.03449877401 0.1367221098 0)
(-0.03811573673 0.09479673963 0)
(-0.04564993381 0.04304287002 2.410615926e-23)
(-0.05790805229 -0.02013780766 -6.007195852e-22)
(-0.07514599422 -0.09620649735 -4.309564889e-22)
(-0.09645175779 -0.1855556125 4.637859981e-22)
(-0.1183462683 -0.2853567724 -6.488729603e-22)
(-0.1332715431 -0.3838386484 9.119942189e-23)
(-0.1265351017 -0.4504358661 2.937396272e-23)
(-0.08899154186 -0.4198536324 5.66045102e-22)
(-0.01526917938 -0.2111719703 6.020806543e-22)
(-0.005180899243 0.08598045801 0)
(-0.02525550702 0.1766291157 1.465579364e-22)
(-0.03483408143 0.2205961503 -4.917141636e-23)
(-0.03640014324 0.2354859289 7.642925835e-22)
(-0.03018483768 0.2343406693 -7.005373525e-22)
(-0.01916580346 0.2241603834 4.74647785e-23)
(-0.005615160334 0.2083525814 -1.018609417e-22)
(0.00856959725 0.1881241078 -3.389886393e-22)
(0.021798851 0.1633911279 2.062821645e-22)
(0.03262780407 0.1333242755 0)
(0.03958457525 0.09664086516 0)
(0.04117012283 0.0517405683 -2.902666378e-22)
(0.03578482919 -0.003255393784 0)
(0.02198183865 -0.07058360445 -5.512184407e-22)
(-0.00126485323 -0.152573547 -1.492376653e-23)
(-0.03310470482 -0.2505949813 2.559736972e-23)
(-0.069092363 -0.3599341482 2.203136145e-22)
(-0.09227827321 -0.4575424494 4.788130837e-24)
(-0.08718090053 -0.4698129378 -5.789419926e-22)
(-0.02103127163 -0.2698972272 0)
(-0.01111631487 0.1085974972 0)
(-0.04248901803 0.194715166 -8.84847353e-22)
(-0.04795529057 0.2258195477 -5.41103674e-22)
(-0.03919536367 0.2282135509 4.543814007e-22)
(-0.01877830964 0.2182328084 -1.709983439e-24)
(0.007664305411 0.202822031 -4.561046825e-23)
(0.03667992431 0.1847619737 5.6966783e-22)
(0.0658299755 0.1647118199 -2.766888869e-23)
(0.09327129829 0.1423128179 -2.069780514e-22)
(0.1173891502 0.1166274953 3.142211903e-23)
(0.1365461586 0.08641144132 -3.425915528e-23)
(0.1489669174 0.05017669331 -3.690592455e-23)
(0.1525275697 0.006159170169 3.205632049e-22)
(0.1449366959 -0.04796126716 6.119603222e-22)
(0.1235159728 -0.1153052881 -5.101168528e-22)
(0.08633532917 -0.2004195626 -1.61605532e-22)
(0.03199088834 -0.3067806572 1.531310995e-22)
(-0.02362123488 -0.4239837126 7.293657187e-23)
(-0.06492413191 -0.4871612768 1.913292306e-21)
(-0.02509971723 -0.3291544728 2.954992248e-21)
(-0.02004680407 0.1460727413 -4.390205714e-23)
(-0.06416406173 0.2112955856 4.417378453e-23)
(-0.05070230651 0.2177300458 1.000188028e-21)
(-0.01934097644 0.2014679947 -8.270590779e-24)
(0.02414464461 0.1809076135 0)
(0.07154121444 0.1606933305 4.363719159e-23)
(0.1190703333 0.1416495459 -2.273850431e-22)
(0.1644767251 0.1233181799 -9.027950699e-23)
(0.2062251072 0.1048117285 3.68073219e-23)
(0.2429642936 0.08507140112 -1.701654175e-23)
(0.2732207496 0.06296147799 3.429968834e-23)
(0.2952536034 0.03726294006 -6.592678122e-23)
(0.3066970995 0.006535070254 -9.303902478e-23)
(0.3049738258 -0.03087769843 1.517043176e-22)
(0.2863936205 -0.07786290796 0)
(0.2470568049 -0.1399300357 1.505607967e-22)
(0.1810922207 -0.2266299746 2.56001431e-22)
(0.0960445002 -0.344389494 0)
(-0.006697617086 -0.455221021 -3.675635968e-21)
(-0.01922408223 -0.3777537581 -2.892621695e-21)
(-0.02591951307 0.2276828811 -9.514203137e-22)
(-0.03998324615 0.223821653 -1.388975895e-22)
(0.03656136846 0.1810585345 -2.335580606e-22)
(0.1090503034 0.1451059065 -1.19374172e-22)
(0.1817191174 0.1172445464 -4.295822801e-23)
(0.2490090705 0.09627907343 9.783171686e-23)
(0.3100336666 0.08002510188 -1.408590954e-22)
(0.3646209289 0.06656815185 1.297174412e-22)
(0.4126252445 0.05449178819 -8.620115414e-23)
(0.4536250248 0.04270894923 1.13218831e-25)
(0.4867878674 0.03032298468 1.527741046e-23)
(0.5107451319 0.01652901937 7.997201409e-23)
(0.5236597418 0.0005365152275 -1.811122978e-22)
(0.5231797985 -0.01863373164 -1.617145307e-22)
(0.5052323399 -0.04286478885 -4.262947608e-23)
(0.4658715067 -0.07633231138 0)
(0.3952696486 -0.1286089382 -1.846479468e-22)
(0.2916071038 -0.2208468097 8.148765498e-22)
(0.1197455099 -0.3525016902 1.631601926e-21)
(0.02670547242 -0.3775497978 2.172656083e-21)
(0.2142894467 0.1347447212 9.864987948e-22)
(0.277631118 0.09870503557 0)
(0.4316592283 0.05810414783 -2.594319478e-22)
(0.5304749341 0.03846264873 -1.741665242e-22)
(0.6016965748 0.02623419029 0)
(0.6571198956 0.01831923404 -6.009085697e-23)
(0.7015213598 0.01313600799 6.377995459e-23)
(0.7376042492 0.009542126092 -1.800155072e-23)
(0.7669368404 0.006804463527 2.885971995e-23)
(0.790210667 0.004464743926 2.315031768e-23)
(0.8074554994 0.002221319933 0)
(0.818262134 -0.0001500748845 -2.873031535e-23)
(0.8216499704 -0.002723848174 0)
(0.816239419 -0.005712668555 2.738147799e-23)
(0.7991333145 -0.009611382758 1.421688571e-23)
(0.7679986345 -0.01500255103 -5.799407113e-23)
(0.7106555755 -0.02502519955 -2.535662133e-22)
(0.623518398 -0.0420428541 -6.918103378e-22)
(0.423009102 -0.09182968084 0)
(0.2705674689 -0.1524021841 -2.119483943e-21)
)


// ************************************************************************* //
