/*--------------------------------*- C++ -*----------------------------------*\
  =========                 |
  \\      /  F ield         | OpenFOAM: The Open Source CFD Toolbox
   \\    /   O peration     | Website:  https://openfoam.org
    \\  /    A nd           | Version:  13
     \\/     M anipulation  |
\*---------------------------------------------------------------------------*/
FoamFile
{
    format      ascii;
    class       scalarField;
    location    "34.3";
    object      p_all;
}
// * * * * * * * * * * * * * * * * * * * * * * * * * * * * * * * * * * * * * //


400
(
2.156113319e-07
-0.0005472586316
-0.0008893146088
-0.001016801123
-0.000937930605
-0.0006850770499
-0.0002958145606
0.0001938862507
0.0007475224726
0.001324608737
0.001879481265
0.002359258018
0.0027085401
0.002874248634
0.002814871698
0.002512423015
0.001987364451
0.001296824504
0.0006378845483
4.197221966e-05
0.0005884012059
7.105760582e-06
-0.0003566488069
-0.0004989964345
-0.0004683354715
-0.0002912402314
2.877774006e-06
0.0003847071917
0.0008228461108
0.001280056458
0.001716512776
0.002081057895
0.002323303255
0.002395865335
0.002264869479
0.001921550983
0.001392667034
0.0007432762542
0.0001456141293
-0.000517092343
0.0009526538179
0.0003082584013
-9.299823719e-05
-0.0002393562041
-0.0002332612201
-0.0001047630725
0.0001220985487
0.0004260107011
0.0007832164585
0.001161706525
0.001529700565
0.001833086956
0.002021945242
0.002047543426
0.001874728669
0.001493673791
0.0009283605921
0.0002353571843
-0.0004631330754
-0.001300127615
0.0009763525446
0.0002581881643
-0.0001920437266
-0.0003443376175
-0.0003536180162
-0.0002566614492
-7.40844471e-05
0.0001815258956
0.0004966140234
0.0008509268691
0.001203265225
0.001510723629
0.00171251663
0.001748118525
0.001568652675
0.001150717765
0.0005061271554
-0.0003183772795
-0.001233730776
-0.002384551721
0.0004807003993
-0.0002848078715
-0.0007637073342
-0.0009153926936
-0.000936407856
-0.0008679886639
-0.0007251004641
-0.0005081823058
-0.0002169420533
0.0001393702349
0.0005303147676
0.000907616306
0.001200053954
0.001326747261
0.001211281654
0.0008004523551
8.020151975e-05
-0.0009174091439
-0.002127408736
-0.003655924036
-0.0006861256455
-0.001466931961
-0.001955998403
-0.002107053881
-0.002149820279
-0.002126456582
-0.002042072393
-0.001879460125
-0.001617361018
-0.001245339461
-0.0007789284796
-0.0002626670169
0.0002208204159
0.0005617009589
0.0006380607369
0.0003417629073
-0.0003927943231
-0.001563836391
-0.003134627766
-0.005141872783
-0.00266159682
-0.003423306073
-0.003915187933
-0.004080583096
-0.004177954589
-0.004246997284
-0.004278001618
-0.004228940792
-0.004047344244
-0.003689406331
-0.003140567116
-0.002426575206
-0.001633328777
-0.0009032517628
-0.0004246329011
-0.0003984898594
-0.0009880324488
-0.002260371524
-0.004232531117
-0.006828110808
-0.005554811751
-0.006269723884
-0.006768010792
-0.006981968292
-0.007195366798
-0.007443263675
-0.007696959693
-0.007882014764
-0.007901978521
-0.007660428565
-0.007087176281
-0.006159333545
-0.004943592184
-0.003604712821
-0.002413776153
-0.001714351132
-0.001843031446
-0.003014840542
-0.005368271547
-0.008662063247
-0.009435035775
-0.01008137099
-0.01059823547
-0.01091047562
-0.01132588014
-0.01187576319
-0.01251113418
-0.01311950105
-0.01354765565
-0.01362322794
-0.01318235947
-0.01212101656
-0.01042793327
-0.008256471928
-0.005956244983
-0.0040618182
-0.003190077657
-0.003842973329
-0.006426364924
-0.01049154919
-0.01431679101
-0.01487579478
-0.01542278856
-0.01588203197
-0.01658986549
-0.01757999072
-0.01878684416
-0.02005896946
-0.02117745281
-0.02187350644
-0.02185728934
-0.020872181
-0.01877185023
-0.01562003269
-0.01179501078
-0.008037273882
-0.005359830078
-0.004760085702
-0.007181103719
-0.01197918187
-0.02015428872
-0.02060452871
-0.02117473076
-0.02179674067
-0.02285209339
-0.0243903421
-0.02633920163
-0.02851358023
-0.03062751707
-0.03230344958
-0.03309520723
-0.03254066047
-0.03028244575
-0.02617865357
-0.02052485617
-0.01420389009
-0.008691500894
-0.0057265709
-0.007219216399
-0.01246636211
-0.02685631528
-0.02716207925
-0.02770252739
-0.02842295256
-0.02978915467
-0.03188908838
-0.03465886634
-0.03788962128
-0.04123389986
-0.04420502062
-0.0461880925
-0.0464787422
-0.04446304693
-0.03966000171
-0.03212099497
-0.02269872477
-0.01326653593
-0.006485898287
-0.005808591204
-0.01076518724
-0.03433467672
-0.03441808877
-0.0347894347
-0.03540452496
-0.03689184022
-0.03940999288
-0.04292003373
-0.04719766365
-0.05184005107
-0.05625835957
-0.05967971205
-0.06119087436
-0.05977950117
-0.05465575247
-0.04544103523
-0.03269968199
-0.01845306618
-0.006245876621
-0.001673922415
-0.004873558358
-0.04260981661
-0.04227939315
-0.04219561731
-0.04229594069
-0.04351368969
-0.0461163884
-0.05009960708
-0.05522037843
-0.06101505823
-0.0667961652
-0.07164010607
-0.07441300455
-0.07383256629
-0.06867488966
-0.05807195699
-0.04206183371
-0.0224400461
-0.003257215809
0.007347076383
0.008341470489
-0.05201032075
-0.05076098018
-0.049677806
-0.04857890447
-0.04892677045
-0.05112020287
-0.0551729054
-0.06079625956
-0.06743556956
-0.07428993607
-0.08028281232
-0.08407626517
-0.0841306996
-0.07883758961
-0.0668428564
-0.04752346784
-0.02212749774
0.005501765082
0.0247153669
0.03352740544
-0.0636559238
-0.06018922302
-0.05709736823
-0.05376441595
-0.05246555974
-0.05368023415
-0.05736508828
-0.06313829609
-0.07026277283
-0.07780123743
-0.08449292707
-0.08878614085
-0.08889846273
-0.08283974091
-0.06885082918
-0.04562085389
-0.01375153284
0.0244169008
0.0555396547
0.07735589442
-0.08018648981
-0.07107504433
-0.0641212984
-0.05716560018
-0.05343176238
-0.0532158545
-0.05625962224
-0.06191465714
-0.06925980913
-0.0771178006
-0.08401306513
-0.08815252335
-0.0874809572
-0.07965668093
-0.06247953196
-0.0340504481
0.005564938599
0.05859412464
0.1058231628
0.1480678705
-0.1105078893
-0.08585519213
-0.07160715734
-0.05897218936
-0.05191459678
-0.04988435333
-0.05210417518
-0.05751034115
-0.06486117356
-0.07271005882
-0.07934147837
-0.08271477612
-0.08052050454
-0.0698874094
-0.04823247862
-0.01272251655
0.03823625963
0.1071322295
0.177978793
0.2564766317
-0.1684380783
-0.09990936452
-0.07500946062
-0.05479908116
-0.04462022677
-0.04158676762
-0.0437194102
-0.04938335148
-0.05701901639
-0.06497258993
-0.07136345848
-0.07398173101
-0.07013052846
-0.05701400992
-0.03102861493
0.01192942286
0.0755996107
0.1664043784
0.2761621572
0.4377044211
-0.398429367
-0.1381005247
-0.07497163052
-0.04708964101
-0.03355071256
-0.03003152344
-0.03280373808
-0.03926656048
-0.0475603579
-0.05594091414
-0.06250192944
-0.06503099666
-0.06099623368
-0.04697003045
-0.01875682541
0.02993555243
0.1069558054
0.2334273934
0.4198803483
0.7800235305
)


// ************************************************************************* //
