/*--------------------------------*- C++ -*----------------------------------*\
  =========                 |
  \\      /  F ield         | OpenFOAM: The Open Source CFD Toolbox
   \\    /   O peration     | Website:  https://openfoam.org
    \\  /    A nd           | Version:  13
     \\/     M anipulation  |
\*---------------------------------------------------------------------------*/
FoamFile
{
    format      ascii;
    class       scalarField;
    location    "0.15";
    object      p_all;
}
// * * * * * * * * * * * * * * * * * * * * * * * * * * * * * * * * * * * * * //


400
(
-1.201698801e-08
0.0005226746161
0.001491159588
0.002896551468
0.00457658403
0.006467992164
0.008520648217
0.01069345058
0.01295084305
0.01526045945
0.0175914407
0.01991331966
0.02219454171
0.02440135335
0.0264960856
0.02843475841
0.03016358055
0.03161437621
0.03261811038
0.0331615647
-0.0004706567965
6.314681513e-05
0.0009462896171
0.002309994605
0.003991580758
0.005928550328
0.008062624189
0.01034451695
0.01273071698
0.01518122346
0.01765778483
0.02012235953
0.02253580696
0.02485634727
0.02703778345
0.02902720894
0.03076185969
0.03217350542
0.03309215242
0.03364759908
-0.001558986499
-0.0008598577446
6.972698862e-05
0.00150317784
0.00326175876
0.005295489127
0.007544759589
0.009957460951
0.01248636936
0.0150873901
0.01771797916
0.02033577082
0.02289712278
0.02535574287
0.02766109891
0.02975664298
0.03157738173
0.03306664017
0.0340371832
0.03476322913
-0.003314344686
-0.00241893661
-0.001391702628
0.0001744493113
0.002077032632
0.004279002248
0.006719556794
0.009343687642
0.01209980392
0.01493864926
0.01781210197
0.02067195351
0.02346866511
0.02615014734
0.02866055792
0.0309392074
0.03291852333
0.03455324796
0.03563060245
0.03656060172
-0.005697653295
-0.00459593729
-0.003423593305
-0.001661258947
0.0004564588486
0.002900844826
0.005608271794
0.008520313665
0.0115809201
0.01473573336
0.01793113225
0.02111316779
0.02422636694
0.02721266912
0.03001046336
0.03255388979
0.03477052053
0.0366210512
0.0378578344
0.03900491375
-0.008762587757
-0.007453135238
-0.006099673092
-0.004086109539
-0.001683096096
0.001083282125
0.00414393752
0.007435201254
0.01089527953
0.0144637088
0.01808047663
0.02168497822
0.02521478183
0.02860456377
0.03178519047
0.03468312252
0.03721754413
0.03934820374
0.04078731048
0.04215693299
-0.0125931119
-0.01107316465
-0.00950155076
-0.007178772789
-0.004413920175
-0.001236992488
0.002274142753
0.006048027022
0.01001536769
0.01410836301
0.01825965126
0.02240106718
0.02646212266
0.03036868776
0.03404180579
0.03739684507
0.04034004285
0.0428219142
0.04451010615
0.04611066022
-0.01730503527
-0.01556904757
-0.01373756684
-0.01104019436
-0.007826811169
-0.004138513084
-6.583290201e-05
0.004308896604
0.008906777779
0.01365128258
0.0184667387
0.02327657964
0.02800120122
0.0325560145
0.03684956947
0.0407820176
0.04424109473
0.04715836968
0.0491514535
0.05099662048
-0.02305047892
-0.02108854216
-0.01894634652
-0.01579547996
-0.01203086303
-0.007713117863
-0.002950229586
0.002160994193
0.007529811973
0.01306977874
0.01869639093
0.02432441165
0.02986462451
0.0352207205
0.04028610637
0.04494101904
0.04904775605
0.0525068349
0.05487661876
0.05698857909
-0.0300271672
-0.02782216235
-0.02530342002
-0.02159866893
-0.01715639074
-0.0120673974
-0.006463305983
-0.0004595298484
0.005839255772
0.0123361778
0.0189384427
0.02555316685
0.03208237236
0.03841794112
0.04443616557
0.04999241925
0.05491484126
0.05905696632
0.06190127448
0.06431660539
-0.03849455978
-0.03601585837
-0.03303043295
-0.02863791106
-0.02335671254
-0.01732212928
-0.01069757333
-0.003621657498
0.003785534507
0.01141759278
0.01917593526
0.0269633947
0.03467660438
0.04219798266
0.04938663581
0.05606874171
0.06202767687
0.06704838573
0.07050757256
0.07328969126
-0.04880156118
-0.04599097081
-0.04240820748
-0.03714105173
-0.03080807514
-0.02360870319
-0.0157487634
-0.007394719667
0.001317934861
0.01027664207
0.01938274018
0.02854191799
0.03765298598
0.0465956448
0.05521585277
0.06330898108
0.07060219099
0.07678277752
0.08106869692
0.08433488541
-0.06143568021
-0.05817565015
-0.05379488989
-0.04738065806
-0.03970567603
-0.03106022959
-0.02170540582
-0.01183897765
-0.001608779073
0.00887400498
0.01952116282
0.03025392756
0.04098722388
0.05161206869
0.06197323953
0.0718409585
0.0808779082
0.08863719953
0.09408584144
0.09806751063
-0.07711369241
-0.07315510938
-0.06765039211
-0.05967589163
-0.05025181057
-0.03979338623
-0.02862972124
-0.0169890402
-0.0050224807
0.007174153308
0.01954033884
0.03203292376
0.04460566511
0.05718590955
0.06964317093
0.08174441348
0.09309376117
0.1030728591
0.1102422719
0.1154210568
-0.09695943767
-0.0917527473
-0.08456577567
-0.07438431445
-0.06262829496
-0.04987436431
-0.03652498166
-0.02282680871
-0.008914185687
0.00515615073
0.01937711138
0.03376966942
0.04835964525
0.06315037468
0.07808412422
0.09297850936
0.1074248762
0.1206231824
0.130483601
0.1379080349
-0.1228907994
-0.1151742722
-0.1052968505
-0.09187208089
-0.07694095921
-0.06125996477
-0.04528397867
-0.02924105388
-0.01320914805
0.00283148093
0.0189621622
0.03530366556
0.0519963309
0.06917513929
0.08693280025
0.1052469461
0.1238368263
0.1418273742
0.1561516117
0.168182947
-0.158405806
-0.1452079257
-0.1307613782
-0.1124176314
-0.09309600467
-0.07368402997
-0.05459877494
-0.03596157954
-0.01772191477
0.000272605146
0.01823398857
0.03641890758
0.05512605742
0.07468825655
0.09545276457
0.1177408661
0.1417263505
0.1668980028
0.1889168223
0.2108293095
-0.2115392124
-0.1847129479
-0.1620584925
-0.1360319846
-0.1105639382
-0.08645463074
-0.06381091238
-0.04245478503
-0.02208248154
-0.002330083017
0.01719243348
0.03688974394
0.05725233947
0.07886404494
0.1024132949
0.1287690769
0.1590592283
0.194170442
0.2289453166
0.2733635805
-0.2962599091
-0.2320972321
-0.1953755609
-0.1590001298
-0.1261805661
-0.09709591916
-0.07108261072
-0.04741108824
-0.02540122555
-0.004431233383
0.01607282808
0.03665176917
0.05794356556
0.08075297704
0.1061312815
0.1356272575
0.171740555
0.219142514
0.276130918
0.3886935559
-0.5514304242
-0.3020869312
-0.2262848704
-0.1756681981
-0.1348621458
-0.1017570628
-0.07372589721
-0.04899748166
-0.0264390371
-0.005202776773
0.01541751643
0.03610326698
0.05760897982
0.08100608456
0.1079910457
0.1418209194
0.1889019499
0.2649440357
0.3848651425
0.6897217149
)


// ************************************************************************* //
