/*--------------------------------*- C++ -*----------------------------------*\
  =========                 |
  \\      /  F ield         | OpenFOAM: The Open Source CFD Toolbox
   \\    /   O peration     | Website:  https://openfoam.org
    \\  /    A nd           | Version:  13
     \\/     M anipulation  |
\*---------------------------------------------------------------------------*/
FoamFile
{
    format      ascii;
    class       scalarField;
    location    "28.42";
    object      p_all;
}
// * * * * * * * * * * * * * * * * * * * * * * * * * * * * * * * * * * * * * //


400
(
6.639450157e-07
-0.0005467355648
-0.0008887781231
-0.001016250632
-0.0009373920245
-0.0006845551604
-0.0002952821643
0.0001944601368
0.0007481386115
0.001325234086
0.001880078703
0.002359819406
0.002709084967
0.002874805716
0.002815459859
0.002513045477
0.001988016166
0.001297500399
0.0006385767151
4.267571366e-05
0.00058890657
7.613536143e-06
-0.0003561295268
-0.0004984408929
-0.0004677595217
-0.0002906842586
3.391026751e-06
0.0003851980546
0.0008233609528
0.001280625362
0.001717124119
0.00208167977
0.00232390686
0.002396444839
0.002265442722
0.001922143771
0.001393296029
0.0007439422382
0.0001463027608
-0.0005163909119
0.0009531563345
0.0003087645409
-9.250466574e-05
-0.0002388475729
-0.0002327120275
-0.0001041788814
0.0001226843149
0.0004265682157
0.0007837479388
0.00116224422
0.001530265474
0.001833684569
0.002022558872
0.002048151648
0.001875324741
0.001494271021
0.0009289799294
0.0002360091548
-0.0004624562549
-0.001299433005
0.0009768528507
0.0002587175915
-0.0001915256329
-0.0003438389135
-0.000353117127
-0.0002561311103
-7.351710221e-05
0.000182112471
0.0004971957158
0.0008514954524
0.001203837721
0.001511308433
0.001713115159
0.001748722276
0.001569253214
0.001151318618
0.0005067434801
-0.0003177330428
-0.001233062331
-0.002383858705
0.0004811817606
-0.0002842837281
-0.0007631595685
-0.0009148501903
-0.0009358819314
-0.0008674675189
-0.0007245604295
-0.0005076086594
-0.0002163395829
0.0001399862983
0.0005309342485
0.0009082333491
0.001200667508
0.001327357615
0.001211889845
0.0008010640055
8.082797137e-05
-0.0009167586735
-0.002126737131
-0.00365522828
-0.0006856370654
-0.001466429114
-0.001955460687
-0.002106490058
-0.002149249621
-0.00212589242
-0.00204150997
-0.001878881375
-0.001616751243
-0.001244698262
-0.0007782664037
-0.0002619996895
0.000221480386
0.0005623488074
0.0006386996543
0.0003424020054
-0.0003921434296
-0.001563165953
-0.003133939342
-0.00514116185
-0.002661060133
-0.003422781841
-0.00391465102
-0.004080017135
-0.004177359695
-0.004246386093
-0.004277384564
-0.004228315464
-0.004046698674
-0.003688731402
-0.003139863798
-0.00242585535
-0.001632609013
-0.0009025446273
-0.0004239412641
-0.0003978070456
-0.0009873469475
-0.002259673844
-0.004231818391
-0.006827377196
-0.00555422934
-0.006269145483
-0.006767434323
-0.006981377887
-0.007194748976
-0.007442616194
-0.007696288571
-0.007881325195
-0.007901269048
-0.007659694641
-0.007086416878
-0.006158554553
-0.004942807828
-0.003603938568
-0.002413021507
-0.001713615666
-0.001842306349
-0.003014113846
-0.005367533635
-0.008661305694
-0.009434425686
-0.01008074517
-0.01059760172
-0.01090983136
-0.01132521586
-0.01187507016
-0.01251040872
-0.01311874439
-0.01354687027
-0.01362241608
-0.01318152409
-0.01212016546
-0.0104270783
-0.008255628302
-0.00595542556
-0.004061027943
-0.003189311592
-0.003842218285
-0.006425604704
-0.01049077134
-0.01431614809
-0.01487513566
-0.01542210738
-0.01588132873
-0.01658913832
-0.01757923477
-0.01878605347
-0.02005814097
-0.02117658787
-0.02187261041
-0.02185637046
-0.02087125008
-0.01877092065
-0.01561911979
-0.01179412856
-0.008036430353
-0.005359023672
-0.004759303763
-0.007180325628
-0.01197839067
-0.02015359493
-0.02060383406
-0.02117401327
-0.02179599044
-0.02285130754
-0.02438951941
-0.02633833959
-0.02851267708
-0.03062657468
-0.03230247482
-0.03309421107
-0.03253965686
-0.03028144965
-0.0261776805
-0.02052392
-0.01420300019
-0.008690658553
-0.005725765756
-0.007218426813
-0.01246556776
-0.02685556749
-0.02716134222
-0.02770177654
-0.02842216883
-0.02978832758
-0.03188821412
-0.03465794473
-0.03788865503
-0.04123289511
-0.04420398753
-0.04618704449
-0.04647769622
-0.04446201349
-0.03965899637
-0.03212002989
-0.02269780866
-0.01326567214
-0.00648508037
-0.005807800848
-0.01076440425
-0.03433389034
-0.03441731457
-0.0347886555
-0.035403721
-0.03689099457
-0.03940909515
-0.04291908181
-0.04719666349
-0.05183901422
-0.05625730184
-0.0596786501
-0.06118982202
-0.05977847557
-0.05465476171
-0.04544008613
-0.03269877887
-0.0184522117
-0.006245067865
-0.001673148846
-0.004872805517
-0.04260901114
-0.04227859941
-0.04219482511
-0.04229513487
-0.04351285111
-0.04611550033
-0.05009866248
-0.05521938366
-0.06101402819
-0.06679512179
-0.07163907142
-0.07441199654
-0.07383159758
-0.06867396546
-0.05807107734
-0.04206099477
-0.0224392454
-0.003256450292
0.007347808256
0.008342172673
-0.05200951096
-0.05076018766
-0.04967702396
-0.04857812107
-0.04892596562
-0.05111935513
-0.05517200167
-0.06079530603
-0.06743458011
-0.07428893771
-0.08028183224
-0.08407532573
-0.08412981569
-0.07883676384
-0.06684208348
-0.047522734
-0.02212679282
0.00550244856
0.02471602902
0.03352803846
-0.06365512259
-0.06018844918
-0.05709661908
-0.05376367914
-0.05246481133
-0.05367944753
-0.05736424084
-0.06313740967
-0.07026184322
-0.07780029946
-0.08449201204
-0.08878527594
-0.0888976713
-0.08283901633
-0.06885016861
-0.04562023641
-0.01375094646
0.02441748144
0.05554022676
0.07735644962
-0.0801857143
-0.07107430369
-0.06412059856
-0.05716492716
-0.05343108485
-0.05321513965
-0.05625885
-0.06191382873
-0.06925893968
-0.07711692079
-0.08401220777
-0.08815171741
-0.08748021803
-0.07965603153
-0.06247895852
-0.03404993168
0.005565392103
0.05859464934
0.1058236538
0.1480683547
-0.1105071578
-0.08585449635
-0.07160651192
-0.0589715808
-0.05191399003
-0.04988370609
-0.05210346695
-0.05750957123
-0.06486035875
-0.07270922922
-0.07934066837
-0.08271401781
-0.08051982893
-0.06988680735
-0.04823195354
-0.01272205183
0.0382366857
0.1071326601
0.1779792222
0.2564770562
-0.1684373923
-0.09990870772
-0.07500885232
-0.0547985141
-0.04461966276
-0.04158616697
-0.04371875005
-0.04938262925
-0.05701824668
-0.0649718001
-0.07136268045
-0.07398099369
-0.07012985192
-0.05701342014
-0.03102810097
0.01192987638
0.07560002488
0.1664047811
0.276162557
0.4377048273
-0.3984286799
-0.1380998724
-0.07497103235
-0.04708908516
-0.03355016356
-0.03003094405
-0.03280310492
-0.03926586855
-0.04755961843
-0.05594015075
-0.06250117143
-0.06503027254
-0.06099556523
-0.04696943378
-0.01875629805
0.02993602198
0.1069562351
0.2334278062
0.4198807565
0.7800239423
)


// ************************************************************************* //
