/*--------------------------------*- C++ -*----------------------------------*\
  =========                 |
  \\      /  F ield         | OpenFOAM: The Open Source CFD Toolbox
   \\    /   O peration     | Website:  https://openfoam.org
    \\  /    A nd           | Version:  13
     \\/     M anipulation  |
\*---------------------------------------------------------------------------*/
FoamFile
{
    format      ascii;
    class       vectorField;
    location    "41.07";
    object      U_all;
}
// * * * * * * * * * * * * * * * * * * * * * * * * * * * * * * * * * * * * * //


400
(
(1.100461517e-05 -3.783282261e-05 0)
(-0.0006660966397 0.0004130427286 -1.55119496e-23)
(-0.002185374684 0.0009203938016 0)
(-0.004047832408 0.001312780812 0)
(-0.005971867938 0.001535065518 6.845547056e-25)
(-0.007762783465 0.001569847747 4.151052804e-24)
(-0.009284546043 0.001423563825 -7.37325606e-24)
(-0.01043594233 0.001119723745 7.530858258e-24)
(-0.01113681477 0.0006960830569 -2.095427037e-25)
(-0.01132711114 0.000203077933 -3.994703482e-24)
(-0.01097177182 -0.0003002334481 5.803675781e-24)
(-0.01007232717 -0.0007475164435 -5.929605305e-23)
(-0.008679879785 -0.0010755628 -6.552731206e-23)
(-0.006902853149 -0.001233044424 -7.784328271e-23)
(-0.004910738383 -0.001192638533 4.573601687e-24)
(-0.002927232082 -0.0009619204923 -4.137950329e-24)
(-0.001205299245 -0.0005912117664 -1.998768362e-22)
(-1.90688434e-05 -0.000169882902 0)
(0.0005181531307 0.0001720859997 1.509693001e-25)
(0.0002227509412 0.0003059789562 -2.554214132e-24)
(-0.0002633632788 0.0008289684324 1.383060934e-25)
(-0.002703305521 0.003383841542 1.560990199e-23)
(-0.006907276987 0.005604501241 1.555187662e-25)
(-0.0119523199 0.007008207309 -8.495259846e-25)
(-0.01713504443 0.007553775578 1.162116634e-24)
(-0.02197535426 0.007294199374 1.306877367e-23)
(-0.02611076066 0.006321894367 1.388610654e-24)
(-0.02926564725 0.004754193816 -7.282584519e-24)
(-0.03122673019 0.002737152754 1.015276709e-23)
(-0.03184200986 0.0004524067743 4.510056012e-24)
(-0.03102761417 -0.001884144186 -6.318953561e-24)
(-0.02879316575 -0.004023029399 2.961655857e-24)
(-0.02527138311 -0.005708354566 3.895548059e-23)
(-0.02073194867 -0.006707409535 -1.95477801e-24)
(-0.01558962665 -0.006854140086 3.754497124e-24)
(-0.01038513457 -0.006097464347 -9.741016913e-23)
(-0.005730272876 -0.004546186774 9.637735879e-23)
(-0.002233367687 -0.002507419346 -3.961355452e-25)
(-0.0001817766105 -0.0005023724171 4.061261559e-25)
(8.343440351e-05 0.0006099258248 0)
(-0.0004188233703 0.002935079219 -2.910496791e-25)
(-0.004647874779 0.008804014655 1.70218128e-23)
(-0.01137196055 0.01324042384 -8.282681355e-24)
(-0.01932729152 0.01579204132 -2.075287512e-25)
(-0.0274741176 0.01653000064 2.038753306e-25)
(-0.03511778831 0.01564441666 6.834984488e-27)
(-0.04171344742 0.01335997547 -1.221084462e-24)
(-0.0468357159 0.009919770415 -4.551743437e-25)
(-0.05014988792 0.005602432949 -1.063096989e-23)
(-0.05141231828 0.0007444206465 0)
(-0.05047793242 -0.004241780139 0)
(-0.04733706265 -0.008887186835 2.671039518e-23)
(-0.04215927865 -0.01268176948 2.813047558e-23)
(-0.03531437344 -0.01513605188 -1.646177697e-24)
(-0.02738996171 -0.01586189553 4.845908693e-23)
(-0.01917005845 -0.01467334136 9.419318337e-23)
(-0.01156090778 -0.01169360335 3.975722159e-23)
(-0.005465413181 -0.007450742718 4.142069369e-25)
(-0.001451100924 -0.002936043527 1.073636181e-25)
(-9.072796393e-05 0.0002258772935 0)
(-0.0005024632957 0.006045350198 -4.248994725e-23)
(-0.006402740059 0.01637075517 -1.692405347e-23)
(-0.01553502428 0.02355933517 8.209530016e-24)
(-0.02627912051 0.02744162579 0)
(-0.0372874677 0.02832102187 0)
(-0.04769037486 0.02658772569 0)
(-0.05679662987 0.02263120346 -4.469003807e-26)
(-0.06405383931 0.01683609249 -2.136409182e-24)
(-0.06901081375 0.009622183023 0)
(-0.07130827756 0.001491049315 1.635489915e-24)
(-0.07070853435 -0.006936504163 2.80279943e-25)
(-0.06713039377 -0.01493018846 -2.810647203e-25)
(-0.06069905577 -0.02166728165 0)
(-0.0518075047 -0.02631605782 4.133335676e-23)
(-0.04114991574 -0.02816070914 -4.681619999e-23)
(-0.0297197013 -0.02677372269 -2.761974444e-23)
(-0.0187371666 -0.02221530535 -3.960868648e-23)
(-0.009488029213 -0.01521922185 7.795856877e-25)
(-0.002976881011 -0.007298194529 9.79025228e-23)
(-0.0002318801437 -0.0008661676639 0)
(-0.0005316133491 0.01009501609 4.269656547e-23)
(-0.007983593028 0.02595219547 4.785095027e-25)
(-0.01939687461 0.03642882791 -4.675805022e-25)
(-0.03282382416 0.04185520653 0)
(-0.04664688969 0.04289485189 7.782712595e-25)
(-0.05985229643 0.04020074035 -7.674802455e-25)
(-0.07163291345 0.03434741703 3.672216941e-23)
(-0.08132751181 0.02585664121 1.848131628e-23)
(-0.08836600964 0.01527298358 6.238662874e-24)
(-0.09225469392 0.003246147001 -1.637395283e-24)
(-0.09260379633 -0.009407832541 0)
(-0.08917555372 -0.02167478019 4.370715687e-25)
(-0.08195979127 -0.03236745047 1.009046217e-23)
(-0.07126885313 -0.04021250146 -4.349371669e-23)
(-0.05782018681 -0.04402046379 1.932934354e-24)
(-0.04278582842 -0.04294829434 4.21735678e-23)
(-0.02775450262 -0.03683347003 -3.841887481e-25)
(-0.01455062324 -0.02652721017 0)
(-0.004859462704 -0.0140845449 5.436540609e-23)
(-0.0003641484193 -0.002846953173 -2.565065492e-22)
(-0.0005272211539 0.01499927659 9.841375895e-23)
(-0.00937792531 0.03739022261 -4.907662426e-25)
(-0.02288182762 0.05170222976 0)
(-0.03883043491 0.05894183071 0)
(-0.05538656724 0.06025574541 -8.732036136e-23)
(-0.07142876612 0.05661900972 -8.499007251e-23)
(-0.08606654076 0.04880168709 -4.067464833e-23)
(-0.09855085906 0.03743980499 -1.504332278e-23)
(-0.1081945301 0.02315983993 -5.368725336e-24)
(-0.1143444718 0.006709679816 -8.17490055e-24)
(-0.1164046197 -0.01093292087 6.601018742e-24)
(-0.1138937388 -0.02848944968 8.826492847e-24)
(-0.1065486966 -0.04437046175 -1.892317517e-23)
(-0.09446803888 -0.0567533369 4.606719247e-24)
(-0.07826856733 -0.06378298617 0)
(-0.05922895282 -0.06393495409 -1.572936598e-23)
(-0.03933981788 -0.0565381629 -2.426903154e-26)
(-0.02114188755 -0.04235809125 0)
(-0.007318702539 -0.02398229404 -1.520635561e-22)
(-0.0005216163967 -0.005925544939 6.056245144e-22)
(-0.0004990820726 0.02064574458 -9.774329169e-23)
(-0.01052950947 0.05045438043 2.831968532e-22)
(-0.02582957427 0.069125116 1.526854221e-22)
(-0.0440213829 0.07849257826 3.619258676e-24)
(-0.06310739145 0.08029476323 -7.319359185e-23)
(-0.08190405017 0.07588042803 9.043458172e-23)
(-0.09947763554 0.06621690575 -3.590190551e-24)
(-0.1150227359 0.05201694971 -1.729160167e-24)
(-0.127751916 0.03392358459 2.524146096e-24)
(-0.1368472581 0.01270233232 7.382540214e-24)
(-0.1414710504 -0.01058782222 -6.500772577e-24)
(-0.1408248164 -0.03446024227 -9.787895485e-24)
(-0.1342745951 -0.05692771547 -3.261739559e-23)
(-0.1215450221 -0.07553316052 -3.661347424e-23)
(-0.1029672639 -0.08754260407 5.645662928e-25)
(-0.07976369737 -0.09039209531 0)
(-0.05426682351 -0.08244513638 0)
(-0.02987160854 -0.06397736783 -2.906044519e-24)
(-0.01066285103 -0.03798794683 2.970493303e-24)
(-0.0007350935277 -0.01050089497 1.027872383e-22)
(-0.000447916352 0.02687251063 0)
(-0.01134923181 0.06480757352 2.001980516e-22)
(-0.02801599625 0.08829617041 8.962051078e-23)
(-0.04799857306 0.1001234927 0)
(-0.06920601972 0.1027076537 1.569877558e-22)
(-0.09044373165 0.09781578483 0)
(-0.1107831674 0.08661102918 -1.428385604e-22)
(-0.1294093753 0.06983950274 6.515542228e-24)
(-0.1454771623 0.04808232163 0)
(-0.1580351802 0.02201755605 0)
(-0.1660133446 -0.007334438712 -1.374407479e-24)
(-0.1682671549 -0.03838839562 -9.316723745e-25)
(-0.1637064689 -0.06883975637 1.491973835e-22)
(-0.1515208752 -0.09558275506 -4.704639314e-23)
(-0.1315134543 -0.1148298633 -2.56094918e-24)
(-0.1045596064 -0.1225703388 1.534707704e-24)
(-0.07309349785 -0.1155517947 -1.558916615e-24)
(-0.0413502141 -0.09283115443 0)
(-0.01525230236 -0.05740767581 3.203803805e-24)
(-0.001044308961 -0.01714714484 -1.012912043e-21)
(-0.0003744664224 0.03346304449 0)
(-0.01175006024 0.07998918544 -1.128283936e-22)
(-0.02920707855 0.1086390919 -6.191139507e-22)
(-0.0503174497 0.1232233966 -3.755302278e-22)
(-0.07296317426 0.126909701 0)
(-0.09598960196 0.1219255619 4.119451816e-22)
(-0.1185273483 0.1096348627 1.260922561e-22)
(-0.1398146418 0.09078245764 -5.581828292e-24)
(-0.1590221548 0.06581393113 5.554201241e-24)
(-0.1751461003 0.03520881111 0)
(-0.1869559986 -0.0001967462912 2.912128873e-23)
(-0.1930172651 -0.03889754175 4.695833638e-24)
(-0.1917809916 -0.07843888299 -1.076806304e-22)
(-0.1817874437 -0.115186535 8.004181792e-23)
(-0.1620570433 -0.1442599436 -2.41974153e-22)
(-0.1327061996 -0.1598548602 0)
(-0.09577888102 -0.1563112864 0)
(-0.05601633004 -0.1302981067 0)
(-0.02147859106 -0.08381135018 0)
(-0.001500384521 -0.02665516284 5.572106236e-22)
(-0.0002873899638 0.04016077655 0)
(-0.01169359593 0.09543611327 -3.493010878e-22)
(-0.02924438224 0.1294073603 8.932790461e-22)
(-0.0506094723 0.1469299141 3.617174738e-22)
(-0.0737008262 0.1519748646 0)
(-0.09745151118 0.1472757937 -3.86254994e-22)
(-0.1211069835 0.134419193 -3.174427182e-23)
(-0.1440324783 0.1141393306 3.333102573e-22)
(-0.1655143233 0.08670006561 1.769473683e-22)
(-0.184624852 0.05229123508 -4.060150189e-23)
(-0.2001325811 0.01141716268 1.656821504e-23)
(-0.2104622445 -0.03471424007 -8.265244374e-24)
(-0.213720853 -0.08376563407 3.371857058e-22)
(-0.2078215499 -0.1318756323 0)
(-0.1908238534 -0.1732756109 2.420910554e-22)
(-0.1616335733 -0.2002593366 5.774762963e-24)
(-0.1211662685 -0.2040121682 -5.86088176e-24)
(-0.07384989752 -0.1772119935 1.548443188e-22)
(-0.02971786801 -0.1188642313 -5.435445023e-24)
(-0.002179545084 -0.04005398698 0)
(-0.0002117198859 0.04671639912 0)
(-0.01125001052 0.1105498106 0)
(-0.02815624403 0.1497354978 -5.022752822e-22)
(-0.04874479267 0.1701517576 -1.880996706e-23)
(-0.07100086627 0.176625712 2.038377242e-23)
(-0.09399451501 0.1724526487 -2.014309756e-23)
(-0.11714343 0.1594870968 -2.316882037e-23)
(-0.1400179502 0.138480507 -3.029821342e-22)
(-0.1621328887 0.109516071 6.698613209e-23)
(-0.1827959032 0.07245186979 4.513175743e-23)
(-0.2009835552 0.0273492892 -4.577718899e-23)
(-0.215227026 -0.02508697626 0)
(-0.223556221 -0.08298351171 -7.839677234e-23)
(-0.2234632195 -0.1427257308 0)
(-0.2120679431 -0.1981820855 -3.739560839e-22)
(-0.1867434547 -0.2400773669 5.244951028e-22)
(-0.1464438301 -0.2560773387 0)
(-0.09394567702 -0.2331209483 -1.493989433e-22)
(-0.04022000974 -0.1639613644 1.937545823e-22)
(-0.003201100232 -0.05861063079 -3.411525332e-22)
(-0.0002015408297 0.05297585017 0)
(-0.01067261844 0.1248172368 9.182865872e-22)
(-0.02628446645 0.1687424555 -2.440684393e-23)
(-0.04501107814 0.1916455113 9.193336902e-22)
(-0.06494597543 0.1992921028 -2.512085659e-23)
(-0.08536628608 0.1956104295 2.838843233e-23)
(-0.1059305658 0.1827886825 -2.812929302e-23)
(-0.1264924196 0.1616583497 -1.660917407e-23)
(-0.1468996854 0.1321762295 -5.260227429e-22)
(-0.1668458162 0.09389646641 -8.906625717e-24)
(-0.1857303028 0.04640576363 9.660193808e-24)
(-0.202478169 -0.01023784631 3.3130772e-22)
(-0.2154154617 -0.0749982018 -5.820739037e-22)
(-0.222020972 -0.145031182 0)
(-0.2188032108 -0.2146760597 8.887321279e-22)
(-0.2016257528 -0.2740016401 -4.940883852e-22)
(-0.1668639194 -0.3075811934 -1.572222173e-23)
(-0.1140220094 -0.295381189 0)
(-0.05288482008 -0.2195802561 -1.8901796e-22)
(-0.00474918814 -0.08377277873 3.360583187e-22)
(-0.0003641984477 0.05902317706 1.551009754e-23)
(-0.0104957393 0.1379881482 -8.764193649e-22)
(-0.02441389536 0.1856804075 -1.157058906e-21)
(-0.04026724472 0.2101384723 -8.628985951e-22)
(-0.05630729691 0.2182348885 0)
(-0.07214856663 0.2146190248 3.513804906e-23)
(-0.08779221757 0.2018791941 -7.294865586e-23)
(-0.1034562807 0.1810005602 5.867883694e-23)
(-0.119398389 0.1518997241 3.021366103e-22)
(-0.1357931564 0.1139150574 -1.128195557e-23)
(-0.1526082337 0.06621425045 0)
(-0.1694521392 0.008177204782 -3.603929208e-22)
(-0.1852760615 -0.06015987529 7.51566743e-22)
(-0.1980448534 -0.1372746992 8.831703087e-22)
(-0.204354628 -0.2189261867 -5.296626256e-22)
(-0.1990977625 -0.2959712891 5.162688465e-22)
(-0.1760605339 -0.3514072566 1.078231836e-23)
(-0.1300890636 -0.3584150761 -1.095546859e-23)
(-0.06688803312 -0.2843276492 -8.215372414e-23)
(-0.007083319938 -0.1169964408 0)
(-0.0009095775782 0.06540041508 -1.911486322e-23)
(-0.01167591733 0.1502816394 -1.326965273e-21)
(-0.02388882105 0.2000659534 1.094237307e-21)
(-0.03601340493 0.2244216938 6.734929335e-22)
(-0.04657308844 0.2316588217 6.014631316e-22)
(-0.05577038629 0.2272393675 6.643956562e-22)
(-0.06411245903 0.2141774863 -4.458677251e-23)
(-0.07227561827 0.1936494376 -3.461336945e-22)
(-0.08096973152 0.1656028318 2.152162272e-22)
(-0.0908719253 0.1292707361 0)
(-0.1025547474 0.08353082571 0)
(-0.1163622177 0.02720010855 2.655396633e-22)
(-0.132158958 -0.04062005854 8.194326348e-23)
(-0.1489252338 -0.120012829 -2.821623007e-22)
(-0.16412843 -0.208930067 -5.411270905e-23)
(-0.1727877636 -0.3006992485 1.301951764e-22)
(-0.1670311317 -0.3793329079 -3.400502798e-22)
(-0.1365292446 -0.4136451946 -1.593869759e-23)
(-0.08018250161 -0.3538326183 8.204145016e-23)
(-0.01050762295 -0.1594130559 -6.032166336e-22)
(-0.002260498432 0.0734888349 0)
(-0.01580355705 0.1626521759 2.14587412e-21)
(-0.02665042681 0.2117904715 0)
(-0.03422339748 0.2333947245 -1.351807721e-21)
(-0.03759398663 0.2377766799 6.184050371e-23)
(-0.03799685447 0.23125535 -6.193094217e-22)
(-0.03668266138 0.2171898994 -4.756283868e-22)
(-0.0348903662 0.1968934484 8.30125422e-22)
(-0.03378838229 0.1703342384 -1.885697883e-22)
(-0.03449876777 0.1367221083 0)
(-0.03811573056 0.0947967374 0)
(-0.04564992767 0.04304286735 2.410616475e-23)
(-0.05790804629 -0.02013781056 -6.007197789e-22)
(-0.0751459886 -0.09620650029 -4.309566406e-22)
(-0.0964517528 -0.1855556154 4.637861753e-22)
(-0.1183462642 -0.2853567753 -6.488733483e-22)
(-0.1332715402 -0.3838386515 9.119945448e-23)
(-0.1265351 -0.4504358694 2.937356492e-23)
(-0.08899154127 -0.4198536356 5.660447553e-22)
(-0.01526917935 -0.2111719721 6.020799066e-22)
(-0.005180899552 0.08598045945 0)
(-0.02525550782 0.1766291182 1.465579577e-22)
(-0.03483408138 0.2205961536 -4.91714336e-23)
(-0.03640014064 0.2354859325 7.642928785e-22)
(-0.03018483254 0.2343406727 -7.005376456e-22)
(-0.01916579657 0.224160386 4.746479939e-23)
(-0.005615152726 0.2083525828 -1.018609506e-22)
(0.008569604972 0.1881241079 -3.38988821e-22)
(0.02179885857 0.1633911269 2.062822518e-22)
(0.03262781127 0.1333242737 0)
(0.03958458206 0.09664086282 0)
(0.04117012918 0.05174056569 -2.902667312e-22)
(0.03578483506 -0.003255396461 0)
(0.02198184398 -0.07058360703 -5.51218618e-22)
(-0.001264848522 -0.1525735494 -1.492376929e-23)
(-0.03310470086 -0.2505949835 2.559739171e-23)
(-0.06909235982 -0.3599341504 2.203139756e-22)
(-0.09227827111 -0.4575424514 4.788108366e-24)
(-0.08718089966 -0.4698129401 -5.789416228e-22)
(-0.02103127153 -0.2698972287 0)
(-0.01111631554 0.1085974975 0)
(-0.04248901937 0.1947151672 -8.848477199e-22)
(-0.04795529087 0.22581955 -5.411038515e-22)
(-0.03919536147 0.228213554 4.54381539e-22)
(-0.01877830514 0.2182328117 -1.709982547e-24)
(0.007664311478 0.2028220338 -4.561048256e-23)
(0.03667993126 0.1847619756 5.696680696e-22)
(0.06582998287 0.1647118208 -2.766890001e-23)
(0.09327130573 0.1423128177 -2.069781405e-22)
(0.1173891574 0.1166274942 3.142213052e-23)
(0.1365461653 0.08641143957 -3.425916679e-23)
(0.1489669234 0.05017669119 -3.690593611e-23)
(0.152527575 0.006159167922 3.205633047e-22)
(0.1449367004 -0.04796126928 6.119605214e-22)
(0.1235159767 -0.11530529 -5.101170493e-22)
(0.08633533234 -0.2004195642 -1.616056992e-22)
(0.03199089115 -0.3067806585 1.531309334e-22)
(-0.02362123282 -0.4239837138 7.293655022e-23)
(-0.06492413104 -0.4871612781 1.913291994e-21)
(-0.0250997171 -0.3291544738 2.954991895e-21)
(-0.0200468048 0.1460727405 -4.390207066e-23)
(-0.06416406296 0.2112955857 4.417379813e-23)
(-0.05070230681 0.2177300481 1.00018838e-21)
(-0.01934097503 0.2014679981 -8.270546586e-24)
(0.02414464764 0.1809076174 0)
(0.07154121866 0.1606933342 4.363720919e-23)
(0.1190703384 0.1416495487 -2.273851345e-22)
(0.1644767307 0.1233181817 -9.027954662e-23)
(0.2062251132 0.1048117291 3.680733667e-23)
(0.2429642995 0.08507140084 -1.701654792e-23)
(0.2732207553 0.06296147699 3.429969986e-23)
(0.2952536084 0.03726293863 -6.59268017e-23)
(0.3066971039 0.006535068693 -9.3039051e-23)
(0.3049738294 -0.03087769994 1.517043778e-22)
(0.2863936234 -0.07786290926 0)
(0.2470568072 -0.1399300366 1.505609843e-22)
(0.1810922226 -0.2266299751 2.560014144e-22)
(0.09604450165 -0.3443894946 0)
(-0.006697616307 -0.4552210216 -3.675635455e-21)
(-0.01922408208 -0.3777537586 -2.892621354e-21)
(-0.02591951349 0.2276828802 -9.514204163e-22)
(-0.03998324626 0.223821653 -1.388976307e-22)
(0.03656136879 0.1810585364 -2.335581388e-22)
(0.1090503038 0.1451059094 -1.193741823e-22)
(0.1817191185 0.1172445495 -4.295825194e-23)
(0.2490090722 0.09627907611 9.783178313e-23)
(0.3100336689 0.0800251039 -1.40859178e-22)
(0.3646209317 0.06656815312 1.297175011e-22)
(0.4126252478 0.05449178875 -8.620118826e-23)
(0.4536250284 0.04270894921 1.13219062e-25)
(0.486787871 0.03032298424 1.527741524e-23)
(0.5107451353 0.01652901869 7.99720392e-23)
(0.5236597447 0.0005365144831 -1.811123583e-22)
(0.5231798008 -0.01863373239 -1.617145926e-22)
(0.5052323416 -0.04286478949 -4.262951542e-23)
(0.4658715079 -0.07633231182 0)
(0.3952696496 -0.1286089384 -1.846478448e-22)
(0.2916071046 -0.2208468099 8.148764477e-22)
(0.1197455104 -0.3525016903 1.631601758e-21)
(0.02670547255 -0.3775497979 2.172656e-21)
(0.2142894469 0.1347447208 9.864989081e-22)
(0.2776311185 0.09870503581 0)
(0.431659229 0.05810414838 -2.594320628e-22)
(0.5304749345 0.03846264961 -1.741666297e-22)
(0.6016965748 0.02623419113 0)
(0.6571198955 0.01831923466 -6.009090103e-23)
(0.7015213598 0.01313600835 6.377999499e-23)
(0.7376042494 0.009542126235 -1.80015596e-23)
(0.766936841 0.006804463521 2.885973354e-23)
(0.7902106679 0.004464743836 2.315032642e-23)
(0.8074555005 0.002221319809 0)
(0.8182621351 -0.0001500750087 -2.873032457e-23)
(0.8216499713 -0.002723848313 0)
(0.8162394196 -0.005712668669 2.738149699e-23)
(0.7991333149 -0.009611382837 1.421690514e-23)
(0.7679986347 -0.01500255106 -5.799405172e-23)
(0.7106555757 -0.02502519955 -2.535661544e-22)
(0.6235183981 -0.0420428541 -6.91810258e-22)
(0.4230091021 -0.09182968084 0)
(0.2705674689 -0.1524021841 -2.119483863e-21)
)


// ************************************************************************* //
